0.0 0.0
0.1420054280521512 0.14152863964657775
0.2840108561043024 0.280208070441416
0.4260162841564536 0.4132464428849255
0.5680217122086048 0.5379654714418702
0.7100271402607559 0.6518543529205275
0.8520325683129072 0.7526203131514148
0.9940379963650583 0.8382347643761754
1.1360434244172095 0.9069741441209841
1.2780488524693605 0.9574546133994628
1.4200542805215117 0.9886599157120975
1.562059708573663 0.9999618359937792
1.7040651366258144 0.9911328476365462
1.8460705646779654 0.9623506929817518
1.9880759927301166 0.9141948050686689
2.1300814207822674 0.8476346426757326
2.272086848834419 0.764010173489601
2.4140922768865702 0.6650048983085732
2.556097704938721 0.5526119593483816
2.6981031329908727 0.4290940149469984
2.8401085610430234 0.2969376884579451
2.9821139890951747 0.15880350835225135
3.124119417147326 0.017472347318779315
3.2661248451994775 -0.12421056136637447
3.4081302732516288 -0.2633929031570225
3.5501357013037795 -0.39727270411187615
3.6921411293559308 -0.523154739328738
3.834146557408082 -0.6385047923415236
3.976151985460233 -0.7410006731474645
4.118157413512384 -0.8285789677860483
4.260162841564535 -0.8994765783222726
4.402168269616687 -0.9522662169646964
4.544173697668838 -0.9858851397621597
4.686179125720989 -0.9996565414216873
4.8281845537731405 -0.9933031805339982
4.970189981825291 -0.9669529609079948
5.112195409877442 -0.9211363566526002
5.254200837929593 -0.8567757328433718
5.396206265981745 -0.7751667767667737
5.538211694033897 -0.6779524135623074
5.680217122086047 -0.5670897313843571
5.822222550138199 -0.44481058193571227
5.964227978190349 -0.31357664955010695
6.1062334062425005 -0.17602989335846364
6.248238834294652 -0.0349393602211778
6.390244262346803 0.10685456082872338
6.532249690398955 0.2464973203799902
6.674255118451105 0.38117767550971526
6.8162605465032575 0.5081842848176786
6.958265974555408 0.624960292275491
7.100271402607559 0.7291548010261618
7.24227683065971 0.8186702008801457
7.3842822587118615 0.8917043967260371
7.526287686764013 0.9467870877271755
7.668293114816164 0.9828093669431001
7.810298542868314 0.9990460454858362
7.952303970920466 0.9951702517883123
8.094309398972618 0.9712600120771497
8.236314827024769 0.927796679573876
8.37832025507692 0.865655244047372
8.52032568312907 0.7860867168025175
8.662331111181222 0.6906929457247406
8.804336539233374 0.5813943673958869
8.946341967285525 0.4603913454853492
9.088347395337676 0.3301198737395218
9.230352823389826 0.1932025353426595
9.372358251441979 0.05239570591944426
9.514363679494128 -0.08946593692860934
9.656369107546281 -0.2295264804368953
9.798374535598432 -0.3649662709908482
9.940379963650582 -0.4930586784816245
10.082385391702735 -0.6112249879425993
10.224390819754884 -0.7170863134059912
10.366396247807037 -0.8085114888666748
10.508401675859186 -0.8836599722276899
10.650407103911338 -0.9410188984991571
10.79241253196349 -0.9794335363075032
10.93441796001564 -0.9981305345744349
11.076423388067793 -0.9967334913710141
11.218428816119943 -0.9752705315196893
11.360434244172094 -0.934173740394457
11.502439672224245 -0.8742704653176999
11.644445100276398 -0.7967666596711717
11.786450528328547 -0.7032226050321095
11.928455956380699 -0.5955215000885694
12.07046138443285 -0.4758315486918263
12.212466812485001 -0.34656231027688533
12.354472240537154 -0.21031619139035768
12.496477668589304 -0.06983605488259485
12.638483096641455 0.07204999852113463
12.780488524693606 0.2124855646307951
12.922493952745755 0.34864343999796704
13.06449938079791 0.4777825382623348
13.20650480885006 0.5973030728167447
13.34851023690221 0.7047988948713366
13.490515664954362 0.7981059332636375
13.632521093006515 0.8753457608400999
13.774526521058664 0.9349634103447135
13.916531949110816 0.9757586785174722
14.058537377162967 0.9969102881986627
14.200542805215118 0.9979924220153299
14.342548233267271 0.9789832947990659
14.48455366131942 0.9402655921579838
14.626559089371572 0.8826187663736804
14.768564517423723 0.8072033447197137
14.910569945475872 0.7155375661014448
15.052575373528025 0.6094668163608665
15.194580801580177 0.49112647756500555
15.336586229632328 0.36289893918398497
15.478591657684479 0.22736563659586184
15.620597085736629 0.08725508246354412
15.762602513788782 -0.054612062800686575
15.904607941840933 -0.19537977565934703
16.046613369893084 -0.3322141659929722
16.188618797945235 -0.4623605280604873
16.330624225997386 -0.5831987973452654
16.472629654049538 -0.69229629684755
16.61463508210169 -0.7874567109519238
16.75664051015384 -0.8667643009437461
16.89864593820599 -0.9286224720420658
17.04065136625814 -0.971785915529962
17.182656794310294 -0.9953856789073324
17.324662222362445 -0.9989466593618984
17.466667650414596 -0.9823971683855441
17.608673078466747 -0.9460703749841992
17.750678506518895 -0.8906975984270454
17.89268393457105 -0.8173935855632389
18.0346893626232 -0.7276340690984837
18.176694790675352 -0.6232260586209286
18.318700218727503 -0.5062714624679109
18.46070564677965 -0.3791247727863444
18.602711074831806 -0.24434566565743315
18.744716502883957 -0.10464747052475548
18.88672193093611 0.03715745367757089
19.028727358988256 0.17821433602638193
19.170732787040407 0.31568346493545996
19.312738215092562 0.4467973563117847
19.454743643144713 0.5689164676512436
19.596749071196864 0.6795823364556218
19.738754499249012 0.7765670732053807
19.880759927301163 0.8579182125117452
20.022765355353318 0.9219980195191426
20.16477078340547 0.9675164602542403
20.306776211457617 0.9935571721731495
20.448781639509768 0.9995959120761191
20.59078706756192 0.9855111100022704
20.732792495614074 0.9515863166367785
20.874797923666225 0.8985044949600832
21.016803351718373 0.8273342710577991
21.158808779770524 0.7395084208855812
21.300814207822675 0.6367950260864619
21.44281963587483 0.5212618795423922
21.58482506392698 0.3952348572359685
21.72683049197913 0.261251094466524
21.86883592003128 0.12200790906191596
22.01084134808343 -0.0196915001525833
22.152846776135586 -0.16099448644746445
22.294852204187734 -0.29905638375135535
22.436857632239885 -0.4310977745494193
22.578863060292036 -0.5544604442188222
22.720868488344188 -0.6666608953467861
22.862873916396342 -0.7654403446981938
23.00487934444849 -0.8488101963099541
23.14688477250064 -0.915092075262527
23.288890200552796 -0.9629516161815727
23.430895628604944 -0.9914253262506008
23.572901056657095 -0.9999399819370971
23.714906484709246 -0.9883241689434878
23.856911912761397 -0.9568117330644063
23.998917340813552 -0.9060370724786984
24.1409227688657 -0.8370223662502397
24.28292819691785 -0.7511569961492268
24.424933624970002 -0.6501695760672428
24.566939053022153 -0.5360931521208222
24.708944481074308 -0.4112242740238189
24.850949909126456 -0.27807676169049605
24.992955337178607 -0.13933109782508338
25.13496076523076 0.002219534690046713
25.27696619328291 0.14372548424982998
25.418971621335064 0.28233799879202753
25.560977049387212 0.4152665759534205
25.702982477439363 0.5398351405619325
25.84498790549151 0.6535359185174364
25.986993333543666 0.7540799224898178
26.12899876159582 0.8394430330724063
26.271004189647968 0.9079067476999845
26.41300961770012 0.9580927769872649
26.555015045752267 0.9889907920055137
26.69702047380442 0.9999787638981628
26.839025901856573 0.9908354863647941
26.981031329908724 0.9617450289149229
27.123036757960875 0.9132930312400932
27.26504218601303 0.8464549133048019
27.407047614065178 0.7625762385068968
27.54905304211733 0.6633456252299246
27.69105847016948 0.5507607521233697
27.83306389822163 0.42708814148143515
27.975069326273786 0.2948175303484263
28.117074754325934 0.15661174793691585
28.259080182378085 0.015253108410244689
28.401085610430236 -0.1264126017673388
28.543091038482387 -0.2655334142844463
28.685096466534542 -0.39930859388725004
28.82710189458669 -0.525045021876803
28.96910732263884 -0.6402114131046915
29.11111275069099 -0.7424892749878627
29.253118178743144 -0.8298195826523315
29.3951236067953 -0.9004442305567402
29.537129034847446 -0.9529414261051655
29.679134462899597 -0.9862543127163468
29.821139890951745 -0.9997122461189416
29.9631453190039 -0.9930442955453508
30.10515074705605 -0.9663846980224025
30.247156175108202 -0.9202701559548953
30.389161603160353 -0.8556290324061694
30.5311670312125 -0.7737626615928305
30.673172459264656 -0.6763191508446929
30.815177887316807 -0.565260201440469
30.957183315368958 -0.4428216162713424
31.09918874342111 -0.31146828937946236
31.241194171473257 -0.17384458350738638
31.383199599525412 -0.032721094641606135
31.525205027577563 0.10906112473076121
31.66721045562971 0.248647760772857
31.809215883681865 0.38322870042214224
31.951221311734013 0.510094603678716
32.09322673978617 0.626691447162975
32.23523216783832 0.7306719408891531
32.37723759589047 0.8199427831490433
32.51924302394262 0.8927068021857184
32.66124845199477 0.9474991362747589
32.803253880046924 0.9832167238472569
32.945259308099075 0.999140509968971
33.087264736151226 0.9949499221219679
33.22927016420338 0.9707293238669902
33.37127559225553 0.9269663164635064
33.51328102030768 0.8645419226386769
33.65528644835983 0.7847128501224307
33.79729187641198 0.6890861920134326
33.939297304464134 0.5795870733000017
34.08130273251628 0.45841989486577495
34.223308160568436 0.328023955203231
34.36531358862059 0.19102434324453108
34.50731901667274 0.05017909091912393
34.64932444472489 -0.09167635065402864
34.791329872777034 -0.23168619355236963
34.93333530082919 -0.3670318048496598
35.07534072888134 -0.4949884504234047
35.217346156933495 -0.6129801484220369
35.359351584985646 -0.7186315280993314
35.50135701303779 -0.8098156500108952
35.64336244108995 -0.8846968248719618
35.7853678691421 -0.9417675690610018
35.92737329719425 -0.9798789527930316
36.0693787252464 -0.9982637300028554
36.211384153298546 -0.9965517842949917
36.353389581350704 -0.9747775800073756
36.495395009402856 -0.9333794683864476
36.63740043745501 -0.8731908628414663
36.77940586550716 -0.7954234609349946
36.9214112935593 -0.7016428508790207
37.06341672161146 -0.5937369936188215
37.20542214966361 -0.47387821501317834
37.347427577715756 -0.3444794732719271
37.489433005767914 -0.20814578206078932
37.63143843382006 -0.06762176720788655
37.77344386187222 0.07426358721686606
37.91544928992437 0.2146538910950324
38.05745471797651 0.35072285218281735
38.19946014602867 0.47973117411346683
38.341465574080814 0.5990817030267136
38.48347100213297 0.7063717126313616
38.625476430185124 0.7994412751146759
38.76748185823727 0.8764167441113917
38.909487286289426 0.9357484743470369
39.05149271434157 0.9762420185959458
39.19349814239373 0.9970821739069756
39.33550357044588 0.9978493930059295
39.477508998498024 0.9785282304857649
39.61951442655018 0.9395076537485227
39.76151985460233 0.8815732124392677
39.903525282654485 0.805891224014378
40.045530710706636 0.7139852938153401
40.18753613875878 0.6077056423381945
40.32954156681094 0.48919185719222097
40.47154699486308 0.360829819613455
40.613552422915234 0.22520367267433347
40.75555785096739 0.08504379815024203
40.897563279019536 -0.056828150644317316
41.039568707071695 -0.19755605346877395
41.18157413512384 -0.334306821646381
41.32357956317599 -0.4643274328903146
41.46558499122815 -0.5850003542589027
41.60759041928029 -0.6938962374832036
41.74959584733245 -0.7888228258215968
41.891601275384595 -0.8678690878642046
42.033606703436746 -0.9294436897999392
42.175612131488904 -0.9723070316346503
42.31761755954105 -0.9955962024177606
42.45962298759321 -0.9988423520867675
42.60162841564535 -0.9819801302052207
42.7436338436975 -0.9453490015766025
42.88563927174966 -0.8896864122485688
43.027644699801805 -0.8161129434873676
43.16965012785396 -0.7261097525977608
43.31165555590611 -0.6214887547427171
43.45366098395826 -0.5043561460526363
43.59566641201042 -0.37707000236531546
43.73767184006256 -0.24219280720498043
43.87967726811471 -0.10243986469174077
44.02168269616686 0.03937536408369687
44.163688124219014 0.180397900749835
44.30569355227117 0.3177887251566437
44.44769898032332 0.44878192961202584
44.58970440837547 0.5707404012419994
44.73170983642762 0.6812089114950752
44.87371526447977 0.777963544010314
45.01572069253193 0.8590564657830522
45.15772612058407 0.922855140309676
45.299731548636224 0.9680751932851481
45.441736976688375 0.9938062692115559
45.583742404740526 0.9995303583809181
45.725747832792685 0.9851322252792751
45.867753260844836 0.9509017284708327
46.00975868889698 0.897527985258986
46.15176411694913 0.8260854985993821
46.29376954500128 0.7380125255535557
46.43577497305344 0.6350821227623893
46.57778040110559 0.5193664518426375
46.719785829157736 0.3931950632986585
46.86179125720989 0.259107998764228
47.00379668526204 0.11980465570497674
47.14580211331419 -0.021910555979357257
47.28780754136635 -0.16318467142905055
47.42981296941849 -0.30117360579124897
47.57181839747064 -0.4330994104174973
47.713823825522795 -0.5563061976284283
47.855829253574946 -0.668313608186559
47.997834681627104 -0.7668667450871638
48.13984010967925 -0.8499815684162927
48.2818455377314 -0.9159848374014098
48.42385096578355 -0.9635477955540307
48.5658563938357 -0.9917129207661087
48.70786182188786 -0.9999132018357768
48.849867249940004 -0.9879835533536877
48.991872677992156 -0.9561641391491422
49.13387810604431 -0.9050955373894654
49.27588353409646 -0.8358058446672828
49.417888962148616 -0.7496899786920468
49.55989439020076 -0.6484815962573686
49.70189981825291 -0.5342181918224701
49.84390524630506 -0.40920007933200214
49.985910674357214 -0.27594408303881635
50.12791610240937 -0.13713286961117865
50.26992153046152 0.004439058445910218
50.41192695851367 0.14592162081243593
50.55393238656582 0.28446653624956847
50.69593781461797 0.4172846632774439
50.83794324267013 0.5417021502703883
50.979948670722266 0.6552142645740074
51.121954098774424 0.7555358169739036
51.263959526826575 0.8406471663865835
51.405964954878726 0.908834878621378
51.547970382930885 0.9587262206840034
51.68997581098302 0.9893167961937273
51.83198123903518 0.999990765566855
51.97398666708733 0.9905332439002476
52.11599209513948 0.9611346269647925
52.25799752319164 0.9123867582192425
52.40000295124378 0.8452710140089215
52.542008379295936 0.7611385468141316
52.68401380734809 0.6616830842849848
52.82601923540024 0.5489068316634657
52.9680246634524 0.4250801640343396
53.110030091504534 0.29269591986743876
53.25203551955669 0.15441921599881472
53.39404094760884 0.013033794359708173
53.536046375660995 -0.12861401941680722
53.678051803713146 -0.26767261730390796
53.82005723176529 -0.4013425165325889
53.96206265981745 -0.5269327178744126
54.1040680878696 -0.6419148799685692
54.24607351592175 -0.7439742190734215
54.3880789439739 -0.8310561095449562
54.53008437202606 -0.9014074468964992
54.672089800078204 -0.9536119407318764
54.814095228130356 -0.9866186270461593
54.95610065618251 -0.9997630258934622
55.09810608423466 -0.9927805184825632
55.240111512286816 -0.9658116743969183
55.38211694033896 -0.919399421693228
55.52412236839111 -0.8544781168491773
55.66612779644326 -0.7723547346006949
55.808133224495414 -0.6746825563487853
55.95013865254757 -0.5634278868324618
56.09214408059972 -0.44083046911699614
56.23414950865187 -0.30935839481003097
56.37615493670402 -0.17165841723872488
56.51816036475617 -0.030502667866788808
56.66016579280833 0.1112671513605896
56.80217122086047 0.25079697624224356
56.944176648912624 0.38527783741957367
57.086182076964775 0.5120024096401518
57.228187505016926 0.6284195147551209
57.370192933069085 0.7321854812135141
57.51219836112122 0.8212113261007533
57.65420378917338 0.8937048098678965
57.79620921722553 0.9482065171191553
57.93821464527768 0.9836192370912357
58.08022007332984 0.9992300523459389
58.22222550138198 0.994724690993719
58.364230929434136 0.9701938535138351
58.50623635748629 0.9261313868016089
58.64824178553844 0.8634243422022615
58.7902472135906 0.7833351176797984
58.932252641642734 0.6874760436290479
59.07425806969489 0.577776923960957
59.21626349774704 0.45644618591378383
59.358268925799194 0.3259264207093096
59.50027435385135 0.18884521009547733
59.64227978190349 0.04796222871953429
59.78428520995565 -0.09388631275054292
59.9262906380078 -0.23384476530282206
60.06829606605995 -0.36909553058489536
60.2103014941121 -0.4969157838836268
60.352306922164246 -0.6147322891526547
60.494312350216404 -0.7201732025692061
60.636317778268555 -0.8111158217276444
60.77832320632071 -0.8857293191986035
60.92032863437286 -0.9425116001553095
61.062334062425 -0.9803195420613766
61.20433949047716 -0.9983920076444252
61.34634491852931 -0.9963651678657447
61.48835034658146 -0.9742798264089793
61.630355774633614 -0.9325805982335422
61.77236120268576 -0.872106958729894
61.914366630737916 -0.7940763436721613
62.05637205879007 -0.7000596401944665
62.19837748684222 -0.5919495621985926
62.34038291489437 -0.471922546849182
62.482388342946514 -0.3423949392438512
62.62439377099867 -0.20597434733426667
62.766399199050824 -0.06540714640533016
62.908404627102975 0.07647681006489086
63.050410055155126 0.21682116010115038
63.19241548320727 0.3528005365875458
63.33442091125942 0.4816774466455712
63.47642633931158 0.60085738195635
63.61843176736373 0.7079410505639441
63.76043719541588 0.8007726786459348
63.902442623468026 0.8774834098555533
64.04444805152018 0.9365289285339295
64.18645347957234 0.9767205493740158
64.3284589076245 0.9972491476491856
64.47046433567664 0.9977014482508436
64.61246976372878 0.9780683456093988
64.75447519178094 0.9387450870046391
64.89648061983308 0.8805233155752028
65.03848604788524 0.804575133214624
65.1804914759374 0.7124295041947023
65.32249690398955 0.605941474550713
65.46450233204169 0.4872548268938815
65.60650776009385 0.3587589224724306
65.74851318814599 0.22304059932287154
65.89051861619815 0.08283209488225453
66.0325240442503 -0.05904395853314248
66.17452947230245 -0.19973135804984818
66.3165349003546 -0.3363978303906225
66.45854032840676 -0.4662920502852028
66.60054575645891 -0.5867990292617178
66.74255118451106 -0.695492759749861
66.8845566125632 -0.7901850546815808
67.02656204061536 -0.8689695993661992
67.1685674686675 -0.9302603288019012
67.31057289671966 -0.9728233578240156
67.4525783247718 -0.9958018212824872
67.59458375282397 -0.9987331241742967
67.73658918087611 -0.9815582544565999
67.87859460892827 -0.9446229710581112
68.02060003698043 -0.8886708431720584
68.16260546503256 -0.8148282809614092
68.30461089308471 -0.7245818590333032
68.44661632113687 -0.6197483891993941
68.58862174918902 -0.5024383450073472
68.73062717724117 -0.3750133743691418
68.87263260529332 -0.24003875562833596
69.01463803334548 -0.10023175420508092
69.15664346139762 0.041593080513383195
69.29864888944978 0.18258057677184522
69.44065431750194 0.3198924198424214
69.58265974555407 0.45076429205975466
69.72466517360623 0.5725615231713144
69.86667060165838 0.6828321306676179
70.00867602971053 0.7793561823020826
70.15068145776269 0.8601904870498617
70.29268688581483 0.923707714801735
70.43469231386699 0.9686291572482132
70.57669774191913 0.9940504704220803
70.71870316997129 0.9994598806590237
70.86070859802345 0.98474848745969
