0.0 0.0
0.1381220638732816 0.1376833072853182
0.2762441277465632 0.2727441063821201
0.4143661916198449 0.40260984104838504
0.5524882554931264 0.5248069074806815
0.690610319366408 0.6370077700201859
0.8287323832396898 0.7370752946412124
0.9668544471129713 0.823103455784835
1.1049765109862528 0.8934536411785103
1.2430985748595345 0.9467858631294949
1.381220638732816 0.9820842817982619
1.5193427026060977 0.998676554300073
1.6574647664793796 0.9962466410847456
1.795586830352661 0.9748408256664562
1.9337088942259426 0.9348668330434139
2.0718309580992242 0.8770860635992132
2.2099530219725056 0.8025990904098058
2.3480750858457875 0.7128246961945969
2.486197149719069 0.6094728492031193
2.6243192135923508 0.49451213277621076
2.762441277465632 0.3701322489636819
2.900563341338914 0.2387023104068278
3.0386854052121954 0.10272571491673807
3.1768074690854773 -0.035207537729924195
3.314929532958759 -0.17247017853688912
3.45305159683204 -0.3064477119157569
3.591173660705322 -0.4345882150133459
3.729295724578604 -0.5544509451914961
3.867417788451885 -0.6637528298135315
4.0055398523251675 -0.7604119528280937
4.1436619161984485 -0.8425872098442534
4.28178398007173 -0.9087133763720762
4.419906043945011 -0.9575309212700335
4.558028107818293 -0.9881099975307986
4.696150171691575 -0.9998681534434685
4.834272235564856 -0.9925814267807345
4.972394299438138 -0.9663886106956465
5.11051636331142 -0.9217886100737557
5.2486384271847015 -0.8596309386952353
5.386760491057983 -0.7810995382112799
5.524882554931264 -0.6876902271411096
5.663004618804547 -0.5811822094274169
5.801126682677828 -0.46360418523803204
5.939248746551109 -0.33719570951469574
6.077370810424391 -0.2043645342879081
6.215492874297673 -0.06764074727557026
6.353614938170955 0.0703714196944043
6.4917370020442355 0.2070431945135441
6.629859065917518 0.33977133605067017
6.767981129790799 0.46602771911115165
6.90610319366408 0.5834074886333493
7.044225257537363 0.6896748659102625
7.182347321410644 0.7828057343472506
7.320469385283927 0.8610261936081374
7.458591449157208 0.9228463477936588
7.596713513030489 0.9670886840755479
7.73483557690377 0.9929105012472024
7.872957640777052 0.999819960985515
8.011079704650335 0.9876854560891534
8.149201768523616 0.9567381172527664
8.287323832396897 0.9075674106295964
8.42544589627018 0.8411099100374634
8.56356796014346 0.758631457668335
8.701690024016742 0.6617030530934654
8.839812087890023 0.5521709298157342
8.977934151763305 0.43212138933286726
9.116056215636586 0.3038410625310032
9.254178279509867 0.16977335532547272
9.39230034338315 0.03247190814585427
9.530422407256431 -0.10544804425918369
9.668544471129712 -0.2413594862283148
9.806666535002995 -0.37267365898965504
9.944788598876276 -0.4968893697688205
10.082910662749558 -0.6116406329929542
10.22103272662284 -0.7147417361499021
10.35915479049612 -0.8042288719154135
10.497276854369403 -0.8783975435648024
10.635398918242684 -0.9358350311934756
10.773520982115967 -0.975447300349445
10.911643045989248 -0.9964798405384785
11.049765109862529 -0.9985320366826956
11.18788717373581 -0.9815647997937594
11.326009237609094 -0.9459013115162347
11.464131301482375 -0.8922208683595034
11.602253365355656 -0.8215459428695652
11.740375429228937 -0.7352227081916946
11.878497493102218 -0.6348953969802745
12.0166195569755 -0.5224749830517483
12.154741620848782 -0.4001027823135947
12.292863684722064 -0.2701096662767448
12.430985748595345 -0.13497166502777558
12.569107812468626 0.002737194691491051
12.70722987634191 0.1403939179852658
12.84535194021519 0.2753765030207875
12.983474004088471 0.4051138833300715
13.121596067961752 0.5271348999256839
13.259718131835037 0.6391153704393906
13.397840195708318 0.7389223587392295
13.535962259581598 0.8246548018042156
13.67408432345488 0.8946797200205344
13.81220638732816 0.9476633211874955
13.950328451201445 0.9825964057829707
14.088450515074726 0.9988135895842223
14.226572578948007 0.996005977503299
14.364694642821288 0.9742270472334491
14.502816706694569 0.9338916306384326
14.640938770567853 0.8757680122866046
14.779060834441134 0.8009632956321143
14.917182898314415 0.7109023155793075
15.055304962187696 0.6073004990910537
15.193427026060977 0.4921311907756614
15.33154908993426 0.3675880658148052
15.46967115380754 0.23604334616823822
15.607793217680824 0.10000261592767506
15.745915281554105 -0.037942903530361366
15.884037345427386 -0.17516570955881514
16.02215940930067 -0.30905206531800833
16.16028147317395 -0.43705178465078665
16.298403537047232 -0.5567268064828236
16.43652560092051 -0.6657976335322457
16.574647664793794 -0.7621867507923007
16.712769728667077 -0.844058196778021
16.85089179254036 -0.9098525338078416
16.98901385641364 -0.9583165512273926
17.12713592028692 -0.9885271358064882
17.2652579841602 -0.9999088546404367
17.403380048033483 -0.9922449156472501
17.541502111906766 -0.9656812968918238
17.679624175780045 -0.920723966084234
17.817746239653328 -0.8582292432134546
17.95586830352661 -0.7793874898832213
18.093990367399893 -0.6857004360256678
18.232112431273173 -0.5789525758597676
18.370234495146455 -0.4611771779270061
18.508356559019735 -0.33461755662456877
18.646478622893017 -0.20168434291233273
18.7846006867663 -0.06490956807542778
18.922722750639583 0.07310156487305357
19.060844814512862 0.20972030352005186
19.198966878386145 0.34234441693525475
19.337088942259424 0.46844776138864375
19.47521100613271 0.5856283968052198
19.61333307000599 0.6916543374637196
19.751455133879272 0.7845060655078885
19.88957719775255 0.8624149974985609
20.027699261625834 0.9238971713191081
20.165821325499117 0.9677815117864048
20.3039433893724 0.9932321365811467
20.44206545324568 0.9997642776276459
20.58018751711896 0.9872535146623229
20.71830958099224 0.9559381451154771
20.856431644865523 0.9064146451662624
20.994553708738806 0.8396263084259495
21.13267577261209 0.7568452786529384
21.270797836485368 0.659648318729486
21.40891990035865 0.5498867774379778
21.547041964231934 0.42965132609142165
21.685164028105213 0.3012321366934095
21.823286091978495 0.16707526012983476
21.961408155851775 0.02973603527417176
22.099530219725057 -0.10816958355864494
22.23765228359834 -0.24401485372447987
22.37577434747162 -0.37521227685184705
22.513896411344902 -0.4992628839426396
22.65201847521819 -0.613803834218985
22.790140539091464 -0.7166534210822817
22.92826260296475 -0.805852627938213
23.066384666838026 -0.8797024423574367
23.204506730711312 -0.9367962178346364
23.342628794584595 -0.9760464667385561
23.480750858457874 -0.9967055741173093
23.618872922331157 -0.9983800378148521
23.756994986204436 -0.9810379636615512
23.89511705007772 -0.9450096729749976
24.033239113951 -0.8909814107997557
24.17136117782428 -0.8199822747276819
24.309483241697563 -0.7333646132707148
24.447605305570843 -0.6327782671460802
24.58572736944413 -0.520139144110243
24.72384943331741 -0.3975927259092056
24.86197149719069 -0.26747320244254436
25.000093561063974 -0.1322590115289348
25.138215624937253 0.005474368875238425
25.276337688810536 0.14310347681904695
25.41445975268382 0.27800683647017826
25.552581816557097 0.4076148903977468
25.69070388043038 0.5294589429448604
25.82882594430366 0.6412181824472156
25.966948008176942 0.7407638866470798
26.10507007205023 0.826199969304638
26.243192135923504 0.8958990956994877
26.38131419979679 0.9485336791161045
26.519436263670073 0.983101167910925
26.657558327543352 0.9989431415084409
26.795680391416635 0.99575785159725
26.933802455289914 0.9736059696490043
27.071924519163197 0.9329094312849899
27.21004658303648 0.8744433995021472
27.34816864690976 0.7993214998381247
27.48629071078304 0.7089746087069894
27.62441277465632 0.6051235989325469
27.762534838529604 0.48974656160578234
27.90065690240289 0.36504112860467675
28.03877896627617 0.2333826134341673
28.176901030149452 0.09727876769413163
28.31502309402273 -0.04067798505312373
28.453145157896014 -0.17785992819566349
28.591267221769296 -0.31165410322528697
28.729389285642576 -0.439512079787512
28.86751134951586 -0.5589984966383947
29.005633413389138 -0.6678374489294312
29.14375547726242 -0.763955838263729
29.281877541135707 -0.8455228598177669
29.419999605008982 -0.9109848744020383
29.55812166888227 -0.9590950012387095
29.696243732755544 -0.9889368677909175
29.83436579662883 -0.999942064271476
29.972487860502113 -0.9919009703679745
30.110609924375392 -0.9649667479634515
30.248731988248675 -0.919652423801669
30.386854052121954 -0.8568211176646454
30.524976115995237 -0.7776696021901677
30.66309817986852 -0.6837055074719502
30.8012202437418 -0.5767186046353684
30.93934230761508 -0.4587467153618172
31.07746437148836 -0.33203689669644965
31.215586435361647 -0.1990026404674752
31.35370849923493 -0.06217790255664828
31.49183056310821 0.07583116235658846
31.629952626981492 0.21239584124986807
31.76807469085477 0.34491493289028796
31.906196754728054 0.4708642939389565
32.04431881860134 0.5878449173034298
32.182440882474616 0.6936286269707881
32.3205629463479 0.7862005189538874
32.45868501022118 0.8637973399612461
32.596807074094464 0.9249410727770739
32.73492913796775 0.9684670886373795
32.87305120184102 0.9935463303727944
33.011173265714305 0.999701103787055
33.14929532958759 0.9868141764865194
33.28741739346087 0.9551310108517537
33.42553945733415 0.9052550886188779
33.56366152120743 0.8381364161252254
33.70178358508072 0.7550534291644002
33.839905648953994 0.6575886421161737
33.97802771282728 0.5475985051716674
34.11614977670056 0.42717804379533997
34.25427184057384 0.2986209539496939
34.392393904447125 0.1643759131647757
34.5305159683204 0.026999939612712503
34.668638032193684 -0.1108903124246722
34.80676009606697 -0.24666839300064516
34.94488215994025 -0.3777480835303083
35.08300422381353 -0.5016326575147124
35.22112628768681 -0.6159624366739592
35.35924835156009 -0.7185597366689194
35.49737041543338 -0.8074703463126176
35.635492479306656 -0.8810007502004952
35.77361454317994 -0.9377503857654461
35.91173660705322 -0.9766383203446853
36.049858670926504 -0.9969238401299862
36.18798073479979 -0.9982205588353555
36.32610279867306 -0.9805037773488245
36.464224862546345 -0.9441109541861599
36.60234692641963 -0.8897352777855909
36.74046899029291 -0.8184124630745714
36.87859105416619 -0.7315010237995795
37.01671311803947 -0.6306563963796639
37.15483518191276 -0.5177994081568512
37.292957245786035 -0.39507969064119436
37.43107930965932 -0.2648347346325605
37.5692013735326 -0.12954536711267367
37.70732343740588 0.008211502043655646
37.845445501279166 0.14581196348597736
37.98356756515244 0.2806350870231735
38.121689629025724 0.4101128435132435
38.25981169289901 0.5317790191258989
38.39793375677229 0.6433161902888801
38.53605582064557 0.7425998645675836
38.67417788451885 0.8277389467093156
38.81229994839213 0.8971117590795058
38.95042201226542 0.9493969303943824
39.088544076138696 0.9835985644003203
39.22666614001198 0.9990652091020938
39.36478820388526 0.9955022652256199
39.502910267758544 0.9729775975663886
39.64103233163183 0.9319202423419678
39.7791543955051 0.8731122351701699
39.917276459378385 0.797673715328576
40.05539852325167 0.7070415900205009
40.19352058712495 0.6029421650374703
40.33164265099823 0.4873582631328055
40.46976471487151 0.36249145641559594
40.6078867787448 0.23072013213948625
40.746008842618075 0.09455419062386174
40.88413090649136 -0.04341276180630088
41.02225297036464 -0.18055281426167424
41.16037503423792 -0.3142538061424808
41.298497098111206 -0.44196908199038265
41.43661916198448 -0.5612659986381404
41.574741225857764 -0.6698722607222828
41.71286328973105 -0.7657192019879353
41.85098535360433 -0.8469811879898665
41.98910741747761 -0.9121103896708945
42.12722948135089 -0.9598662654716392
42.26535154522418 -0.989339190414275
42.40347360909746 -0.9999677820877717
42.541595672970736 -0.9915495935198324
42.67971773684402 -0.9642449692641076
42.8178398007173 -0.9185739912543252
42.955961864590584 -0.855406572598833
43.09408392846387 -0.7759458880029583
43.23220599233714 -0.6817054564264587
43.370328056210425 -0.5744803124916885
43.50845012008371 -0.4563128157520949
43.64657218395699 -0.3294537490652822
43.784694247830274 -0.1963194470453244
43.92281631170355 -0.05944577118556283
44.06093837557684 0.07856019169419076
44.199060439450115 0.21506978765718793
44.3371825033234 0.3474828646568248
44.47530456719668 0.473277298656819
44.61342663106996 0.5900570335212504
44.75154869494324 0.6955977196395973
44.88967075881652 0.7878890819899795
45.027792822689804 0.8651732106393332
45.16591488656309 0.925978044346383
45.30403695043638 0.9691454094919595
45.442159014309645 0.993853080268128
45.58028107818293 0.9996304399370564
45.71840314205622 0.9863674448533732
45.8565252059295 0.9543167205088483
45.99464726980278 0.9040887496751308
46.13276933367605 0.8366402442979328
46.27089139754934 0.7532559226277087
46.409013461422624 0.6555240386851359
46.54713552529591 0.545306130161104
46.68525758916919 0.4247015609750637
46.823379653042466 0.29600753386349754
46.96150171691575 0.16167533465448344
47.09962378078903 0.02426364166098419
47.237745844662314 -0.11361021047289141
47.3758679085356 -0.2493200841758393
47.51398997240887 -0.3802810600261327
47.652112036282155 -0.5039986727300965
47.79023410015544 -0.6181164241851071
47.92835616402872 -0.7204606686272257
48.066478227902 -0.8090820149182747
48.20460029177528 -0.8822924573667257
48.34272235564856 -0.9386975278370402
48.480844419521844 -0.9772228567335179
48.61896648339513 -0.9971346369412052
48.75708854726842 -0.9980536009390624
48.895210611141685 -0.9799622448578371
49.03333267501497 -0.9432051618831478
49.17145473888826 -0.888482478653346
49.30957680276154 -0.8168365196716563
49.44769886663482 -0.7296319537407674
49.5858209305081 -0.6285298005786077
49.72394299438138 -0.5154557927214647
49.862065058254665 -0.3925636953378336
50.00018712212795 -0.2621942826148471
50.13830918600123 -0.1268307521102861
50.276431249874506 0.010948573689449327
50.41455331374779 0.14851935769339042
50.55267537762107 0.2832612349882781
50.690797441494354 0.41260772396127865
50.82891950536764 0.5340951110862158
50.96704156924091 0.6454093782455763
51.105163633114195 0.744430278745129
51.24328569698748 0.8292717224878584
51.38140776086076 0.8983177010750137
51.51952982473404 0.9502530685546338
51.65765188860732 0.9840885915245395
51.7957739524806 0.99917979145062
51.933896016353884 0.9952392203033257
52.07201808022717 0.9723419356935246
52.21014014410046 0.9309240712206165
52.348262207973725 0.8717745292640855
52.48638427184701 0.7960199544490829
52.6245063357203 0.7051032740024967
52.76262839959358 0.6007562137496738
52.90075046346686 0.4849663132504604
53.038872527340146 0.35993906835031464
53.17699459121342 0.22805592223217608
53.315116655086705 0.09182890513006235
53.45323871895999 -0.04614721330026849
53.59136078283327 -0.18324434758108024
53.72948284670655 -0.31685115459197205
53.86760491057983 -0.44442277285091714
54.00572697445311 -0.56352929549338
54.143849038326394 -0.6719020536654872
54.28197110219968 -0.767476828753362
54.42009316607296 -0.84843317036817
54.558215229946235 -0.9132290711817639
54.69633729381952 -0.9606303381476843
54.8344593576928 -0.9897341006622562
54.97258142156608 -0.9999860078966393
55.11070348543937 -0.9911907877354237
55.24882554931264 -0.9635159662015387
55.386947613185924 -0.9174886765220875
55.52506967705921 -0.8539856186141465
55.6631917409325 -0.7742163602360908
55.80131380480578 -0.6797002978740604
55.93943586867905 -0.5722377161985724
56.07755793255234 -0.45387549733321747
56.21567999642562 -0.3268681330846545
56.353802060298904 -0.1936347827490261
56.491924124172186 -0.05671319443195107
56.63004618804546 0.08128863243928305
56.768168251918745 0.21774212270815355
56.90629031579203 0.35004819299528495
57.04441237966531 0.4756867574634058
57.18253444353859 0.592264728884968
57.32065650741187 0.6975616007172225
57.45877857128515 0.7895717419650371
57.596900635158434 0.8665425992244636
57.73502269903172 0.9270080782577914
57.873144762905 0.9698164692679941
58.011266826778275 0.994152383968902
58.14938889065156 0.999552286607081
58.28751095452484 0.9859133231099109
58.42563301839812 0.9534952801876291
58.56375508227141 0.9029156370735222
58.70187714614468 0.8351378041537594
58.839999210017965 0.7514527725102254
58.97812127389125 0.6534545239049028
59.11624333776454 0.5430096695813343
59.25436540163782 0.4222218961850215
59.39248746551109 0.293391896015207
59.53060952938438 0.15897354483235007
59.66873159325766 0.021527161920015452
59.806853657130944 -0.11632925732514611
59.944975721004226 -0.25196990738292885
60.0830977848775 -0.3828111873616432
60.221219848750785 -0.5063609118620294
60.35934191262407 -0.6202657806142099
60.49746397649735 -0.722356202714943
60.63558604037063 -0.8106876216801705
60.77370810424391 -0.8835775541783436
60.91183016811719 -0.9396376369531986
61.049952231990474 -0.977800071525564
61.18807429586376 -0.997337962971625
61.32619635973704 -0.9978791653768632
61.464318423610315 -0.9794133702458828
61.6024404874836 -0.9422923028523793
61.74056255135688 -0.8872230227893085
61.87868461523016 -0.8152544563263007
62.01680667910345 -0.7277574170978162
62.15492874297672 -0.6263984956759052
62.293050806850005 -0.5131083153630271
62.431172870723294 -0.39004475884959255
62.56929493459658 -0.2595518661723311
62.70741699846986 -0.12411518686034666
62.84553906234313 0.013685563305804784
62.98366112621642 0.1512256391568292
63.1217831900897 0.2858852606897312
63.259905253962984 0.41509951304958387
63.39802731783627 0.5364072014730707
63.53614938170954 0.6474977306346302
63.674271445582825 0.7462551154658073
63.81239350945611 0.8307982851563231
63.95051557332939 0.8995169126507925
64.08863763720268 0.9511020871824649
64.22675970107595 0.9845712456121787
64.36488176494923 0.9992868876955403
64.50300382882251 0.9949687188011642
64.6411258926958 0.9716989887929457
64.77924795656908 0.9299209253845007
64.91737002044236 0.8704302918063123
65.05549208431565 0.7943602295900227
65.19361414818893 0.7031596751753251
65.33173621206221 0.598565761446848
65.4698582759355 0.48257072987983074
65.60798033980876 0.35738398353199574
65.74610240368204 0.22539000367315337
65.88422446755533 0.08910293163126463
66.02234653142861 -0.048881319047824945
66.1604685953019 -0.18593450798823366
66.29859065917518 -0.3194461291137698
66.43671272304846 -0.4468731339854659
66.57483478692174 -0.5657883702469246
66.71295685079502 -0.6739268125513277
66.8510789146683 -0.7692287053914297
66.98920097854158 -0.8498787960740527
67.12732304241486 -0.914340910553209
67.26544510628814 -0.961387213542217
67.40356717016144 -0.990121595576099
67.54168923403472 -0.9999967415615267
67.67981129790799 -0.9908245557030154
67.81793336178127 -0.9627797442376143
67.95605542565455 -0.9163964877363998
68.09417748952784 -0.8525582663567193
68.23229955340112 -0.7724810318476222
68.3704216172744 -0.6776900468379229
68.50854368114769 -0.5699908325580949
68.64666574502097 -0.451434778366184
68.78478780889425 -0.3242800681266448
68.92290987276753 -0.19094866769275667
