0.0 0.0
0.11297770896335205 0.11273752175735113
0.2259554179267041 0.22403759592644587
0.33893312689005617 0.332481102939165
0.4519108358534082 0.43668534557822347
0.5648885448167602 0.5353216789086191
0.6778662537801123 0.6271324510212974
0.7908439627434644 0.7109470385879099
0.9038216717068164 0.78569677276706
1.0167993806701685 0.8504285651508806
1.1297770896335204 0.9043170600157829
1.2427547985968725 0.9466751579314191
1.3557325075602247 0.9769627765477172
1.4687102165235766 0.9947937368565232
1.5816879254869287 0.9999406871253114
1.6946656344502806 0.9923380017208814
1.8076433434136328 0.972082617861903
1.9206210523769849 0.9394327996313845
2.033598761340337 0.8948048450083917
2.146576470303689 0.8387677779056529
2.259554179267041 0.7720360928916504
2.372531888230393 0.6954606451048364
2.485509597193745 0.6100178015171389
2.5984873061570974 0.516796991872394
2.7114650151204494 0.4169868180301285
2.8244427240838013 0.31185989882599296
2.937420433047153 0.2027566436828241
3.0503981420105055 0.09106816186514852
3.1633758509738574 -0.021781474709163504
3.27635355993721 -0.1343533889439984
3.3893312689005612 -0.245212244811918
3.5023089778639136 -0.35294454845107404
3.6152866868272655 -0.456176670765939
3.728264395790618 -0.5535923617366536
3.8412421047539698 -0.6439495331226616
3.9542198137173212 -0.7260960955745976
4.067197522680674 -0.7989846482250371
4.180175231644026 -0.8616858334600656
4.293152940607378 -0.9134001865931092
4.40613064957073 -0.953468329353025
4.519108358534082 -0.9813793772154914
4.6320860674974345 -0.9967774533809286
4.745063776460786 -0.9994662263431725
4.858041485424137 -0.9894114131931288
4.97101919438749 -0.9667412167392996
5.083996903350842 -0.931744690871729
5.196974612314195 -0.884868055011613
5.309952321277546 -0.8267090046387925
5.422930030240899 -0.7580090904401225
5.535907739204251 -0.6796442632475808
5.6488854481676025 -0.5926137053218387
5.761863157130954 -0.4980270903868248
5.874840866094306 -0.3970904348548238
5.987818575057659 -0.2910907206445384
6.100796284021011 -0.18137948565721462
6.213773992984362 -0.06935559113868163
6.326751701947715 0.043552614349797736
6.439729410911067 0.1559055069354955
6.55270711987442 0.2662705432028455
6.665684828837771 0.37324052568344784
6.7786625378011225 0.4754515451753313
6.891640246764475 0.5716003711198352
7.004617955727827 0.6604610683020162
7.117595664691179 0.7409006280051301
7.230573373654531 0.8118934143158337
7.343551082617883 0.872534241384064
7.456528791581236 0.9220499148974015
7.569506500544587 0.9598090906115939
7.6824842095079395 0.9853303242371209
7.795461918471291 0.9982882100425754
7.9084396274346425 0.9985175299052815
8.021417336397995 0.9860153599071109
8.134395045361348 0.9609411076155858
8.247372754324699 0.9236144795749164
8.360350463288052 0.874511404922255
8.473328172251403 0.8142579671046687
8.586305881214756 0.7436224210697978
8.699283590178107 0.6635053977141757
8.81226129914146 0.574928420486299
8.925239008104812 0.47902088056229664
9.038216717068163 0.377005636665782
9.151194426031514 0.2701834231398419
9.264172134994869 0.15991626507435863
9.37714984395822 0.0476101119523007
9.490127552921573 -0.06530308875724943
9.603105261884924 -0.17738364949053648
9.716082970848275 -0.2872024991698491
9.82906067981163 -0.39335940441986067
9.94203838877498 -0.49450082309195476
10.055016097738331 -0.5893371624571413
10.167993806701684 -0.6766592220187762
10.280971515665035 -0.7553536112928206
10.39394922462839 -0.8244169459728999
10.50692693359174 -0.8829686414734581
10.619904642555092 -0.9302621407283704
10.732882351518445 -0.9656944330861305
10.845860060481797 -0.9888137429319984
10.958837769445148 -0.9993252900041587
11.071815478408501 -0.9970950479575916
11.184793187371852 -0.9821514532525025
11.297770896335205 -0.9546850425783077
11.410748605298558 -0.9150460234361678
11.523726314261909 -0.8637398088560897
11.636704023225262 -0.8014205731827004
11.749681732188613 -0.7288829110959658
11.862659441151964 -0.6470517062175842
11.975637150115318 -0.5569703384823158
12.08861485907867 -0.4597873806348874
12.201592568042022 -0.35674195347731175
12.314570277005373 -0.24914792659302437
12.427547985968724 -0.13837716599472957
12.540525694932079 -0.025842042295058508
12.65350340389543 0.08702257757228783
12.76648111285878 0.19877762546833985
12.879458821822134 0.307998180731641
12.992436530785485 0.41329163847515493
13.10541423974884 0.5133154658444005
13.21839194871219 0.6067943198375128
13.331369657675541 0.6925363084283908
13.444347366638894 0.7694481876571625
13.557325075602245 0.8365493009191541
13.670302784565598 0.8929840827209609
13.78328049352895 0.9380329674758077
13.896258202492302 0.9711215642468073
14.009235911455654 0.9918279804565309
14.122213620419005 0.9998882011827218
14.235191329382358 0.9951994554520339
14.348169038345711 0.9778215266102197
14.461146747309062 0.9479759900610419
14.574124456272413 0.9060433880930314
14.687102165235766 0.8525583778161595
14.800079874199119 0.7882029140741375
14.913057583162471 0.7137975542528744
15.026035292125822 0.6302909958522035
15.139013001089173 0.5387479802209266
15.251990710052526 0.4403357166873094
15.364968419015879 0.336309000182678
15.47794612797923 0.2279942121142436
15.590923836942583 0.1167724084822986
15.703901545905934 0.004061710874940082
15.816879254869285 -0.10870077513800308
15.92985696383264 -0.2200772836642348
16.04283467279599 -0.32864772056761804
16.155812381759343 -0.43302777022501865
16.268790090722696 -0.5318865460930438
16.381767799686045 -0.623963560033098
16.494745508649398 -0.7080847940291902
16.60772321761275 -0.7831776693777593
16.720700926576104 -0.8482847224865386
16.833678635539453 -0.9025758129106167
16.946656344502806 -0.9453587079684779
17.05963405346616 -0.976087908979992
17.17261176242951 -0.9943716065883941
17.285589471392864 -0.9999766764831447
17.398567180356213 -0.9928316518262595
17.511544889319566 -0.9730276344825032
17.62452259828292 -0.9408171334349082
17.737500307246272 -0.8966108451962743
17.850478016209625 -0.8409724172676627
17.963455725172974 -0.7746112614118471
18.076433434136327 -0.6983735083752856
18.18941114309968 -0.613231219389487
18.30238885206303 -0.5202699920093189
18.415366561026385 -0.42067511831868554
18.528344269989738 -0.31571647199192976
18.641321978953087 -0.20673231690674995
18.75429968791644 -0.09511224375524746
18.86727739687979 0.017720547782006844
18.980255105843145 0.13032739538973379
19.0932328148065 0.2412725176262899
19.206210523769847 0.34914132069981435
19.3191882327332 0.4525584350935005
19.43216594169655 0.5502052520659719
19.545143650659902 0.6408367364295703
19.65812135962326 0.7232973012369521
19.771099068586608 0.7965355419675837
19.88407677754996 0.8596176423474816
19.99705448651331 0.9117392808726763
20.110032195476663 0.9522358862236484
20.22300990444002 0.9805911108101096
20.33598761340337 0.9964434144051582
20.44896532236672 0.999590673924877
20.56194303133007 0.9899927605768661
20.674920740293423 0.9677720515180763
20.78789844925678 0.9332118694980933
20.90087615822013 0.8867528703830421
21.01385386718348 0.828987424620572
21.12683157614683 0.7606520642844938
21.239809285110184 0.6826180920021501
21.35278699407354 0.5958804715044327
21.46576470303689 0.501545141448259
21.578742412000242 0.4008149142652125
21.691720120963595 0.29497413983164367
21.804697829926944 0.18537232950435328
21.917675538890297 0.07340694932186062
22.03065324785365 -0.039494398235283786
22.143630956817002 -0.15189217673566696
22.256608665780355 -0.2623532704507163
22.369586374743704 -0.36946925714192475
22.482564083707057 -0.47187436599641563
22.59554179267041 -0.5682628917400814
22.708519501633763 -0.6574058428915937
22.821497210597116 -0.7381666118854733
22.934474919560465 -0.8095154672640243
23.047452628523818 -0.870542683157017
23.160430337487167 -0.9204701386430724
23.273408046450523 -0.9586612390963993
23.386385755413876 -0.9846290330177612
23.499363464377225 -0.9980424208569584
23.612341173340578 -0.9987303766618577
23.725318882303927 -0.9866841287263122
23.838296591267284 -0.9620572714328519
23.951274300230637 -0.9251638068641127
24.064252009193986 -0.87647414115321
24.17722971815734 -0.8166090866211689
24.290207427120688 -0.7463319461765238
24.403185136084044 -0.6665387809040512
24.516162845047397 -0.5782469849347657
24.629140554010746 -0.4825823132719761
24.7421182629741 -0.380764527973769
24.85509597193745 -0.2740918457087194
24.9680736809008 -0.16392438498452364
25.081051389864157 -0.051666824103966585
25.194029098827507 0.06124950903397758
25.30700680779086 0.17338488692587795
25.41998451675421 0.28330953955375726
25.53296222571756 0.3896218845132304
25.645939934680918 0.49096639773846906
25.758917643644267 0.586050896965318
25.87189535260762 0.673663017561642
25.98487306157097 0.7526856706515221
26.097850770534322 0.822111286436275
26.21082847949768 0.8810546611042723
26.323806188461027 0.9287642435264845
26.43678389742438 0.9646317178279483
26.54976160638773 0.9881997596535775
26.662739315351082 0.9991678672329417
26.77571702431444 0.9973961928956107
26.888694733277788 0.9829073261837685
27.00167244224114 0.9558860058266935
27.11465015120449 0.9166767642495576
27.227627860167843 0.8657795346499654
27.340605569131196 0.8038432766537497
27.45358327809455 0.7316577018253877
27.5665609870579 0.650143204536039
27.67953869602125 0.5603391265745805
27.792516404984603 0.46339050513243196
27.905494113947956 0.3605334731306012
28.01847182291131 0.2530794980404459
28.13144953187466 0.14239866015940555
28.24442724083801 0.029902183550229614
28.357404949801364 -0.08297555761894605
28.470382658764716 -0.19479532790740375
28.583360367728066 -0.3041313814178116
28.696338076691422 -0.4095896406152283
28.80931578565477 -0.5098254713620257
28.922293494618124 -0.6035608275301998
29.035271203581477 -0.6896005465903782
29.148248912544826 -0.766847588402511
29.261226621508182 -0.8343170229076334
29.37420433047153 -0.8911485883721222
29.487182039434884 -0.9366176600619962
29.600159748398237 -0.970144489492259
29.713137457361587 -0.9913015964473155
29.826115166324943 -0.9998192195212665
29.939092875288292 -0.9955887556815582
30.052070584251645 -0.9786641450002165
30.165048293214998 -0.9492611828967862
30.278026002178347 -0.9077547686621557
30.391003711141703 -0.8546741253456539
30.503981420105053 -0.7906960519537679
30.616959129068405 -0.7166362939975242
30.729936838031758 -0.6334391424175237
30.842914546995107 -0.5421653935043416
30.95589225595846 -0.44397882333004796
31.068869964921813 -0.3401313491471821
31.181847673885166 -0.23194706695309936
31.29482538284852 -0.12080536874704773
31.407803091811868 -0.008123354741548005
31.52078080077522 0.10466223522074204
31.63375850973857 0.2161133406631064
31.746736218701926 0.3248089163095074
31.85971392766528 0.42936305096877564
31.97269163662863 0.5284426384455165
32.08566934559198 0.6207843751665885
32.19864705455533 0.7052108677967767
32.31162476351869 0.780645645465304
32.424602472482036 0.8461268851913114
32.53758018144539 0.9008196755038703
32.65055789040874 0.944026661890436
32.76353559937209 0.975196938340227
32.87651330833545 0.9939330716117676
32.989491017298796 0.9999961686624853
33.102468726262146 0.9933089226286413
33.2154464352255 0.9739565985181357
33.32842414418885 0.9421859460482446
33.44140185315221 0.8984020534900057
33.55437956211556 0.8431631826340088
33.667357271078906 0.7771736507337464
33.78033498004226 0.7012748501845898
33.89331268900561 0.6164345204409933
34.00629039796897 0.5237344089591243
34.11926810693232 0.42435647849286356
34.232245815895666 0.3195678366054008
34.34522352485902 0.2107045795511951
34.45820123382237 0.09915475652508914
34.57117894278573 -0.01365932850899945
34.68415665174908 -0.1262992517510139
34.79713436071243 -0.2373288100320278
34.91011206967578 -0.3453323329675265
35.02308977863913 -0.44893273330964156
35.13606748760249 -0.5468090653493369
35.24904519656584 -0.6377133674918739
35.36202290552919 -0.7204865742563075
35.475000614492544 -0.7940732948146277
35.58797832345589 -0.8575352696384503
35.70095603241925 -0.9100633336757709
35.8139337413826 -0.9509877335224879
35.92691145034595 -0.9797866670408295
36.039889159309304 -0.9960929365411099
36.15286686827265 -0.9996986306961902
36.26584457723601 -0.9905577754923942
36.37882228619936 -0.9687869204161977
36.491799995162715 -0.9346636524025933
36.60477770412606 -0.888623056492886
36.717755413089414 -0.8312521683298624
36.83073312205277 -0.7632824892233006
36.94371083101612 -0.6855806592215525
37.056688539979476 -0.5991374071112456
37.16966624894282 -0.5050549182369927
37.282643957906174 -0.4045327812061951
37.39562166686953 -0.2988526926642129
37.50859937583288 -0.1893621151597541
37.621577084796236 -0.07745709646924398
37.73455479375958 0.03543553055942977
37.847532502722935 0.14787634068503838
37.96051021168629 0.2584316695089078
38.07348792064964 0.3656918932579558
38.186465629613 0.46828940204029357
38.29944333857634 0.5649160374073096
38.412421047539695 0.6543397718866787
38.525398756503044 0.7354204178154248
38.6383764654664 0.8071241651795735
38.75135417442976 0.868536763096974
38.8643318833931 0.9188751768743895
38.977309592356455 0.957497572006753
39.090287301319805 0.9839114978186264
39.20326501028316 0.9977801664033533
39.31624271924652 0.9989267468008511
39.42922042820986 0.9873366196616684
39.542198137173216 0.9631575636494103
39.655175846136565 0.9266978712048698
39.76815355509992 0.8784224176965624
39.88113126406328 0.8189467340775904
39.99410897302662 0.7490291586247443
40.107086681989976 0.6695611678282181
40.220064390953326 0.5815560097170177
40.33304209991668 0.4861357845494059
40.44601980888004 0.38451713759485995
40.55899751784338 0.2779957464300312
40.67197522680674 0.1679298005417717
40.784952935770086 0.055722683878941526
40.89793064473344 -0.05719491884305672
41.0109083536968 -0.16938326393308012
41.12388606266014 -0.27941190602060884
41.2368637716235 -0.38587793679491067
41.349841480586846 -0.48742387263576353
41.4628191895502 -0.5827549630617401
41.57579689851356 -0.6706556993062529
41.6887746074769 -0.7500053125307454
41.80175231644026 -0.8197920640666857
41.91473002540361 -0.879126145480063
42.02770773436696 -0.9272510239777243
42.14068544333032 -0.9635530884969663
42.25366315229366 -0.9875694734870943
42.36664086125702 -0.9989939606266137
42.47961857022037 -0.9976808832268288
42.592596279183724 -0.9836469835392284
42.70557398814708 -0.9570711992852143
42.81855169711042 -0.9182923821300274
42.93152940607378 -0.8678049771911859
43.04450711503713 -0.8062527186694809
43.157484824000484 -0.7344204219855788
43.27046253296383 -0.6532239770758438
43.38344024192719 -0.5636986704366438
43.49641795089054 -0.46698598481579595
43.60939565985389 -0.36431904486010686
43.722373368817244 -0.2570068942928351
43.835351077780594 -0.14641780509318073
43.94832878674395 -0.03396183149222847
44.0613064957073 0.07892716877109403
44.17428420467065 0.19080981669821653
44.287261913634005 0.3002595646772804
44.400239622597354 0.40588088552428436
44.51321733156071 0.5063270660016846
44.62619504052406 0.6003173779399462
44.73917274948741 0.6866534080237119
44.852150458450765 0.764234338031253
44.965128167414115 0.8320709806982338
45.07810587637747 0.8892983922430627
45.19108358534082 0.935186900739075
45.30406129430417 0.9691514097176094
45.417039003267526 0.99075885837729
45.530016712230875 0.9997337432789745
45.64299442119423 0.9959616311225902
45.75597213015757 0.9794906178165583
45.86894983912093 0.9505307152361032
45.981927548084286 0.9094511734895444
46.094905257047635 0.8567757728346896
46.20788296601099 0.7931761452752475
46.320860674974334 0.719463210989573
46.43383838393769 0.6365768387805145
46.54681609290105 0.5455738623798676
46.659793801864396 0.44761460540405473
46.77277151082775 0.3439480867732272
46.885749219791094 0.2358960952305488
46.99872692875445 0.12483633601758565
47.11170463771781 0.012184864592591752
47.224682346681156 -0.10062196863163304
47.33766005564451 -0.21214583231847817
47.450637764607855 -0.3209647534957413
47.56361547357121 -0.4256912482684285
47.67659318253457 -0.5249900127821308
47.78957089149792 -0.6175949488705701
47.90254860046127 -0.7023253073034577
48.015526309424615 -0.7781007428019137
48.12850401838797 -0.8439550888642599
48.24148172735133 -0.8990486767675272
48.35445943631468 -0.9426790416728075
48.46743714527803 -0.9742898793272695
48.580414854241376 -0.9934781391614012
48.69339256320473 -0.9999991633417595
48.80637027216809 -0.9937698062542203
48.91934798113144 -0.974869494643158
49.032325690094794 -0.9435392148893166
49.145303399058136 -0.9001784403390172
49.25828110802149 -0.8453400378623971
49.37125881698485 -0.7797232185841613
49.4842365259482 -0.7041646226676807
49.597214234911554 -0.619627651824986
49.7101919438749 -0.5271901855673882
49.82316965283825 -0.42803083781918366
49.9361473618016 -0.32341392912826034
50.04912507076496 -0.214673366083507
50.162102779728315 -0.10319563348305053
50.27508048869166 0.009597883890345042
50.38805819765501 0.12226902448240029
50.50103590661836 0.23338118709071232
50.61401361558172 0.341517648093225
50.726991324545075 0.4452996252296186
50.83996903350842 0.5434038576155387
50.952946742471774 0.6345794778375465
51.06592445143512 0.7176639610028208
51.17890216039848 0.7915979473872464
51.291879869361836 0.8554387496870539
51.40485757832518 0.9083723726514302
51.517835287288534 0.9497238918410208
51.63081299625188 0.9789660591790164
51.74379070521524 0.9957260255708141
51.856768414178596 0.9997900948760886
51.96974612314194 0.991106448618346
52.082723832105295 0.9697858066908006
52.195701541068644 0.9361000156343504
52.308679250032 0.8904785824876222
52.42165695899536 0.8335031984039031
52.5346346679587 0.7659003218609521
52.647612376922055 0.68853191603065
52.760590085885404 0.6023844584107807
52.87356779484876 0.5085563628502437
52.98654550381212 0.4082439743420137
53.09952321277546 0.30272631515558207
53.212500921738815 0.19334877680167836
53.325478630702165 0.08150596576328796
53.43845633966552 -0.031376078283682406
53.55143404862888 -0.14385806503513318
53.66441175759222 -0.2545058050742726
53.777389466555576 -0.3619084963488391
53.890367175518925 -0.4646967124501214
54.00334488448228 -0.561559863336478
54.11632259344564 -0.6512629058699824
54.22930030240898 -0.7326620911005051
54.342278011372336 -0.8047195475131377
54.455255720335686 -0.8665165142967209
54.56823342929904 -0.9172650559043395
54.68121113826239 -0.956318108540329
54.79418884722574 -0.9831777304773017
54.9071665561891 -0.9975014510083194
55.020144265152446 -0.9991066370826336
55.1331219741158 -0.9879728219486673
55.24609968307915 -0.9642419661131186
55.3590773920425 -0.9282166472888582
55.47205510100586 -0.8803562024104975
55.585032809969206 -0.8212708709084546
55.69801051893256 -0.7517140139170192
55.81098822789591 -0.6725725086246502
55.92396593685926 -0.5848554402421962
56.03694364582262 -0.48968123577097034
56.14992135478597 -0.3882634036201534
56.26289906374932 -0.28189506089891614
56.37587677271267 -0.17193244566650975
