0.0 0.0
0.12255432731721204 0.12224777221435953
0.24510865463442408 0.2426617332729614
0.36766298195163616 0.3594355806060455
0.49021730926884816 0.47081761616577616
0.6127716365860602 0.5751370232520971
0.7353259639032723 0.6708289300557988
0.8578802912204843 0.7564578839462626
0.9804346185376963 0.8307393843714062
1.1029889458549083 0.8925591513596713
1.2255432731721203 0.9409898405816203
1.3480976004893324 0.9753049542322825
1.4706519278065446 0.9949897390602587
1.5932062551237565 0.9997489080647113
1.7157605824409685 0.9895110700288157
1.8383149097581803 0.9644298004432413
1.9608692370753926 0.9248813377549835
2.083423564392605 0.8714589394995957
2.2059778917098165 0.8049639829792045
2.3285322190270286 0.7263939439830195
2.4510865463442406 0.6369274338788365
2.5736408736614527 0.5379065195307295
2.6961952009786647 0.4308165912578487
2.818749528295877 0.31726408083051455
2.9413038556130893 0.19895236375090714
3.063858182930301 0.07765620730277711
3.186412510247513 -0.04480485233079509
3.308966837564725 -0.16659380451776112
3.431521164881937 -0.28588372075772356
3.5540754921991495 -0.40088516002277885
3.6766298195163607 -0.5098730117572691
3.799184146833573 -0.6112123738706922
3.9217384741507852 -0.7033830775338338
4.044292801467997 -0.7850024908872351
4.16684712878521 -0.8548462595887047
4.289401456102421 -0.9118666730756292
4.411955783419633 -0.955208381033936
4.5345101107368455 -0.9842212243145151
4.657064438054057 -0.9984699878234264
4.77961876537127 -0.9977409290849989
4.902173092688481 -0.9820449845443188
5.024727420005694 -0.9516176055120925
5.147281747322905 -0.906915226212839
5.269836074640117 -0.8486084169184167
5.392390401957329 -0.7775718248751834
5.514944729274541 -0.6948710539186641
5.637499056591754 -0.6017466795916481
5.760053383908966 -0.4995956395513281
5.8826077112261785 -0.3899502784237433
6.00516203854339 -0.27445536144895444
6.127716365860602 -0.15484340173002398
6.250270693177814 -0.03290867119617687
6.372825020495026 0.08951971486420846
6.495379347812238 0.21060523594796035
6.61793367512945 0.32853151556541177
6.740488002446662 0.4415295682929251
6.863042329763874 0.5479043359227552
6.985596657081086 0.6460601146474834
7.108150984398299 0.7345244918515927
7.230705311715511 0.8119704334397716
7.353259639032721 0.8772361903749626
7.475813966349935 0.9293427258126605
7.598368293667146 0.967508401410972
7.720922620984359 0.991160702510437
7.8434769483015705 0.9999448262968204
7.966031275618782 0.993729004117809
8.088585602935995 0.9726064781147324
8.211139930253207 0.9368941025183108
8.33369425757042 0.887127590590071
8.45624858488763 0.8240534785089889
8.578802912204843 0.7486179267512719
8.701357239522055 0.6619525269512572
8.823911566839266 0.5653573271514803
8.946465894156479 0.4602813300762984
9.069020221473691 0.34830075697006324
9.191574548790902 0.23109540305906734
9.314128876108114 0.11042343932363109
9.436683203425327 -0.011904961426736879
9.55923753074254 -0.13405477854586342
9.681791858059752 -0.25419367028019874
9.804346185376962 -0.3705194603126425
9.926900512694173 -0.4812871718014936
10.049454840011387 -0.5848352033830113
10.1720091673286 -0.6796102544773001
10.29456349464581 -0.7641906259986752
10.417117821963023 -0.8373075469417903
10.539672149280234 -0.8978642069282504
10.662226476597448 -0.9449522092108038
10.784780803914659 -0.977865197327289
10.907335131231871 -0.9961094509940247
11.029889458549082 -0.9994112922920059
11.152443785866295 -0.9877211910474135
11.274998113183509 -0.9612145078225376
11.39755244050072 -0.9202888633716839
11.520106767817932 -0.86555817402225
11.642661095135143 -0.797843442454886
11.765215422452357 -0.7181604420281383
11.887769749769568 -0.6277044793922675
12.01032407708678 -0.5278324639647731
12.132878404403991 -0.4200425532394224
12.255432731721204 -0.3059516792648363
12.377987059038416 -0.18727129341288967
12.500541386355629 -0.06578169328412539
12.62309571367284 0.056694683133513245
12.745650040990052 0.17832059544437157
12.868204368307262 0.2972715608723202
12.990758695624477 0.41176322291385736
13.11331302294169 0.5200781180660451
13.2358673502589 0.6205914391077221
13.358421677576112 0.7117954084647914
13.480976004893323 0.7923218960402609
13.603530332210537 0.8609629422241138
13.726084659527748 0.9166888782219398
13.84863898684496 0.9586637718834307
13.971193314162171 0.9862579673313133
14.093747641479384 0.9990575302866246
14.216301968796598 0.9968704574031179
14.338856296113809 0.9797295564659956
14.461410623431021 0.9478919542497487
14.583964950748232 0.9018352394176248
14.706519278065443 0.8422502983222073
14.829073605382657 0.7700309511756477
14.95162793269987 0.6862605440550181
15.07418226001708 0.5921956978730569
15.196736587334293 0.48924745809233755
15.319290914651503 0.3789601279517348
15.441845241968718 0.2629881027231341
15.564399569285928 0.14307105250251007
15.686953896603141 0.021007825812631
15.809508223920352 -0.10137053451637607
15.932062551237564 -0.22222825840601249
16.05461687855478 -0.3397523865007517
16.17717120587199 -0.4521799659609006
16.2997255331892 -0.5578244961190533
16.422279860506414 -0.655101227294792
16.544834187823625 -0.7425509332658704
16.66738851514084 -0.8188618007904432
16.78994284245805 -0.8828891078205107
16.91249716977526 -0.9336723952182269
17.03505149709247 -0.9704498743859831
17.157605824409686 -0.9926698546847043
17.280160151726896 -0.9999990192202289
17.40271447904411 -0.992327424854583
17.52526880636132 -0.9697701514381017
17.647823133678532 -0.9326655755226462
17.770377460995743 -0.8815702944515537
17.892931788312957 -0.8172507769688943
18.01548611563017 -0.7406718655953644
18.138040442947382 -0.6529823032440588
18.260594770264593 -0.5554975011880854
18.383149097581803 -0.4496798068738549
18.505703424899018 -0.33711656757808756
18.62825775221623 -0.21949631897068206
18.750812079533443 -0.09858345577336969
18.873366406850653 0.023808235526044382
18.995920734167864 0.1458427848741924
19.11847506148508 0.2656895796232654
19.24102938880229 0.38155082513690697
19.363583716119503 0.49168851310058087
19.486138043436714 0.5944504929908097
19.608692370753925 0.6882952556111752
19.73124669807114 0.7718150569227874
19.853801025388346 0.8437570352939089
19.97635535270556 0.9030420053936865
20.098909680022775 0.9487806468069583
20.221464007339986 0.9802868445284884
20.3440183346572 0.9970879812188315
20.466572661974407 0.9989320268300437
20.58912698929162 0.9857913192513781
20.711681316608836 0.9578629792623445
20.834235643926046 0.9155659535685243
20.95678997124326 0.8595347302768778
21.079344298560468 0.7906098210833028
21.201898625877682 0.709825152946944
21.324452953194896 0.6183925583859705
21.447007280512107 0.5176835970523008
21.569561607829318 0.40920898127576233
21.69211593514653 0.29459591421044384
21.814670262463743 0.17556368052855195
21.937224589780957 0.05389785582027626
22.059778917098164 -0.06857647842141218
22.18233324441538 -0.1900221124350884
22.30488757173259 -0.3086172677585394
22.427441899049803 -0.4225829253150922
22.549996226367018 -0.5302095120760093
22.672550553684225 -0.6298825459784775
22.79510488100144 -0.7201068544055539
22.91765920831865 -0.79952900293207
23.040213535635864 -0.8669575978880761
23.162767862953075 -0.9213811581855487
23.285322190270286 -0.9619832883172198
23.4078765175875 -0.9881549249207539
23.530430844904714 -0.9995034732003618
23.65298517222192 -0.9958586961524587
23.775539499539136 -0.9772752682524116
23.898093826856346 -0.9440319552951153
24.02064815417356 -0.8966274326924073
24.143202481490775 -0.8357728049561136
24.265756808807982 -0.7623809385802524
24.388311136125196 -0.6775527683374009
24.510865463442407 -0.5825607824054372
24.63341979075962 -0.4788299340604299
24.755974118076832 -0.36791626627515783
24.878528445394043 -0.25148356987072173
25.001082772711257 -0.1312784253671051
25.123637100028468 -0.009104002924206744
25.24619142734568 0.11320698660553544
25.368745754662893 0.2338197837577307
25.491300081980103 0.35092510326738585
25.613854409297318 0.462766274747592
25.736408736614525 0.5676655941042825
25.85896306393174 0.6640494903955763
25.981517391248953 0.7504721306132021
26.104071718566164 0.8256371082961614
26.22662604588338 0.8884168906305634
26.349180373200586 0.937869732314092
26.4717347005178 0.9732538024641079
26.594289027835014 0.9940383126547587
26.716843355152225 0.9999114791540045
26.839397682469436 0.9907851999207957
26.961952009786646 0.9667963762038445
27.08450633710386 0.9283048589169846
27.207060664421075 0.8758880505970817
27.329614991738282 0.8103322439192957
27.452169319055496 0.7326208266986511
27.574723646372707 0.6439195303120752
27.69727797368992 0.5455589428258927
27.819832301007136 0.43901454914548965
27.942386628324343 0.32588459760027366
28.064940955641557 0.2078661249822819
28.187495282958768 0.0867294996814927
28.310049610275982 -0.03570813520964511
28.432603937593196 -0.15761012044833828
28.555158264910403 -0.2771478319509627
28.677712592227618 -0.3925281115689905
28.80026691954483 -0.5020201658483844
28.922821246862043 -0.6039815292704149
29.045375574179253 -0.6968827025050456
29.167929901496464 -0.7793300960841466
29.29048422881368 -0.8500869353216063
29.413038556130886 -0.9080918128904021
29.5355928834481 -0.9524746107536453
29.658147210765314 -0.9825695526082462
29.780701538082525 -0.9979251910445286
29.90325586539974 -0.9983111796066179
30.025810192716946 -0.9837217281674773
30.14836452003416 -0.9543756897852907
30.270918847351375 -0.9107132777382866
30.393473174668586 -0.8533894619850088
30.5160275019858 -0.783264144108238
30.638581829303007 -0.7013892581260338
30.76113615662022 -0.6089929906676473
30.883690483937436 -0.5074613572239701
31.006244811254646 -0.398317410842916
31.128799138571857 -0.28319839515544176
31.251353465889068 -0.16383118445449876
31.373907793206282 -0.04200637924469816
31.496462120523496 0.08044855415048029
31.619016447840703 0.20169669699729686
31.741570775157918 0.3199192333538479
31.86412510247513 0.4333427337162098
31.986679429792343 0.5402657578329882
32.10923375710956 0.6390843776253198
32.23178808442677 0.7283162373488862
32.35434241174398 0.8066227900768546
32.47689673906119 0.872829376939289
32.5994510663784 0.9259428479149355
32.72200539369562 0.9651664598498563
32.84455972101283 0.9899118282211025
32.96711404833004 0.9998077533597537
33.08966837564725 0.994705788733108
33.21222270296446 0.9746824677575141
33.33477703028168 0.9400381557379176
33.45733135759888 0.8912925441559314
33.5798856849161 0.8291768548955434
33.70244001223331 0.7546228713492127
33.82499433955052 0.6687489609461085
33.94754866686774 0.5728432987754986
34.07010299418494 0.46834454396388664
34.19265732150216 0.3568202586750834
34.31521164881937 0.23994339346514612
34.43776597613658 0.11946719172975319
34.56032030345379 -0.0028011103030333526
34.682874630771 -0.1250273935142973
34.80542895808822 -0.2453781690999585
34.92798328540543 -0.36204808232121827
35.05053761272264 -0.4732869942223302
35.17309194003985 -0.5774262350688397
35.295646267357064 -0.6729036356845136
35.41820059467428 -0.7582869611975032
35.540754921991486 -0.8322953956713959
35.6633092493087 -0.893818755335167
35.785863576625914 -0.9419341421985388
35.908417903943125 -0.9759197882358459
36.03097223126034 -0.9952658824647704
36.153526558577546 -0.9996822185054746
36.276080885894764 -0.9891025479008109
36.398635213211975 -0.9636855738944271
36.521189540529186 -0.9238125707593364
36.643743867846396 -0.8700816643888636
36.76629819516361 -0.803298859945527
36.888852522480825 -0.7244659511600593
37.011406849798036 -0.6347654926504639
37.133961177115246 -0.5355430606878775
37.25651550443246 -0.42828706851156423
37.37906983174967 -0.31460643897886564
37.501624159066886 -0.1962064694776493
37.624178486384096 -0.07486325114627676
37.74673281370131 0.04760297386752105
37.86928714101852 0.16935511744699686
37.99184146833573 0.2885668032493413
38.114395795652946 0.4034497637637413
38.23695012297016 0.512280665707444
38.35950445028737 0.6134269613582319
38.48205877760458 0.7053713780331909
38.60461310492179 0.786734678352743
38.72716743223901 0.8562963498683408
38.84972175955622 0.9130129136933856
38.97227608687343 0.9560335774937991
39.09483041419064 0.9847129980312039
39.21738474150785 0.9986209618107482
39.33993906882506 0.9975488386163486
39.46249339614228 0.9815127111253288
39.58504772345949 0.9507531336558227
39.70760205077669 0.9057315236659037
39.83015637809391 0.8471232401347425
39.95271070541112 0.7758074526554821
40.07526503272834 0.6928539532111684
40.19781936004555 0.5995071084674328
40.32037368736275 0.49716719330982445
40.44292801467997 0.38736938563724155
40.56548234199718 0.2717607375058714
40.6880366693144 0.1520754680740967
40.81059099663161 0.030108948973563244
40.933145323948814 -0.09230922765425977
41.05569965126603 -0.21334269445560664
41.17825397858324 -0.33117585579529707
41.30080830590046 -0.44404112309590993
41.42336263321767 -0.5502454300338143
41.545916960534875 -0.6481956298438442
41.66847128785209 -0.7364223937532558
41.7910256151693 -0.8136022520499654
41.91357994248652 -0.8785774471521409
42.03613426980373 -0.9303733008675462
42.158688597120936 -0.9682128353204742
42.28124292443815 -0.9915284282209569
42.403797251755364 -0.9999703276382215
42.526351579072575 -0.9934118985502421
42.64890590638979 -0.9719515224670271
42.771460233706996 -0.9359111216318691
42.894014561024214 -0.885831329938632
43.016568888341425 -0.8224633830051313
43.139123215658636 -0.7467578490576743
43.26167754297585 -0.6598503696722997
43.38423187029306 -0.5630446242726146
43.50678619761027 -0.4577927739298419
43.629340524927485 -0.3456736778233873
43.751894852244696 -0.22836920913172115
43.874449179561914 -0.10763902563354028
43.99700350687912 0.014705826520146528
44.11955783419633 0.13683007989941043
44.242112161513546 0.2569017762265759
44.36466648883076 0.37311974716762114
44.487220816147975 0.483740633250638
44.60977514346518 0.5871050356065379
44.73232947078239 0.6816624082358909
44.85488379809961 0.765994317398383
44.97743812541682 0.8388357192162533
45.099992452734035 0.8990939363111411
45.22254678005124 0.9458650488100359
45.34510110736845 0.9784474538426936
45.46765543468567 0.9963523901274295
45.59020976200288 0.9993112697684678
45.712764089320096 0.9872797072821636
45.8353184166373 0.9604381854135955
45.95787274395451 0.9191893477557558
46.08042707127173 0.8641519587841724
46.20298139858894 0.7961516219110993
46.32553572590615 0.7162083947956173
46.44809005322336 0.6255214876896281
46.57064438054057 0.5254512743563486
46.69319870785778 0.4174988854114586
46.815753035175 0.3032836902025635
46.93830736249221 0.18451900501624133
47.06086168980943 0.06298639200825201
47.18341601712663 -0.05949106560697808
47.30597034444384 -0.18107611121501166
47.42852467176106 -0.29994487507187995
47.55107899907827 -0.41431423376122084
47.67363332639549 -0.5224685584250129
47.79618765371269 -0.6227854505236223
47.9187419810299 -0.713760079069073
48.04129630834712 -0.7940277542539697
48.16385063566433 -0.862384398854362
48.28640496298155 -0.9178046103196205
48.40895929029875 -0.959457042603927
48.531513617615964 -0.9867168770001362
48.65406794493318 -0.9991751949037233
48.77662227225039 -0.9966451119082084
48.89917659956761 -0.9791645812158306
49.021730926884814 -0.9469958243101566
49.144285254202025 -0.9006213974309559
49.26683958151924 -0.8407369528573028
49.38939390883645 -0.768240803585231
49.511948236153664 -0.6842204479378273
49.634502563470875 -0.5899362562490951
49.757056890788085 -0.4868025643339004
49.8796112181053 -0.37636645735659396
50.002165545422514 -0.2602845623567253
50.124719872739725 -0.1402981975618218
50.247274200056935 -0.01820725126689373
50.369828527374146 0.10415681788241542
50.49238285469136 0.22495845418635482
50.614937182008575 0.3423855396465803
50.737491509325785 0.4546765771379815
50.860045836642996 0.5601471142283178
50.98260016396021 0.6572150112677895
51.10515449127742 0.7444241747077567
51.227708818594635 0.8204663996304271
51.350263145911846 0.8842009938346503
51.47281747322905 0.9346718891014149
51.59537180054627 0.9711219829567544
51.71792612786348 0.9930044957945422
51.840480455180696 0.9999911729936037
51.96303478249791 0.9919772089909636
52.08558910981511 0.969082819446376
52.20814343713233 0.9316514379144157
52.33069776444954 0.8802445640754946
52.45325209176676 0.8156333408062484
52.57580641908397 0.7387869864398461
52.69836074640117 0.6508582557411725
52.82091507371839 0.5531661476935557
52.9434694010356 0.447176119493672
53.06602372835282 0.33447810355983754
53.18857805567003 0.2167626573157935
53.31113238298723 0.09579560352147448
53.43368671030445 -0.02660845843446484
53.55624103762166 -0.14861337292921412
53.67879536493887 -0.268388971860695
53.80134969225609 -0.3841385285849064
53.92390401957329 -0.4941257102055315
54.04645834689051 -0.5967006239107037
54.16901267420772 -0.6903245666414762
54.29156700152493 -0.773593106828136
54.41412132884215 -0.8452571519502095
54.53667565615935 -0.9042416858905725
54.659229983476564 -0.9496618950088919
54.78178431079378 -0.9808364410306978
54.90433863811099 -0.9972976816486059
55.02689296542821 -0.9987986855187094
55.149447292745414 -0.9853169364217608
55.272001620062625 -0.957054671023878
55.39455594737984 -0.9144358451701005
55.51711027469705 -0.8580997742187441
55.63966460201427 -0.7888915428164247
55.762218929331475 -0.7078493279746213
55.884773256648685 -0.6161888256113093
56.0073275839659 -0.5152850141717502
56.129881911283114 -0.4066515288881125
56.25243623860033 -0.2919179560799828
56.374990565917535 -0.17280538809895848
56.497544893234746 -0.051100605611840225
56.620099220551964 0.07137072549158749
56.742653547869175 0.1927714404992686
56.86520787518639 0.3112804347688545
56.987762202503596 0.42511998170610843
57.11031652982081 0.5325824000391672
57.232870857138025 0.6320556703586427
57.355425184455235 0.7220476166558539
57.477979511772446 0.8012082901173528
57.60053383908966 0.8683502194014415
57.72308816640687 0.9224662236269471
57.845642493724085 0.9627445208656109
57.968196821041296 0.9885809054990086
58.09075114835851 0.9995878117702628
58.21330547567572 0.9956001275702121
58.33585980299293 0.9766776712467841
58.45841413031014 0.9431042942835001
58.58096845762736 0.8953836233076282
58.70352278494457 0.8342315053011734
58.82607711226177 0.7605652693423463
58.94863143957899 0.6754899659597193
59.0711857668962 0.5802817905194597
59.19374009421342 0.47636893930750235
59.31629442153063 0.365310185480436
59.43884874884783 0.24877149626223294
59.56140307616505 0.12850104214706365
59.68395740348226 0.006302972989538187
59.80651173079948 -0.11598964563890318
59.92906605811669 -0.23654232985158363
60.05162038543389 -0.3535466961241143
60.17417471275111 -0.46524758844625513
60.29672904006832 -0.5699694070198218
60.41928336738554 -0.6661412435519972
60.54183769470275 -0.7523204460949443
60.66439202201995 -0.8272142599411154
60.78694634933717 -0.8896992199439551
60.90950067665438 -0.9388380033641924
61.0320550039716 -0.973893490436097
61.15460933128881 -0.9943398217341837
