0.0 0.0
0.09856311516384406 0.09840360768188242
0.1971262303276881 0.1958520287035473
0.2956893454915322 0.2913993482351231
0.3942524606553762 0.38411810510738975
0.49281557581922025 0.4731082945156185
0.5913786909830644 0.5575061042092692
0.6899418061469084 0.6364922993668747
0.7885049213107524 0.7093001747655965
0.8870680364745964 0.775222997055124
0.9856311516384405 0.8336208648950675
1.0841942668022846 0.8839269203656828
1.1827573819661288 0.9256528513588504
1.2813204971299728 0.9583936315385577
1.3798836122938167 0.981831451860914
1.4784467274576607 0.9957388054911204
1.577009842621505 0.9999806961726428
1.675572957785349 0.9945159486123337
1.7741360729491928 0.9793976081618222
1.872699188113037 0.9547724259155358
1.971262303276881 0.920879434223418
2.069825418440725 0.8780476264455883
2.168388533604569 0.8266927634711663
2.2669516487684134 0.7673133379998205
2.3655147639322576 0.7004857357600597
2.4640778790961013 0.6268586406334763
2.5626409942599455 0.5471467379934233
2.6612041094237897 0.4621237773787237
2.7597672245876335 0.37261506184182186
2.8583303397514777 0.2794894368759682
2.9568934549153214 0.18365085668352737
3.0554565700791656 0.08602960965016374
3.15401968524301 -0.012426711802292453
3.252582800406854 -0.11076240933024488
3.351145915570698 -0.20802295546549807
3.449709030734542 -0.30326425904694093
3.5482721458983857 -0.39556182934881906
3.64683526106223 -0.4840197499509965
3.745398376226074 -0.5677793752434164
3.8439614913899183 -0.6460276651493083
3.942524606553762 -0.7180050771634363
4.041087721717607 -0.7830129390987496
4.13965083688145 -0.8404202309754649
4.238213952045294 -0.8896697102219787
4.336777067209138 -0.9302833207313335
4.4353401823729826 -0.961866833268487
4.533903297536827 -0.9841136721847514
4.632466412700671 -0.9968078912941545
4.731029527864515 -0.9998262700254099
4.8295926430283584 -0.9931395095025163
4.928155758192203 -0.9768125169438368
5.026718873356047 -0.951003775619049
5.125281988519891 -0.9159638064796832
5.223845103683735 -0.8720327363959304
5.322408218847579 -0.819636996604425
5.420971334011423 -0.7592851834145923
5.519534449175267 -0.6915631213529592
5.618097564339111 -0.6171281766666337
5.716660679502955 -0.5367028763837737
5.8152237946667995 -0.4510678948697189
5.913786909830643 -0.3610544759570603
6.012350024994488 -0.2675363642067054
6.110913140158331 -0.17142132362179688
6.209476255322176 -0.07364232614081724
6.30803937048602 0.024851504558313565
6.406602485649863 0.12310410603628436
6.505165600813708 0.22016175742376837
6.603728715977551 0.3150823370235874
6.702291831141396 0.40694446732175193
6.80085494630524 0.49485645863830685
6.899418061469084 0.5779649646035746
6.997981176632928 0.6554632654425513
7.096544291796771 0.7265990986630904
7.1951074069606165 0.7906819611367375
7.29367052212446 0.8470898116921822
7.392233637288304 0.8952751091604448
7.490796752452148 0.9347701272615182
7.589359867615992 0.965191494741808
7.6879229827798365 0.9862439166920393
7.786486097943681 0.9977230409234473
7.885049213107524 0.9995174415788394
7.983612328271367 0.9916097007239602
8.082175443435213 0.9740765774203409
8.180738558599057 0.9470882626384776
8.2793016737629 0.9109067272437542
8.377864788926745 0.8658831790909365
8.476427904090588 0.8124546539107713
8.574991019254433 0.7511397730803528
8.673554134418277 0.682533709455859
8.77211724958212 0.6073024101334159
8.870680364745965 0.5261761322167647
8.969243479909808 0.4399423543389032
9.067806595073653 0.34943813274430446
9.166369710237497 0.25554197612992924
9.264932825401342 0.1591653181144855
9.363495940565185 0.06124367011124015
9.46205905572903 -0.03727245951814953
9.560622170892874 -0.1354267918825395
9.659185286056717 -0.23226655999375248
9.757748401220562 -0.32685175710958386
9.856311516384405 -0.41826426121532573
9.95487463154825 -0.5056167470740738
10.053437746712094 -0.5880612993380577
10.152000861875939 -0.6647976431150759
10.250563977039782 -0.7350809120973107
10.349127092203625 -0.7982288788486991
10.44769020736747 -0.8536285770676832
10.546253322531314 -0.9007422515442092
10.644816437695159 -0.9391125780557836
10.743379552859002 -0.9683671025339474
10.841942668022845 -0.9882218564109748
10.94050578318669 -0.9984841130532394
11.039068898350534 -0.999054258525039
11.137632013514379 -0.9899267585237008
11.236195128678222 -0.971190212100091
11.334758243842066 -0.9430264916430781
11.43332135900591 -0.9057089774759681
11.531884474169756 -0.8595999042013802
11.630447589333599 -0.8051468445531249
11.729010704497442 -0.7428783648857216
11.827573819661286 -0.6733988944729687
11.92613693482513 -0.5973828584183816
12.024700049988976 -0.5155681311283212
12.123263165152819 -0.4287488738938005
12.221826280316662 -0.33776782610531364
12.320389395480506 -0.24350812492853371
12.418952510644353 -0.14688473284584114
12.517515625808196 -0.048835556275071745
12.61607874097204 0.0496876585245505
12.714641856135882 0.14772856388737318
12.813204971299726 0.24433549384134212
12.911768086463573 0.3385707017636446
13.010331201627416 0.42951946292364
13.10889431679126 0.5162989535563315
13.207457431955103 0.5980668202786927
13.306020547118948 0.674029356667073
13.404583662282793 0.7434492076270415
13.503146777446636 0.8056525267707124
13.60170989261048 0.8600355173261296
13.700273007774323 0.9060702930872385
13.798836122938168 0.9433100025132379
13.897399238102013 0.9713931662385625
13.995962353265856 0.9900471858900521
14.0945254684297 0.999090990151825
14.193088583593543 0.9984367923929642
14.291651698757388 0.9880909427970361
14.390214813921233 0.9681538667219667
14.488777929085076 0.938819089888604
14.58734104424892 0.900371359860292
14.685904159412765 0.8531838820479271
14.784467274576608 0.7977146970701168
14.883030389740453 0.7345022346327623
14.981593504904296 0.6641600870858014
15.08015662006814 0.5873710533892582
15.178719735231985 0.5048805113028068
15.277282850395828 0.4174891821338417
15.375845965559673 0.32604535827536585
15.474409080723516 0.2314366689796683
15.572972195887361 0.13458146429594367
15.671535311051205 0.036419900806519204
15.770098426215048 -0.06209518430915796
15.868661541378893 -0.16000752229886156
15.967224656542735 -0.2563666951716036
16.06578777170658 -0.3502373612393603
16.164350886870427 -0.4407083343157045
16.262914002034268 -0.5269014284412461
16.361477117198113 -0.6079799822816047
16.460040232361955 -0.6831569804530659
16.5586033475258 -0.7517026929436961
16.657166462689645 -0.8129517584752978
16.75572957785349 -0.8663096430493239
16.854292693017335 -0.9112584109847239
16.952855808181177 -0.9473617524292817
17.05141892334502 -0.9742692185432723
17.149982038508867 -0.9917196232452304
17.24854515367271 -0.999543578499703
17.347108268836553 -0.9976651385373712
17.445671384000395 -0.9861025370473885
17.54423449916424 -0.9649680101861391
17.64279761432809 -0.9344667071204406
17.74136072949193 -0.8948946986803601
17.839923844655775 -0.8466361034512834
17.938486959819617 -0.7901593592018031
18.037050074983462 -0.7260126758399711
18.135613190147307 -0.6548187140353297
18.23417630531115 -0.5772685411603675
18.332739420474994 -0.4941149232200329
18.431302535638835 -0.40616501788341036
18.529865650802684 -0.3142725395449513
18.62842876596653 -0.21932947246775253
18.72699188113037 -0.1222574124478288
18.825554996294215 -0.02399862104443034
18.92411811145806 0.07449312078858408
19.022681226621902 0.17226177088815717
19.121244341785747 0.2683583060166064
19.21980745694959 0.3618499338646779
19.318370572113434 0.45182914750386016
19.416933687277282 0.5374225343978678
19.515496802441124 0.6177992544658253
19.61405991760497 0.6921791049020765
19.71262303276881 0.7598400934687364
19.811186147932656 0.8201254467484679
19.9097492630965 0.8724499853294988
20.008312378260342 0.9163058040401371
20.106875493424187 0.9512672020957078
20.20543860858803 0.9769948153018266
20.304001723751878 0.9932389102034668
20.402564838915723 0.9998418082040494
20.501127954079564 0.9967394161240924
20.59969106924341 0.9839618483425229
20.69825418440725 0.9616331344816542
20.796817299571096 0.9299700154732673
20.89538041473494 0.8892798396921852
20.993943529898782 0.839957579579193
21.092506645062628 0.7824819977124239
21.191069760226473 0.7174109995425094
21.289632875390318 0.6453762179016509
21.388195990554163 0.5670768818538626
21.486759105718004 0.4832730294003817
21.58532222088185 0.3947781299233123
21.68388533604569 0.30245118798020765
21.782448451209536 0.20718840509659692
21.88101156637338 0.10991448049407888
21.979574681537223 0.011573635196216589
22.078137796701068 -0.08687955336029671
22.176700911864913 -0.18448941724233578
22.275264027028758 -0.28030847452233565
22.373827142192603 -0.37340662632013777
22.472390257356444 -0.4628801851106266
22.57095337252029 -0.5478606466609643
22.66951648768413 -0.6275231204497077
22.768079602847976 -0.70109433673528
22.86664271801182 -0.7678601525504901
22.965205833175663 -0.8271724837637929
23.06376894833951 -0.8784555959189485
23.162332063503353 -0.9212116927889717
23.260895178667198 -0.955025748397328
23.359458293831043 -0.9795695356026958
23.458021408994885 -0.9946048121426003
23.55658452415873 -0.9999856332095106
23.65514763932257 -0.9956597681116335
23.753710754486416 -0.9816692072671325
23.85227386965026 -0.958149754610461
23.950836984814107 -0.9253297093672525
24.04940009997795 -0.8835276499935464
24.147963215141793 -0.8331493417902723
24.246526330305638 -0.7746837982102227
24.345089445469483 -0.708698534089751
24.443652560633325 -0.6358340568812146
24.54221567579717 -0.5567976493588163
24.64077879096101 -0.4723565041480694
24.739341906124857 -0.38333027672074244
24.837905021288705 -0.2905831291421423
24.936468136452547 -0.19501534180064362
25.03503125161639 -0.09755457454291805
25.133594366780233 0.000853137958395401
25.23215748194408 0.09925256919831982
25.330720597107923 0.19668857305662793
25.429283712271765 0.2922153552346841
25.52784682743561 0.38490565391578463
25.62640994259945 0.4738597405338932
25.7249730577633 0.5582141532819669
25.823536172927145 0.6371500785851127
25.922099288090987 0.7099012991812037
26.020662403254832 0.7757616316582245
26.119225518418673 0.8340917812534935
26.21778863358252 0.8843255473764632
26.316351748746364 0.9259753196191037
26.414914863910205 0.9586368109051122
26.51347797907405 0.9819929818340651
26.612041094237895 0.995817118127586
26.71060420940174 0.9999750313053167
26.809167324565585 0.9944263612290949
26.907730439729427 0.9792249678717782
27.006293554893272 0.9545184085078766
27.104856670057114 0.9205465054008255
27.20341978522096 0.8776390178900864
27.301982900384804 0.82621244147475
27.400546015548645 0.7667659649643532
27.499109130712494 0.6998766249401415
27.597672245876335 0.6261937045616243
27.69623536104018 0.5464324310881336
27.794798476204026 0.4613670332925655
27.893361591367867 0.3718232261576819
27.991924706531712 0.2786701958047498
28.090487821695554 0.18281216245545323
28.1890509368594 0.0851796033238518
28.287614052023244 -0.01327977936365615
28.386177167187086 -0.11161025754859596
28.484740282350934 -0.20885735442603517
28.583303397514776 -0.3040771093844495
28.68186651267862 -0.3963452408668205
28.780429627842466 -0.4847661182104959
28.878992743006307 -0.5684814553778669
28.977555858170152 -0.6466786421892761
29.076118973333994 -0.718598632188309
29.17468208849784 -0.7835433105734064
29.273245203661684 -0.8408822706764878
29.37180831882553 -0.8900589332105593
29.470371433989374 -0.9305959488877938
29.568934549153216 -0.9620998319658272
29.66749766431706 -0.9842647797452477
29.766060779480906 -0.9968756409430668
29.864623894644748 -0.9998100041287105
29.963187009808593 -0.9930393859504278
30.061750124972434 -0.9766295076182205
30.16031324013628 -0.9507396569595152
30.258876355300128 -0.9156211422400015
30.35743947046397 -0.8716148527581243
30.456002585627814 -0.8191479498920952
30.554565700791656 -0.7587297207188972
30.6531288159555 -0.690946634453423
30.751691931119346 -0.6164566496940875
30.850255046283188 -0.5359828277334427
30.948818161447033 -0.45030631392828735
31.047381276610874 -0.36025875525792517
31.145944391774723 -0.26671422767193087
31.244507506938568 -0.17058075158736408
31.34307062210241 -0.07279147789289127
31.441633737266255 0.02570436998416567
31.540196852430096 0.12395071002409237
31.63875996759394 0.2209938821362546
31.737323082757786 0.31589190517127475
31.83588619792163 0.40772362056780104
31.93444931308547 0.49559763387802175
32.033012428249314 0.5786609673781546
32.13157554341316 0.6561073397744347
32.230138658577005 0.7271849926350459
32.32870177374085 0.7912039875781507
32.42726488890469 0.8475429033834097
32.525828004068536 0.895654868019457
32.624391119232385 0.9350728670352919
32.72295423439623 0.9654142767881482
32.821517349560075 0.9863845785044724
32.92008046472391 0.9977802171222867
33.01864357988776 0.9994905771646948
33.1172066950516 0.9914990564650148
33.21576981021545 0.9738832273211218
33.31433292537929 0.9468140835146823
33.41289604054313 0.9105543805043269
33.51145915570698 0.8654560849042323
33.61002227087082 0.8119569580055866
33.70858538603467 0.7505763065040483
33.80714850119851 0.6819099416802372
33.90571161636235 0.6066243959635029
34.004274731526195 0.525450453017878
34.10283784669004 0.4391760541524753
34.201400961853885 0.348638649912626
34.299964077017734 0.25471707109342573
34.398527192181575 0.15832299808250846
34.49709030734542 0.060392111337455145
34.595653422509265 -0.03812499110122488
34.69421653767311 -0.13627202089948684
34.792779652836956 -0.23309628195390167
34.89134276800079 -0.3276579180465387
34.98990588316464 -0.41903903586546415
35.08846899832848 -0.5063526148349634
35.18703211349233 -0.5887511172696713
35.28559522865618 -0.6654347152750393
35.38415834382001 -0.7356590545372504
35.48272145898386 -0.7987424796407765
35.5812845741477 -0.8540726507785655
35.67984768931155 -0.9011124876278265
35.77841080447539 -0.9394053826950298
35.876973919639234 -0.9685796335252496
35.975537034803075 -0.9883520507530617
36.074100149966924 -0.998530706972336
36.17266326513077 -0.9990167997420971
36.271226380294614 -0.9898056106445945
36.369789495458456 -0.9709865510861574
36.4683526106223 -0.9427422943962656
36.566915725786146 -0.9053470026493913
36.66547884094999 -0.859163665421563
36.764041956113836 -0.8046405763138271
36.86260507127767 -0.742306981444468
36.96116818644152 -0.6727679421491772
37.05973130160537 -0.5966984617562346
37.15829441676921 -0.5148369334468795
37.25685753193306 -0.42797797280144434
37.35542064709689 -0.3369647046045303
37.45398376226074 -0.2426805787796704
37.55254687742458 -0.14604079489506816
37.65110999258843 -0.04798341848090153
37.74967310775227 0.050539724609138095
37.84823622291612 0.14857228740548478
37.94679933807996 0.24516268491590826
38.045362453243804 0.3393733309951462
38.14392556840765 0.4302897393300988
38.242488683571494 0.5170294001989836
38.34105179873534 0.5987503468393587
38.43961491389918 0.6746593282726088
38.538178029063026 0.7440195092529371
38.63674114422687 0.8061576225985304
38.735304259390716 0.8604705044787515
38.833867374554565 0.9064309492202257
38.9324304897184 0.9435928268003921
39.03099360488225 0.9715954133538522
39.12955672004609 0.9901668926559958
39.22811983520994 0.9991269945957205
39.32668295037378 0.9983887450259524
39.42524606553762 0.9879593100065309
39.52380918070146 0.967939926244512
39.62237229586531 0.9385249184071053
39.72093541102916 0.8999998128460219
39.819498526193 0.8527385660429666
39.91806164135684 0.7971999346792719
40.016624756520685 0.7339230225647984
40.11518787168453 0.6635220476512534
40.213750986848375 0.5866803799256615
40.31231410201222 0.504143908057029
40.41087721717606 0.4167137991851523
40.509440332339906 0.32523872213082594
40.608003447503755 0.23060660951567036
40.7065665626676 0.13373603875496806
40.805129677831445 0.035567315586858744
40.90369279299528 -0.06294665331143509
41.00225590815913 -0.1608496100226412
41.10081902332297 -0.25719122761819013
41.19938213848682 -0.35103633481607777
41.29794525365066 -0.4414739935253632
41.3965083688145 -0.5276263411634163
41.49507148397835 -0.6086571119149049
41.59363459914219 -0.68377975421822
41.69219771430604 -0.752265065684367
41.79076082946988 -0.8134482713373532
41.88932394463372 -0.866735476468994
41.987887059797565 -0.9116094314712612
42.08645017496141 -0.947634552688038
42.185013290125255 -0.9744611505497028
42.283576405289104 -0.9918288239488193
42.382139520452945 -0.9995689879082621
42.48070263561679 -0.9976065100062027
42.579265750780635 -0.9859604396734198
42.67782886594448 -0.964743823283802
42.776391981108326 -0.9341626068329019
42.87495509627216 -0.8945136368560852
42.97351821143601 -0.8461817789909468
43.07208132659985 -0.7896361821537183
43.1706444417637 -0.7254257245925101
43.26920755692754 -0.6541736860219043
43.36777067209138 -0.5765716975554221
43.46633378725523 -0.4933730281629225
43.56489690241907 -0.4053852728200861
43.66346001758292 -0.31346251332477143
43.76202313274676 -0.2184970278739881
43.860586247910604 -0.12141062987498695
43.959149363074445 -0.0231457200632879
44.057712478238294 0.0753438612169385
44.156275593402135 0.17310209277473348
44.254838708565984 0.2691800525033898
44.353401823729826 0.3626451284018132
44.45196493889367 0.45259007127663764
44.550528054057516 0.5381418012519178
44.64909116922136 0.6184698826032208
44.747654284385206 0.6927945846524339
44.84621739954904 0.7603944504774387
44.94478051471289 0.820613299968707
45.04334362987673 0.8728665992551334
45.14190674504058 0.9166471346724447
45.24046986020443 0.9515299361977593
45.33903297536826 0.9771764025595059
45.43759609053211 0.9933375879809306
45.53615920569595 0.9998566186533193
45.6347223208598 0.9966702154827197
45.73328543602364 0.9838093083290669
45.831848551187484 0.9613987357754255
45.930411666351326 0.929656033341634
46.028974781515174 0.8888893219049446
46.12753789667902 0.8394943168244052
46.226101011842864 0.7819504868008715
46.324664127006706 0.716816399757927
46.42322724217055 0.644724300920462
46.521790357334396 0.5663739757205175
46.62035347249824 0.4825259571021471
46.718916587662086 0.39399414316071
46.81747970282592 0.3016378967760411
46.91604281798977 0.20635370392675376
47.01460593315362 0.10906647165726009
47.11316904831746 0.010720550166329461
47.21173216348131 -0.08772943383563096
47.31029527864514 -0.1853278435215306
47.40885839380899 -0.2811273081477171
47.50742150897283 -0.3741979190164851
47.60598462413668 -0.46363625593773117
47.70454773930052 -0.548574156571141
47.803110854464364 -0.6281871435266827
47.90167396962821 -0.7017024274228396
48.000237084792055 -0.7684064082183636
48.0988001999559 -0.8276516020034744
48.197363315119745 -0.8788629260132258
48.295926430283586 -0.9215432808556536
48.39448954544743 -0.9552783757688721
48.493052660611276 -0.9797407500692618
48.59161577577512 -0.9946929517552163
48.69017889093897 -0.9999898424123268
48.78874200610281 -0.9955800060466516
48.88730512126665 -0.9815062481708092
48.9858682364305 -0.9579051802983264
49.08443135159434 -0.9250058938795076
49.18299446675819 -0.8831277365506616
