0.0 0.0
0.023163364020758026 0.02316129272557239
0.04632672804151605 0.0463101590135844
0.06949009206227409 0.06943417909347616
0.0926534560830321 0.09252094652511181
0.11581682010379013 0.1155580748550512
0.13898018412454818 0.13853320426209806
0.1621435481453062 0.16143400818855966
0.1853069121660642 0.18424819995366018
0.20847027618682223 0.20696353934555922
0.23163364020758026 0.22956783918843884
0.2547970042283383 0.2520489718811361
0.27796036824909637 0.2743948759038127
0.30112373226985434 0.29659356228917033
0.3242870962906124 0.31863312105474156
0.3474504603113704 0.3405017275928023
0.3706138243321284 0.36218764901448075
0.3937771883528865 0.3836792504446567
0.41694055237364447 0.4049650012642748
0.44010391639440255 0.42603348129672336
0.4632672804151605 0.4468733869349575
0.48643064443591855 0.46747353720608237
0.5095940084566766 0.48782287977013955
0.5327573724774347 0.5079104968498805
0.5559207364981927 0.5277256110883444
0.5790841005189507 0.5472575913310979
0.6022474645397087 0.5664959583300356
0.6254108285604667 0.5854303903656789
0.6485741925812248 0.6040507287849586
0.6717375566019829 0.6223469834515095
0.6949009206227408 0.640309338105553
0.7180642846434988 0.6579281556304918
0.7412276486642568 0.6751939832233903
0.764391012685015 0.6920975574665693
0.787554376705773 0.7086298092975905
0.8107177407265309 0.7247818688749665
0.8338811047472889 0.7405450703369867
0.857044468768047 0.7559109564511017
0.8802078327888051 0.7708712831513772
0.9033711968095631 0.7854180239615784
0.926534560830321 0.7995433743015151
0.9496979248510792 0.8132397556743352
0.9728612888718371 0.8264998197325195
0.9960246528925951 0.8393164522203996
1.0191880169133531 0.8516827767910794
1.0423513809341112 0.8635921586957152
1.0655147449548694 0.8750382083431741
1.0886781089756272 0.8860147847281615
1.1118414729963855 0.8965159987259779
1.1350048370171433 0.9065362162521351
1.1581682010379013 0.9160700612851438
1.1813315650586595 0.9251124187508402
1.2044949290794174 0.9336584372667138
1.2276582931001756 0.9417035317447591
1.2508216571209334 0.949243385851454
1.2739850211416914 0.9562739543235491
1.2971483851624497 0.9627914651384218
1.3203117491832075 0.9687924215378321
1.3434751132039657 0.974273603903994
1.3666384772247235 0.9792320714869573
1.3898018412454816 0.983665163982371
1.4129652052662398 0.9875705029587829
1.4361285692869976 0.9909459931337093
1.4592919333077559 0.9937898234977914
1.4824552973285137 0.9961004682864324
1.5056186613492717 0.9978766877983976
1.52878202537003 0.9991175290609354
1.5519453893907877 0.9998223263410639
1.575108753411546 0.9999907015027484
1.5982721174323038 0.9996225642097774
1.6214354814530618 0.9987181119742301
1.64459884547382 0.9972778300505077
1.6677622094945779 0.9953024911749859
1.6909255735153361 0.9927931551514282
1.714088937536094 0.9897511682823825
1.737252301556852 0.9861781626468671
1.7604156655776102 0.9820760552247307
1.783579029598368 0.9774470468681606
1.8067423936191263 0.9722936211208858
1.829905757639884 0.9666185428857135
1.853069121660642 0.9604248569411096
1.8762324856814 0.9537158863076228
1.8993958497021584 0.9464952304650257
1.9225592137229164 0.9387667634211311
1.9457225777436742 0.9305346316333193
1.9688859417644322 0.9218032517838912
1.9920493057851902 0.9125773084104415
2.0152126698059485 0.9028617513925224
2.0383760338267063 0.8926617932959474
2.0615393978474645 0.8819829065761573
2.0847027618682223 0.8708308206421544
2.10786612588898 0.8592115187825733
2.131029489909739 0.8471312349555418
2.1541928539304966 0.8345964504440561
2.1773562179512544 0.8216138903786562
2.2005195819720127 0.8081905201292776
2.223682945992771 0.7943335415682096
2.2468463100135287 0.7800503892061639
2.2700096740342866 0.7653487262035302
2.293173038055045 0.7502364402589572
2.3163364020758026 0.7347216393774649
2.339499766096561 0.7188126475203579
2.362663130117319 0.7025180001392755
2.385826494138077 0.6858464395967729
2.4089898581588347 0.6688069104758909
2.4321532221795925 0.651408554781231
2.455316586200351 0.6336607070341103
2.478479950221109 0.6155728892644303
2.501643314241867 0.597154805901938
2.524806678262625 0.5784163385696321
2.547970042283383 0.5593675407821009
2.571133406304141 0.5400186325516336
2.5942967703248994 0.5203799949050082
2.617460134345657 0.5004621643138882
2.640623498366415 0.4802758270418214
2.663786862387173 0.45983181341087337
2.6869502264079315 0.4391410919909719
2.7101135904286893 0.418214763715077
2.733276954449447 0.3970640559233358
2.7564403184702053 0.3757003163394198
2.779603682490963 0.3541350069822741
2.8027670465117214 0.3323796980165417
2.8259304105324796 0.310446061544971
2.8490937745532374 0.28834586534612794
2.8722571385739952 0.26609096656077663
2.895420502594753 0.24369330533031802
2.9185838666155117 0.22116489839069403
2.9417472306362695 0.19851783262520292
2.9649105946570273 0.17576425857967024
2.9880739586777856 0.15291638394347207
3.0112373226985434 0.1299864669998976
3.0344006867193016 0.10698681004936332
3.05756405074006 0.08392975280901728
3.0807274147608177 0.06082766579226422
3.1038907787815755 0.03769294367176858
3.1270541428023337 0.014537998629497177
3.150217506823092 -0.008624746302631967
3.17338087084385 -0.031782863907923876
3.1965442348646076 -0.05492392945232603
3.219707598885366 -0.078035527350514
3.2428709629061236 -0.10110525782706827
3.266034326926882 -0.12412074356917309
3.28919769094764 -0.14706963636725764
3.312361054968398 -0.1699396237400272
3.3355244189891557 -0.19271843554032494
3.3586877830099136 -0.21539385053827872
3.3818511470306722 -0.23795370297820526
3.40501451105143 -0.26038588910574684
3.428177875072188 -0.282678373661752
3.451341239092946 -0.3048191963393988
3.474504603113704 -0.32679647820110713
3.497667967134462 -0.34859842805179925
3.5208313311552204 -0.37021334876507833
3.543994695175978 -0.39162964355894225
3.567158059196736 -0.4128358222176602
3.5903214232174943 -0.43382050725647303
3.6134847872382525 -0.45457244002581154
3.6366481512590103 -0.4750804867517589
3.659811515279768 -0.49533364450951584
3.6829748793005264 -0.5153210471266605
3.706138243321284 -0.5350319710130385
3.7293016073420424 -0.5544558409141588
3.7524649713628 -0.5735822355849992
3.7756283353835585 -0.5924008933811891
3.7987916994043167 -0.6109017177645577
3.821955063425074 -0.6290747827201044
3.8451184274458328 -0.6469103380814811
3.86828179146659 -0.6643988147621206
3.8914451554873484 -0.6815308298892258
3.914608519508107 -0.6982971918378389
3.9377718835288644 -0.7146889051623099
3.9609352475496227 -0.7306971754225137
3.9840986115703805 -0.7463134139022148
4.007261975591138 -0.7615292422170683
4.030425339611897 -0.7763364968097669
4.053588703632655 -0.7907272333299308
4.076752067653413 -0.8046937308963932
4.09991543167417 -0.8182284962395855
4.123078795694929 -0.8313242677218087
4.146242159715687 -0.8439740192332257
4.169405523736445 -0.856170963961496
4.192568887757203 -0.867908558033016
4.21573225177796 -0.8791805040238211
4.238895615798719 -0.889980754338267
4.262058979819478 -0.9003035144536654
4.285222343840235 -0.9101432460291491
4.308385707860993 -0.9194946698770902
4.331549071881751 -0.9283527687954721
4.354712435902509 -0.9367127902597095
4.377875799923268 -0.9445702489724594
4.401039163944025 -0.9519209292700607
4.424202527964783 -0.9587608873843125
4.447365891985542 -0.9650864535583743
4.470529256006299 -0.9708942340156532
4.4936926200270575 -0.9761811127806271
4.516855984047815 -0.9809442533506163
4.540019348068573 -0.9851811002176197
4.563182712089332 -0.988889380239388
4.58634607611009 -0.9920671038590039
4.609509440130847 -0.9947125661723152
4.632672804151605 -0.9968243478426447
4.655836168172364 -0.9984013158622898
4.678999532193122 -0.9994426241603998
4.7021628962138795 -0.9999477140569087
4.725326260234638 -0.9999163145622768
4.748489624255395 -0.9993484425228807
4.771652988276154 -0.9982444026119749
4.794816352296912 -0.99660478716623
4.817979716317669 -0.9944304758679334
4.841143080338428 -0.9917226352730238
4.864306444359185 -0.9884827181852149
4.887469808379944 -0.9847124628765394
4.910633172400702 -0.9804138921547365
4.933796536421459 -0.9755893122779811
4.956959900442218 -0.9702413117175337
4.980123264462976 -0.9643727597689831
5.003286628483734 -0.9579868050128173
5.026449992504492 -0.9510868736251561
5.04961335652525 -0.943676667539548
5.072776720546008 -0.9357601624608174
5.095940084566766 -0.9273416057320303
5.119103448587524 -0.91842551405572
5.142266812608282 -0.9090166710705992
5.16543017662904 -0.8991201247850518
5.188593540649799 -0.8887411848687895
5.211756904670556 -0.8778854198041234
5.234920268691314 -0.8665586538983711
5.258083632712072 -0.8547669641590202
5.28124699673283 -0.8425166770333036
5.304410360753589 -0.8298143650139508
5.327573724774346 -0.8166668431129337
5.350737088795104 -0.8030811652050899
5.373900452815863 -0.7890646202435977
5.39706381683662 -0.7746247283493276
5.4202271808573785 -0.7597692367761605
5.443390544878136 -0.7445061157544581
5.466553908898894 -0.7288435542148898
5.489717272919653 -0.7127899553949301
5.512880636940411 -0.6963539323303775
5.536044000961168 -0.6795443032343067
5.559207364981926 -0.6623700867659459
5.582370729002685 -0.6448404971920074
5.605534093023443 -0.6269649394430757
5.6286974570442005 -0.6087530040676942
5.651860821064959 -0.59021446208687
5.675024185085716 -0.5713592597517544
5.698187549106475 -0.5521975132072974
5.721350913127233 -0.5327395030647692
5.7445142771479905 -0.512995668886026
5.767677641168749 -0.49297660358250445
5.790841005189506 -0.47269304773194404
5.814004369210265 -0.45215588381587096
5.8371677332310234 -0.4313761303809669
5.86033109725178 -0.4103649361274222
5.883494461272539 -0.3891335739274585
5.906657825293297 -0.36769343477724714
5.929821189314055 -0.3460560216854315
5.952984553334813 -0.3242329435015659
5.976147917355571 -0.30223590868776773
5.999311281376329 -0.2800767190369181
6.022474645397087 -0.2577672633407978
6.0456380094178455 -0.23531951101154092
6.068801373438603 -0.21274550565984043
6.091964737459361 -0.1900573586333354
6.11512810148012 -0.1672672425186645
6.138291465500877 -0.14438738461066442
6.161454829521635 -0.12143006035220315
6.184618193542393 -0.09840758674820325
6.207781557563151 -0.07533231575734399
6.23094492158391 -0.05221662766502369
6.2541082856046675 -0.029072924441123256
6.277271649625425 -0.005913623086127723
6.300435013646184 0.017248851030808462
6.323598377666941 0.040402070838285176
6.3467617416877 0.06353361423000696
6.369925105708457 0.0866310707294473
6.393088469729215 0.10968204814829556
6.416251833749974 0.13267417923507857
6.439415197770732 0.15559512831040415
6.4625785617914895 0.17843259788527355
6.485741925812247 0.2011743352588954
6.508905289833006 0.22380813909247493
6.532068653853764 0.24632186595544184
6.555232017874522 0.2687034368406177
6.57839538189528 0.2909408436448114
6.601558745916037 0.31302215561137253
6.624722109936796 0.33493552573126
6.647885473957554 0.35666919709915684
6.6710488379783115 0.3782115092212646
6.69421220199907 0.39955090427135814
6.717375566019827 0.4206759332917576
6.740538930040586 0.44157526233590333
6.7637022940613445 0.4622376785492047
6.786865658082101 0.48265209618493776
6.81002902210286 0.5028075625519459
6.833192386123618 0.5226932638909398
6.856355750144376 0.5422985311762766
6.879519114165134 0.5616128458400744
6.902682478185892 0.5806258454156062
6.92584584220665 0.5993273290969481
6.949009206227408 0.6177072632118863
6.9721725702481665 0.6357557866051592
6.995335934268924 0.6534632159291361
7.018499298289682 0.6708200508391068
7.041662662310441 0.6878169790903791
7.064826026331198 0.7044448815344593
7.087989390351956 0.7206948370116404
7.111152754372714 0.7365581271373515
7.134316118393472 0.75202624097973
7.157479482414231 0.767090879625883
7.1806428464349885 0.7817439606343958
7.203806210455746 0.7959776223717075
7.226969574476505 0.8097842282300125
7.250132938497262 0.8231563707244312
7.273296302518021 0.8360868754672607
7.296459666538778 0.8485688050171524
7.319623030559536 0.8605954626011751
7.342786394580295 0.872160395707749
7.365949758601053 0.883257399548529
7.3891131226218105 0.8938805203873849
7.412276486642568 0.9040240587346825
7.435439850663327 0.9136825724051606
7.458603214684085 0.9228508794377562
7.4817665787048435 0.9315240608758201
7.5049299427256 0.9396974634062194
7.528093306746358 0.9473667018559251
7.551256670767117 0.9545276615447309
7.574420034787875 0.9611765004928512
7.597583398808633 0.967309651482212
7.62074676282939 0.9729238239703237
7.643910126850148 0.9780160058557164
7.667073490870907 0.982583465093983
7.6902368548916655 0.9866237511635699
7.713400218912423 0.9901346963805242
7.73656358293318 0.9931144170614937
7.759726946953939 0.9955613145343569
7.782890310974697 0.9974740759959371
7.806053674995455 0.9988516752163448
7.829217039016214 0.9996933730895682
7.85238040303697 0.9999987180300163
7.875543767057729 0.9997675462148022
7.8987071310784875 0.9989999816716372
7.921870495099245 0.9976964362122878
7.945033859120004 0.995857609211631
7.968197223140761 0.9934844872324287
7.991360587161519 0.9905783434960176
8.014523951182277 0.9871407371992058
8.037687315203035 0.9831735126777352
8.060850679223794 0.9786787984167636
8.08401404324455 0.973659005908896
8.10717740726531 0.9681168283603745
8.130340771286068 0.9620552392461291
8.153504135306825 0.9554774907144552
8.176667499327584 0.9483871118421776
8.19983086334834 0.9407879067412434
8.2229942273691 0.9326839525177442
8.246157591389858 0.9240795970844827
8.269320955410615 0.9149794568282392
8.292484319431374 0.9053884141329979
8.31564768345213 0.8953116147604671
8.33881104747289 0.8847544650892828
8.361974411493648 0.8737226292143977
8.385137775514407 0.8622220259081921
8.408301139535164 0.850258825444951
8.43146450355592 0.8378394462904017
8.45462786757668 0.8249705516580965
8.477791231597438 0.8116590459344848
8.500954595618197 0.7979120709745859
8.524117959638955 0.7837370022702607
8.54728132365971 0.7691414449931335
8.57044468768047 0.7541332299142762
8.593608051701228 0.738720409202876
8.616771415721987 0.7229112521060973
8.639934779742745 0.7067142405124893
8.663098143763502 0.6901380644013049
8.686261507784259 0.6731916171801725
8.709424871805018 0.6558839909136297
8.732588235825776 0.6382244714450745
8.755751599846535 0.6202225334147451
8.778914963867292 0.6018878351764123
8.80207832788805 0.5832302136154986
8.825241691908808 0.564259678871428
8.848405055929566 0.5449864089669993
8.871568419950325 0.5254207443477106
8.894731783971084 0.5055731823339227
8.91789514799184 0.48545437148886794
8.941058512012598 0.4650751059055048
8.964221876033356 0.4444463194153021
8.987385240054115 0.4235790797220509
9.010548604074874 0.4024845824638434
9.03371196809563 0.3811741452064214
9.05687533211639 0.359659201371098
9.080038696137146 0.3379512941005393
9.103202060157905 0.31606207006565357
9.126365424178664 0.2940032732169611
9.14952878819942 0.2717867384837547
9.17269215222018 0.24942438542444856
9.195855516240936 0.22692821183153924
9.219018880261695 0.2043102872945671
9.242182244282453 0.18158274672458277
9.26534560830321 0.15875778384355083
9.288508972323969 0.13584764464219978
9.311672336344728 0.11286462080984505
9.334835700365485 0.08982104313967793
9.357999064386243 0.0667292749130747
9.381162428407 0.04360170526649286
9.404325792427759 0.020450742544469096
9.427489156448518 -0.002711192357661512
9.450652520469276 -0.025871672657799653
9.473815884490033 -0.04901827235426359
9.49697924851079 -0.07213857289256112
9.520142612531549 -0.09522016982815715
9.543305976552308 -0.118250679481671
9.566469340573066 -0.14121774558294178
9.589632704593823 -0.16410904590037925
9.61279606861458 -0.18691229885206137
9.635959432635339 -0.2096152700950136
9.659122796656098 -0.232205779089144
9.682286160676856 -0.2546717056323205
9.705449524697615 -0.2770009963630692
9.72861288871837 -0.29918167122740946
9.751776252739129 -0.3212018299063757
9.774939616759887 -0.3430496582007254
9.798102980780646 -0.364713434369477
9.821266344801405 -0.38618153541882455
9.844429708822162 -0.4074424433380756
9.867593072842919 -0.4284847512792692
9.890756436863677 -0.4492971696771459
9.913919800884436 -0.4698685323061929
9.937083164905195 -0.49018780227152403
9.960246528925952 -0.5102440779303629
9.98340989294671 -0.5300265987409707
10.006573256967467 -0.5495247510358541
10.029736620988226 -0.5687280737161943
10.052899985008985 -0.5876262638643995
10.076063349029742 -0.6062091822718041
10.0992267130505 -0.6244668588785347
10.122390077071257 -0.642389498122612
10.145553441092016 -0.6599674841954515
10.168716805112775 -0.6771913862009027
10.191880169133531 -0.694051963215094
10.21504353315429 -0.710540169244353
10.238206897175049 -0.7266471580785325
10.261370261195806 -0.7423642880371598
10.284533625216564 -0.7576831266058536
10.307696989237321 -0.7725954549605059
10.33086035325808 -0.7870932723768338
10.354023717278839 -0.8011688005229005
10.377187081299597 -0.8148144876323296
10.400350445320354 -0.8280230125559577
10.423513809341111 -0.8407872886897622
10.44667717336187 -0.8531004677769448
10.469840537382629 -0.8649559435821401
10.493003901403387 -0.8763473554357779
10.516167265424144 -0.8872685916466921
10.539330629444901 -0.8977137927811526
10.56249399346566 -0.9076773548065509
10.585657357486419 -0.9171539320980604
10.608820721507177 -0.92613844030666
10.631984085527936 -0.934626059086975
10.655147449548693 -0.9426122346834755
10.67831081356945 -0.9500926823736483
10.701474177590208 -0.9570633887668231
10.724637541610967 -0.963520613957426
10.747800905631726 -0.9694608935315062
10.770964269652483 -0.9748810404254525
10.79412763367324 -0.9797781466359109
10.817290997693998 -0.9841495847799772
10.840454361714757 -0.9879930095048335
10.863617725735516 -0.9913063587460725
10.886781089756273 -0.99408785483403
10.909944453777031 -0.9963360054475359
10.933107817797788 -0.9980496044145702
10.956271181818547 -0.9992277323593967
10.979434545839306 -0.9998697571958218
11.002597909860063 -0.9999753344663218
11.025761273880821 -0.9995444075268495
11.048924637901578 -0.9985772075772247
11.072088001922337 -0.9970742535370916
11.095251365943096 -0.9950363517675096
11.118414729963852 -0.9924645956383262
11.141578093984611 -0.9893603649415648
11.16474145800537 -0.9857253251511429
11.187904822026127 -0.9815614265293159
11.211068186046885 -0.9768709030803268
11.234231550067642 -0.9716562713518254
11.257394914088401 -0.9659203290846948
11.28055827810916 -0.9596661537120162
11.303721642129918 -0.9528971007079715
11.326885006150675 -0.9456168017875737
11.350048370171432 -0.9378291629581866
11.373211734192191 -0.9295383624238852
11.39637509821295 -0.9207488483437767
11.419538462233708 -0.9114653364454846
11.442701826254465 -0.9016928074950799
11.465865190275222 -0.8914365046248104
11.489028554295981 -0.8807019305200705
11.51219191831674 -0.8694948444671164
11.535355282337498 -0.857821259263106
11.558518646358257 -0.8456874379901288
