0.0 0.0
0.10964099431989055 0.10942145788550169
0.2192819886397811 0.21752886143296657
0.32892298295967165 0.32302393692761655
0.4385639772795622 0.42463978238994843
0.5482049715994527 0.5211560819411262
0.6578459659193433 0.6114137607107604
0.7674869602392338 0.6943289042946716
0.8771279545591244 0.7689057756023401
0.9867689488790149 0.8342487727732821
1.0964099431989054 0.889573184558424
1.206050937518796 0.93421461400391
1.3156919318386866 0.967636957267289
1.425332926158577 0.9894388417475987
1.5349739204784676 0.9993584462131322
1.6446149147983582 0.9972766450414439
1.7542559091182488 0.9832184388120674
1.8638969034381394 0.9573526540718039
1.9735378977580298 0.9199899158781283
2.08317889207792 0.8715789174686658
2.192819886397811 0.8127010318546881
2.3024608807177014 0.7440633300485964
2.412101875037592 0.6664900897702647
2.5217428693574826 0.5809128966051271
2.631383863677373 0.4883594564902891
2.7410248579972634 0.3899412538807508
2.850665852317154 0.28684020381018027
2.9603068466370446 0.18029445814311584
3.069947840956935 0.07158353647286865
3.1795888352768262 -0.03798703977018333
3.2892298295967164 -0.14710142546922414
3.398870823916607 -0.2544492539499225
3.5085118182364976 -0.35874137331812667
3.618152812556388 -0.4587253280269342
3.727793806876279 -0.5532003997532841
3.837434801196169 -0.6410320269565294
3.9470757955160596 -0.7211654299529271
4.05671678983595 -0.7926382778810177
4.16635778415584 -0.8545922454389207
4.275998778475731 -0.9062833206074107
4.385639772795622 -0.9470907395721898
4.495280767115513 -0.9765244415448998
4.604921761435403 -0.9942309539570957
4.714562755755293 -0.9999976373512495
4.824203750075184 -0.9937552389914112
4.933844744395074 -0.9755787245269427
5.043485738714965 -0.9456863777217781
5.153126733034855 -0.9044371790606647
5.262767727354746 -0.8523264947129857
5.372408721674637 -0.7899801276258825
5.482049715994527 -0.718146802187741
5.591690710314418 -0.637689172714557
5.701331704634308 -0.5495734637392571
5.810972698954199 -0.45485786651486954
5.920613693274089 -0.35467983107923645
6.030254687593979 -0.2502424064922403
6.13989568191387 -0.14279979328715717
6.2495366762337605 -0.033642281638333604
6.3591776705536525 0.07591924387562016
6.468818664873543 0.1845690468290884
6.578459659193433 0.29100233977309514
6.688100653513324 0.39394095357146536
6.797741647833214 0.4921486870747411
6.907382642153105 0.5844461527959304
7.017023636472995 0.6697249403047152
7.126664630792885 0.7469609272503807
7.236305625112776 0.815226578159906
7.345946619432667 0.8737020833136055
7.455587613752558 0.9216852039303403
7.565228608072448 0.9585997054303712
7.674869602392338 0.9840022774998907
7.784510596712229 0.997587857853399
7.894151591032119 0.9991932957602874
8.00379258535201 0.9887993113399298
8.1134335796719 0.9665307270958914
8.22307457399179 0.9326549689087386
8.33271556831168 0.8875788544891857
8.442356562631572 0.8318437078594084
8.551997556951463 0.7661188585332449
8.661638551271354 0.6911936034643535
8.771279545591243 0.6079677282921739
8.880920539911132 0.5174407017170888
8.990561534231025 0.4206996727707321
9.100202528550916 0.31890641512355367
9.209843522870806 0.21328337521685542
9.319484517190697 0.10509899176885376
9.429125511510586 -0.0043475370455665985
9.538766505830479 -0.11374185580882776
9.648407500150368 -0.2217702360995936
9.758048494470259 -0.3271353532020836
9.867689488790148 -0.4285718658214346
9.97733048311004 -0.5248616117066748
10.08697147742993 -0.6148482366953367
10.196612471749821 -0.6974510814979474
10.30625346606971 -0.7716781594544428
10.415894460389602 -0.8366380694112181
10.525535454709493 -0.8915507006557415
10.635176449029384 -0.9357566013520175
10.744817443349273 -0.9687248979703077
10.854458437669164 -0.9900596706058146
10.964099431989053 -0.9995047076244166
11.073740426308946 -0.9969465825364012
11.183381420628836 -0.9824160161476699
11.293022414948727 -0.9560875076301968
11.402663409268616 -0.9182772389422563
11.512304403588507 -0.8694392777644638
11.621945397908398 -0.8101601245509967
11.731586392228289 -0.7411516691810487
11.841227386548178 -0.6632426417948736
11.95086838086807 -0.5773686604822607
12.060509375187959 -0.4845609953418654
12.170150369507851 -0.385934183845012
12.27979136382774 -0.28267264623247695
12.389432358147632 -0.17601646168135884
12.499073352467521 -0.06724647605769321
12.608714346787412 0.042331079902623955
12.718355341107305 0.15140027726258468
12.827996335427194 0.2586512920195916
12.937637329747085 0.36279613492616825
13.047278324066975 0.4625841190946558
13.156919318386866 0.5568168796337967
13.266560312706757 0.6443627649446751
13.376201307026648 0.7241704268494007
13.485842301346537 0.7952814463471561
13.595483295666428 0.8568418433735304
13.705124289986317 0.9081123323411514
13.81476528430621 0.9484772003017289
13.9244062786261 0.9774517011106474
14.03404727294599 0.9946878767968109
14.14368826726588 0.9999787362282302
14.25332926158577 0.9932607408913253
14.362970255905662 0.9746145679319319
14.472611250225553 0.9442641412945719
14.582252244545442 0.9025739425951447
14.691893238865333 0.8500446340210593
14.801534233185222 0.7873070458238949
14.911175227505115 0.715114600609429
15.020816221825005 0.6343342654026058
15.130457216144896 0.545936140145041
15.240098210464785 0.4509818076580022
15.349739204784676 0.35061158497738765
15.459380199104567 0.24603082916087202
15.569021193424458 0.13849546202225227
15.678662187744347 0.029296887628077622
15.788303182064238 -0.08025351631601155
15.897944176384128 -0.1888401469445568
16.00758517070402 -0.29515897545199093
16.11722616502391 -0.3979332073181624
16.2268671593438 -0.4959286154743366
16.33650815366369 -0.5879683622719998
16.44614914798358 -0.6729471322557697
16.555790142303472 -0.7498444060184314
16.66543113662336 -0.8177367157308746
16.775072130943254 -0.8758087351689702
16.884713125263143 -0.9233630710559677
16.994354119583033 -0.9598286381351714
17.103995113902926 -0.9847675173956733
17.213636108222815 -0.997880215089981
17.323277102542708 -0.9990092593874185
17.432918096862597 -0.9881410914706791
17.542559091182486 -0.965406228365157
17.65220008550238 -0.9310776955456145
17.761841079822265 -0.8855677481431938
17.871482074142158 -0.8294229201281326
17.98112306846205 -0.7633174609231446
18.09076406278194 -0.6880452382678408
18.200405057101833 -0.6045102045736109
18.31004605142172 -0.5137155412595851
18.41968704574161 -0.4167516114364609
18.529328040061504 -0.3147828656158658
18.638969034381393 -0.2090338576959058
18.748610028701282 -0.10077453915854108
18.85825102302117 0.008694991917606521
18.967892017341065 0.11806010387826313
19.077533011660957 0.226007419049805
19.187174005980843 0.3312405862363839
19.296815000300736 0.43249584874422503
19.406455994620625 0.528557220974893
19.516096988940518 0.6182710913302963
19.625737983260407 0.7005600760613846
19.735378977580297 0.7744359576882616
19.84501997190019 0.8390115526127204
19.95466096622008 0.8935113654037733
20.064301960539968 0.9372809018076975
20.17394295485986 0.9697945286415981
20.28358394917975 0.9906617861801867
20.393224943499643 0.9996320772296292
20.50286593781953 0.9965976765768385
20.61250693213942 0.9815950246734237
20.722147926459314 0.9548042900182947
20.831788920779204 0.9165472054943175
20.941429915099093 0.8672832046426892
21.051070909418986 0.8076039042749463
21.160711903738875 0.7382259996815295
21.270352898058768 0.6599826577590977
21.379993892378653 0.5738135114175337
21.489634886698546 0.4807533754248175
21.59927588101844 0.38191981920255275
21.70891687533833 0.2784997458116889
21.81855786965822 0.17173513830294368
21.928198863978107 0.06290814460559817
22.037839858298 -0.0466743199282272
22.147480852617893 -0.1556962674139176
22.257121846937782 -0.26284844127782103
22.36676284125767 -0.36684403926362974
22.47640383557756 -0.4664341667823777
22.586044829897453 -0.5604228350251033
22.695685824217346 -0.6476813237241579
22.80532681853723 -0.7271617360792076
22.914967812857125 -0.7979095830653279
23.024608807177014 -0.8590752459967856
23.134249801496907 -0.9099241796914314
23.243890795816796 -0.9498457337046672
23.353531790136685 -0.9783604856978968
23.463172784456578 -0.9951259988741813
23.572813778776467 -0.9999409343394449
23.682454773096357 -0.99274746900343
23.79209576741625 -0.973631989983553
23.90173676173614 -0.9428240571725011
24.01137775605603 -0.9006936464281945
24.121018750375917 -0.8477467064929747
24.23065974469581 -0.7846190829994204
24.340300739015703 -0.7120688825301439
24.449941733335592 -0.630967368432341
24.55958272765548 -0.5422884977203011
24.66922372197537 -0.4470972247183695
24.778864716295264 -0.34653671190718116
24.888505710615156 -0.24181460155954657
24.998146704935042 -0.13418851303140084
25.107787699254935 -0.02495093987243531
25.217428693574824 0.08458627187123445
25.327069687894717 0.19310767776074822
25.43671068221461 0.29931003228160574
25.546351676534496 0.4019179396625807
25.65599267085439 0.49969917024401644
25.765633665174278 0.5914794584594677
25.87527465949417 0.6761566047202456
25.98491565381406 0.7527137118516336
26.09455664813395 0.8202313971230658
26.204197642453842 0.8778988332165791
26.31383863677373 0.9250234855413637
26.42347963109362 0.9610394289579425
26.533120625413513 0.9855141440354876
26.642761619733403 0.9981537112252972
26.752402614053295 0.9988063405730279
26.86204360837318 0.9874641945809712
26.971684602693074 0.9642634823294243
27.081325597012967 0.929482823726848
27.190966591332856 0.8835399035327024
27.300607585652745 0.826986455335168
27.410248579972635 0.7605016357217275
27.519889574292527 0.6848838682129097
27.62953056861242 0.6010412549063108
27.739171562932306 0.5099806709784966
27.8488125572522 0.412795673010101
27.958453551572088 0.3106533663444568
28.06809454589198 0.20478038919096186
28.17773554021187 0.09644818179176452
28.28737653453176 -0.013042282444148044
28.397017528851652 -0.122376120473881
28.50665852317154 -0.23024033019588774
28.61629951749143 -0.33533955843682595
28.725940511811324 -0.43641165699045914
28.835581506131213 -0.5322428398944528
28.945222500451106 -0.6216822599196894
29.05486349477099 -0.7036558292213557
29.164504489090884 -0.7771791181781906
29.274145483410777 -0.8413691775161846
29.383786477730666 -0.895455141743668
29.493427472050556 -0.938787486559894
29.603068466370445 -0.9708458290638904
29.712709460690338 -0.9912451770900284
29.82235045501023 -0.9997405526213357
29.931991449330116 -0.9962299337574847
30.04163244365001 -0.9807554799070258
30.1512734379699 -0.9535030254904102
30.26091443228979 -0.9147998482339644
30.370555426609684 -0.8651107388556382
30.48019642092957 -0.8050324193420876
30.589837415249463 -0.7352863768486063
30.699478409569352 -0.6567101992804483
30.809119403889245 -0.5702475166074067
30.918760398209134 -0.4769366687076098
31.028401392529023 -0.3778982358295553
31.138042386848916 -0.2743215814205075
31.247683381168805 -0.16745056892988883
31.357324375488695 -0.05856862411611196
31.466965369808587 0.05101667775468332
31.576606364128477 0.15998931472399006
31.68624735844837 0.26704062239358844
31.795888352768255 0.37088500982039246
31.905529347088148 0.47027539831970494
32.01517034140804 0.5640181977704325
32.12481133572793 0.6509876405703333
32.23445233004782 0.7301393011031182
32.34409332436771 0.8005226383606798
32.4537343186876 0.8612924110947708
32.56337531300749 0.9117188284122162
32.67301630732738 0.9511963139141257
32.782657301647276 0.9792507781295594
32.89229829596716 0.9955453119081874
33.001939290287055 0.9998842323993934
33.111580284606944 0.9922154330291627
33.22122127892683 0.9726310092536774
33.33086227324672 0.9413661525748371
33.44050326756661 0.8987963260996121
33.55014426188651 0.8454327555622398
33.6597852562064 0.7819162899580964
33.76942625052629 0.7090097055175156
33.879067244846176 0.62758854544205
33.988708239166066 0.5386306054097384
34.09834923348596 0.4432041911191201
34.20799022780585 0.34245528888847704
34.31763122212574 0.23759380337989566
34.42727221644563 0.12987902772096088
34.53691321076552 0.02060452051489834
34.646554205085415 -0.08891742864715492
34.756195199405305 -0.19737155861634098
34.865836193725194 -0.30345543180210643
34.97547718804508 -0.4058950752886327
35.08511818236497 -0.5034602801158888
35.19475917668486 -0.5949793749945116
35.30440017100476 -0.6793532970353579
35.41404116532465 -0.755568790516756
35.52368215964453 -0.8227105751840829
35.633323153964426 -0.8799723379511372
35.742964148284315 -0.9266664160027539
35.85260514260421 -0.9622320550133244
35.9622461369241 -0.9862421433072184
36.07188713124398 -0.9984083410899505
36.18152812556388 -0.9985845431525184
36.29116911988377 -0.986768633464947
36.400810114203665 -0.9631025105879272
36.510451108523554 -0.9278703835973782
36.62009210284344 -0.8814953589863509
36.72973309716333 -0.8245343595325452
36.83937409148322 -0.7576714361513732
36.94901508580311 -0.6817095530531493
37.05865608012301 -0.5975609448574715
37.16829707444289 -0.5062361614672376
37.277938068762786 -0.40883193226350956
37.387579063082676 -0.30651799536167795
37.497220057402565 -0.20052305009754853
37.60686105172246 -0.09212000144172831
37.71650204604234 0.017389326456318657
37.82614304036223 0.1266898240179192
37.93578403468213 0.23446888953088707
38.04542502900202 0.3394321923280456
38.155066023321915 0.44031921654679185
38.2647070176418 0.5359183988028482
38.374348011961686 0.6250816779884408
38.48398900628158 0.7067382824645174
38.59363000060147 0.7799075890752927
38.70327099492137 0.8437108995597489
38.81291198924125 0.8973819929357806
38.92255298356114 0.9402763271323936
39.032193977881036 0.9718787793663816
39.141834972200925 0.9918098323085696
39.251475966520815 0.9998301317492242
39.361116960840704 0.9958433610291089
39.47075795516059 0.9798973977168537
39.58039894948049 0.9521837386419592
39.69003994380038 0.9130352001882898
39.79968093812027 0.8629219214654572
39.90932193244016 0.8024457183564839
40.01896292676005 0.7323328562445867
40.128603921079936 0.6534253282122076
40.23824491539983 0.5666707434533544
40.34788590971972 0.473110947330456
40.45752690403961 0.37386950973863453
40.5671678983595 0.27013823203112186
40.67680889267939 0.16316283454555316
40.786449886999286 0.054227996611237235
40.896090881319175 -0.05535807130635891
41.00573187563906 -0.16427933804919503
41.115372869958954 -0.27122775612977224
41.22501386427884 -0.3749189702173993
41.33465485859874 -0.4741077411028777
41.44429585291863 -0.5676028999132392
41.55393684723851 -0.6542816529899621
41.66357784155841 -0.7331030656416667
41.773218835878296 -0.8031205628434135
41.882859830198186 -0.8634932967604739
41.99250082451808 -0.9134962445825547
42.10214181883797 -0.9525289154025643
42.21178281315786 -0.9801225615780662
42.32142380747775 -0.995945807973325
42.43106480179764 -0.9998086314798087
42.540705796117535 -0.9916646430246244
42.650346790437425 -0.9716116446620073
42.75998778475731 -0.9398904550576788
42.8696287790772 -0.8968820174709589
42.97926977339709 -0.843102824965237
43.08891076771699 -0.7791987177858648
43.19855176203688 -0.7059371273935544
43.30819275635676 -0.62419786029543
43.41783375067666 -0.5349625323517813
43.527474744996546 -0.4393027804431459
43.63711573931644 -0.3383673930649327
43.74675673363633 -0.23336851439992135
43.856397727956214 -0.12556708754524387
43.96603872227611 -0.016257711707857128
44.075679716596 0.09324690477984013
44.18532071091589 0.20163170891900636
44.294961705235785 0.30759509566061516
44.40460269955567 0.4098645390238046
44.514243693875564 0.5072118740005946
44.62388468819545 0.5984680457246305
44.73352568251534 0.6825371487798888
44.84316667683524 0.7584095880494802
44.95280767115512 0.8251742030545755
45.06244866547501 0.8820292101809852
45.172089659794906 0.9282918313868381
45.281730654114796 0.9634064937592893
45.39137164843469 0.9869515014508299
45.501012642754574 0.9986440998711401
45.61065363707446 0.99834387131812
45.72029463139436 0.9860544212695236
45.82993562571425 0.96192333508439
45.939576620034146 0.926240405634205
46.04921761435403 0.8794341531484083
46.15885860867392 0.8220666790677402
46.26849960299381 0.7548269157061587
46.3781405973137 0.678522352786815
46.48778159163359 0.5940693402090195
46.59742258595348 0.5024820835014008
46.70706358027337 0.4048604641160183
46.81670457459326 0.30237683083087646
46.926345568913156 0.19626192088433542
47.035986563233045 0.08779007991610562
47.145627557552935 -0.021736041789921248
47.255268551872824 -0.13100113297636135
47.36490954619271 -0.23869301713008712
47.47455054051261 -0.3435184105544867
47.5841915348325 -0.4442184535557752
47.69383252915238 -0.5395838282277272
47.80347352347228 -0.6284692812835938
47.91311451779217 -0.7098073775288941
48.02275551211206 -0.7826213188082839
48.13239650643195 -0.8460366744821266
48.242037500751835 -0.8992918825603751
48.35167849507173 -0.9417473953843746
48.46131948939162 -0.9728933600251014
48.57096048371152 -0.9923557411631679
48.680601478031406 -0.9999008129201452
48.79024247235129 -0.9954379656983875
48.899883466671184 -0.9790207943216604
49.009524460991074 -0.9508464544090076
49.11916545531096 -0.9112532947112036
49.22880644963086 -0.8607167938433437
49.33844744395074 -0.7998438502098087
49.44808843827064 -0.7293654936944517
49.55772943259053 -0.650128106642269
49.667370426910416 -0.5630832595605659
49.77701142123031 -0.4692762836039541
49.886652415550195 -0.3698337170774246
49.996293409870084 -0.26594977671371695
50.10593440418998 -0.15887201619311622
50.21557539850987 -0.049886344133912915
50.325216392829766 0.05969841852585007
50.43485738714965 0.16856625630309632
50.54449838146954 0.275409763344659
50.654139375789434 0.37894584420808836
50.76378037010932 0.477931122696133
50.87342136442922 0.5711768736984613
50.9830623587491 0.6575632987223656
51.09270335306899 0.7360529736762478
51.20234434738889 0.8057033074097288
51.31198534170878 0.8656778613945914
51.421626336028666 0.9152563946071999
51.531267330348555 0.9538435129822543
51.640908324668445 0.9809758195656936
51.75054931898834 0.9963274794997498
51.86019031330823 0.9997141330096362
51.96983130762812 0.9910951094003909
52.07947230194801 0.970573915475727
52.1891132962679 0.9383969925134298
52.29875429058779 0.8949507567249109
52.408395284907684 0.8407569587403675
52.51803627922757 0.7764664178480198
52.62767727354746 0.7028512062335845
52.73731826786735 0.620795377080384
52.84695926218724 0.5312843478773058
52.95660025650714 0.4353930664316516
53.06624125082703 0.3342731017025625
53.17588224514691 0.2291388144825399
53.285523239466805 0.12125277400494353
53.395164233786694 0.011910595611088003
53.50480522810659 -0.09757461843714989
53.61444622242648 -0.2058880481469396
53.72408721674636 -0.3117289456126309
53.83372821106626 -0.4138262558406063
53.94336920538615 -0.5109538809886165
54.05301019970604 -0.6019454047098627
54.16265119402593 -0.6857080997753306
54.272292188345816 -0.7612360507554043
54.38193318266571 -0.827622234169094
54.4915741769856 -0.8840694110288397
54.60121517130549 -0.9298997009713622
54.71085616562539 -0.9645627229975774
