0.0 0.0
0.09398755592994994 0.09384924133925096
0.18797511185989987 0.18687006042927115
0.28196266778984985 0.2782413476363953
0.37595022371979975 0.3671565540084627
0.46993777964974964 0.45283081081129484
0.5639253355796997 0.5345078576904237
0.6579128915096496 0.6114667183020817
0.7519004474395995 0.6830280644865909
0.8458880033695494 0.7485602128065771
0.9398755592994993 0.8074847005176062
1.0338631152294493 0.8592813917512606
1.1278506711593994 0.9034930688375603
1.221838227089349 0.939729468238394
1.3158257830192992 0.96767072546613
1.4098133389492489 0.9870701985785568
1.503800894879199 0.9977566453267194
1.5977884508091489 0.9996357347376116
1.6917760067390988 0.9926908797887488
1.7857635626690487 0.9769833838244651
1.8797511185989986 0.9526518994214976
1.9737386745289487 0.9199112044805368
2.0677262304588986 0.8790503063473779
2.1617137863888485 0.8304298906989005
2.255701342318799 0.7744791377129646
2.3496888982487483 0.7116919336264049
2.443676454178698 0.642622511122299
2.537664010108648 0.567880557029516
2.6316515660385984 0.4881258305196579
2.7256391219685483 0.4040623393074305
2.8196266778984977 0.3164321252620536
2.913614233828448 0.22600871428511132
3.007601789758398 0.13359028827382285
3.101589345688348 0.039992639441892394
3.1955769016182978 -0.05395803080871278
3.2895644575482477 -0.1474324048995543
3.3835520134781976 -0.23960536959450224
3.4775395694081475 -0.329663299406113
3.5715271253380974 -0.4168112385978142
3.6655146812680477 -0.5002799183852158
3.759502237197997 -0.5793325473945873
3.8534897931279475 -0.653271315438048
3.9474773490578974 -0.7214435531955913
4.041464904987847 -0.7832474934314647
4.135452460917797 -0.8381375828897142
4.229440016847747 -0.8856292979799444
4.323427572777697 -0.9253034217444754
4.417415128707646 -0.9568097443534109
4.511402684637598 -0.9798701544627682
4.605390240567547 -0.9942810941477471
4.6993777964974965 -0.9999153557410622
4.793365352427447 -0.9967232047153448
4.887352908357396 -0.9847328186977646
4.981340464287347 -0.9640500387416118
5.075328020217296 -0.9348574350504076
5.1693155761472465 -0.8974126954015451
5.263303132077197 -0.8520463504951039
5.357290688007146 -0.7991588563065452
5.451278243937097 -0.7392170591978273
5.545265799867046 -0.672750074989976
5.6392533557969955 -0.6003446183731818
5.733240911726946 -0.5226398238824824
5.827228467656896 -0.4403216041550974
5.9212160235868465 -0.35411659526997735
6.015203579516796 -0.2647857426150289
6.109191135446745 -0.17311758390058402
6.203178691376696 -0.07992128861103379
6.297166247306645 0.013980484663502565
6.3911538032365955 0.10775884996600933
6.485141359166545 0.20058601068135543
6.579128915096495 0.2916425666292947
6.673116471026446 0.38012474704078064
6.767104026956395 0.4652515055709799
6.8610915828863455 0.5462714147201619
6.955079138816295 0.6224692988043024
7.049066694746244 0.693172546925127
7.143054250676195 0.7577570502139835
7.237041806606145 0.8156527109405487
7.331029362536095 0.8663484748565902
7.425016918466045 0.9093968423534747
7.519004474395994 0.9444178186127199
7.612992030325944 0.9711022678809734
7.706979586255895 0.9892146422607052
7.800967142185844 0.9985950609291349
7.894954698115795 0.9991607214318035
7.988942254045744 0.9909066305930686
8.082929809975694 0.9739056485916637
8.176917365905645 0.948307845812258
8.270904921835594 0.9143391781501934
8.364892477765544 0.8722994924626885
8.458880033695493 0.8225598797727204
8.552867589625443 0.7655593995892684
8.646855145555394 0.7018012042588709
8.740842701485343 0.6318480975594699
8.834830257415293 0.5563175667415271
8.928817813345244 0.4758763318694004
9.022805369275195 0.39123446057680583
9.116792925205145 0.3031391001863519
9.210780481135094 0.21236788252073496
9.304768037065044 0.1197220596223891
9.398755592994993 0.026019430973676063
9.492743148924944 -0.06791287534982142
9.586730704854894 -0.16124570387098036
9.680718260784843 -0.25315519079903337
9.774705816714793 -0.3428300364068857
9.868693372644742 -0.42947866650344363
9.962680928574693 -0.5123362197854844
10.056668484504643 -0.5906712993905886
10.150656040434592 -0.6637924290541226
10.244643596364542 -0.7310541568807087
10.338631152294493 -0.7918627528512444
10.432618708224444 -0.8456814497726467
10.526606264154394 -0.8920351814076384
10.620593820084343 -0.9305147759603347
10.714581376014293 -0.9607805679010637
10.808568931944242 -0.982565396248271
10.902556487874193 -0.9956769628411946
10.996544043804143 -0.9999995297864545
11.090531599734092 -0.9954949410949334
11.184519155664042 -0.982202959490788
11.278506711593991 -0.9602409154195297
11.372494267523942 -0.9298026713534335
11.466481823453892 -0.8911569105365208
11.560469379383841 -0.8446447652746287
11.654456935313792 -0.7906768057060392
11.748444491243742 -0.7297294156332678
11.842432047173693 -0.6623405874071115
11.936419603103642 -0.5891051729822129
12.030407159033592 -0.5106696330637981
12.124394714963541 -0.4277263306957403
12.21838227089349 -0.34100741966133963
12.312369826823442 -0.251278381644887
12.406357382753392 -0.15933126920252955
12.500344938683341 -0.06597771418778717
12.59433249461329 0.02795823665250026
12.68832005054324 0.12164739567048126
12.782307606473191 0.21426275368915582
12.87629516240314 0.3049867801445194
12.97028271833309 0.39301863955849325
13.064270274263041 0.477581260641647
13.15825783019299 0.5579281956256326
13.252245386122942 0.633350209276919
13.346232942052891 0.7031815394295136
13.44022049798284 0.7668057737739921
13.53420805391279 0.8236612910274428
13.62819560984274 0.8732462184542725
13.722183165772691 0.9151228619770371
13.81617072170264 0.9489215697719984
13.91015827763259 0.9743439952448422
14.00414583356254 0.9911657305837358
14.098133389492489 0.9992382876429409
14.19212094542244 0.9984904086714026
14.28610850135239 0.9889286953163045
14.380096057282339 0.9706375503492735
14.47408361321229 0.9437784326296282
14.56807116914224 0.9085884318812304
14.66205872507219 0.8653781758636045
14.75604628100214 0.8145290884110759
14.85003383693209 0.756490022543632
14.94402139286204 0.6917732983695981
15.038008948791989 0.6209501807541775
15.13199650472194 0.5446458366732041
15.225984060651887 0.46353381676436023
15.319971616581839 0.3783301097880564
15.41395917251179 0.2897868224802569
15.507946728441738 0.19868554058613566
15.601934284371689 0.10583042967780498
15.695921840301638 0.012041136656337586
15.78990939623159 -0.08185444540241937
15.88389695216154 -0.1750274851922976
15.977884508091488 -0.2666555294031877
16.071872064021438 -0.35592976264783555
16.165859619951387 -0.4420621470044886
16.259847175881337 -0.5242923781535581
16.35383473181129 -0.6018945967053367
16.44782228774124 -0.6741837954768031
16.54180984367119 -0.7405218661594988
16.635797399601138 -0.800323232003518
16.729784955531088 -0.8530600167970488
16.82377251146104 -0.898266704514045
16.917760067390986 -0.9355442484985635
17.01174762332094 -0.9645635939133755
17.105735179250885 -0.9850685823595735
17.19972273518084 -0.9968782130277065
17.293710291110788 -0.9998882404208347
17.387697847040737 -0.9940720945461947
17.481685402970687 -0.9794811154527692
17.575672958900636 -0.9562441000444708
17.669660514830586 -0.9245661651692917
17.76364807076054 -0.8847269370201092
17.857635626690488 -0.837078082829607
17.951623182620438 -0.7820402066474115
18.04561073855039 -0.720099136600941
18.139598294480336 -0.651801636412908
18.23358585041029 -0.5777505790305437
18.327573406340235 -0.4985996249698017
18.42156096227019 -0.4150474523494919
18.515548518200138 -0.32783158954793007
18.609536074130087 -0.23772190492206113
18.703523630060037 -0.14551381105647268
18.797511185989986 -0.05202124352941065
18.891498741919936 0.04193052382662634
18.98548629784989 0.13551216374887853
19.079473853779835 0.22789761614857185
19.173461409709788 0.318271379875354
19.267448965639737 0.4058357112762067
19.361436521569686 0.4898176660061786
19.45542407749964 0.5694759219316103
19.549411633429585 0.6441073228990513
19.64339918935954 0.7130530856070132
19.737386745289484 0.7757046147913964
19.831374301219437 0.8315088753931726
19.925361857149387 0.879973274287184
20.019349413079336 0.9206700084803934
20.113336969009286 0.9532398413972509
20.207324524939235 0.9773952739183493
20.301312080869184 0.9929230821810906
20.395299636799137 0.9996861997407909
20.489287192729083 0.9976249274780892
20.583274748659036 0.9867574605726136
20.677262304588986 0.9671797278912241
20.771249860518935 0.9390645452085746
20.86523741644889 0.9026600897346563
20.959224972378834 0.8582877094149162
21.053212528308787 0.8063390863405788
21.147200084238733 0.7472727793082662
21.241187640168686 0.681610176048197
21.335175196098636 0.6099308908514137
21.429162752028585 0.5328676482217948
21.523150307958534 0.4511006977157695
21.617137863888484 0.3653518092707854
21.711125419818433 0.2763779020267411
21.805112975748386 0.18496436287978826
21.899100531678332 0.09191811374672211
21.993088087608285 -0.001939511263752675
22.087075643538235 -0.09578001589838926
22.181063199468184 -0.18877505502824807
22.275050755398137 -0.28010374658349485
22.369038311328083 -0.3689599176105842
22.463025867258036 -0.4545592204897741
22.557013423187982 -0.5361460564968443
22.651000979117935 -0.6130002455938219
22.744988535047884 -0.6844433835732052
22.838976090977834 -0.7498448304403379
22.932963646907783 -0.8086272771733946
23.026951202837733 -0.8602718417223664
23.120938758767682 -0.9043226492638271
23.214926314697635 -0.9403908562808444
23.308913870627585 -0.9681580829468299
23.402901426557534 -0.9873792235151508
23.496888982487484 -0.9978846099067138
23.590876538417433 -0.9995815093972119
23.684864094347386 -0.9924549431836989
23.778851650277332 -0.9765678186048784
23.872839206207285 -0.952060373847968
23.96682676213723 -0.9191489400438224
24.060814318067184 -0.8781240316774593
24.154801873997133 -0.8293477821702976
24.248789429927083 -0.7732507472705669
24.342776985857032 -0.7103281044689285
24.43676454178698 -0.6411352819876397
24.53075209771693 -0.5662830559268864
24.624739653646884 -0.48643215884654867
24.718727209576834 -0.40228744737433025
24.812714765506783 -0.3145916803236608
24.906702321436732 -0.224118962242978
25.000689877366682 -0.13166791027118321
25.094677433296635 -0.038054604616543974
25.18866498922658 0.05589461511368593
25.282652545156534 0.14935044414505744
25.37664010108648 0.24148793294162973
25.470627657016433 0.33149376916739665
25.564615212946382 0.41857345692418174
25.65860276887633 0.5019583298939196
25.75259032480628 0.5809123364790519
25.84657788073623 0.6547385370475937
25.94056543666618 0.7227852559306274
26.034552992596133 0.7844518338675645
26.128540548526082 0.8391939301214066
26.222528104456032 0.886528327461425
26.31651566038598 0.9260371975988572
26.41050321631593 0.9573717894239795
26.504490772245884 0.9802555074878782
26.59847832817583 0.9944863535546705
26.692465884105783 0.9999387096722169
26.78645344003573 0.9965644470218489
26.88044099596568 0.9843933507591455
26.97442855189563 0.9635328570956068
27.06841610782558 0.934167104942045
27.16240366375553 0.896555310484998
27.25639121968548 0.85102947904403
27.35037877561543 0.7979914744077261
27.444366331545382 0.7379094715178152
27.53835388747533 0.6713138238141596
27.63234144340528 0.5987923817201852
27.72632899933523 0.5209853035932703
27.82031655526518 0.4385794049446343
27.914304111195133 0.3523020958090723
28.00829166712508 0.2629149597803633
28.10227922305503 0.1712070313911602
28.196266778984977 0.07798783117914258
28.29025433491493 -0.01591978008017559
28.38424189084488 -0.10968686489694175
28.47822944677483 -0.20248572623068023
28.57221700270478 -0.2934972137043065
28.66620455863473 -0.381917954375399
28.760192114564678 -0.46696744423753106
28.85417967049463 -0.547894937853853
28.94816722642458 -0.6239860753070113
29.04215478235453 -0.6945691879683027
29.13614233828448 -0.7590212274239715
29.23012989421443 -0.8167732652231169
29.32411745014438 -0.8673155149000377
29.418105006074327 -0.9102018319408143
29.51209256200428 -0.9450536519722398
29.606080117934226 -0.9715633324100087
29.70006767386418 -0.9894968680689871
29.79405522979413 -0.9986959567643571
29.88804278572408 -0.9990793966703068
29.982030341654028 -0.9906438031015173
30.076017897583977 -0.9734636383903225
30.17000545351393 -0.947690554595801
30.26399300944388 -0.913552054846824
30.357980565373833 -0.8713494851355764
30.451968121303775 -0.8214553742883467
30.545955677233728 -0.764310145594024
30.639943233163677 -0.7004182291173902
30.73393078909363 -0.6303436090143048
30.82791834502358 -0.5547048451534667
30.921905900953526 -0.4741696129895999
31.015893456883475 -0.3894488098855266
31.109881012813428 -0.30129027990756546
31.203868568743378 -0.2104722124864637
31.29785612467333 -0.11779627321492624
31.391843680603277 -0.024080527417363752
31.485831236533226 0.06984778104348094
31.57981879246318 0.16315953198026084
31.67380634839313 0.255031047657405
31.76779390432308 0.3446513635261245
31.861781460253024 0.4312293867380332
31.955769016182977 0.5140008792481789
32.049756572112926 0.5922352038663179
32.143744128042876 0.6652417737081868
32.23773168397283 0.7323761481162645
32.331719239902775 0.793045721240407
32.425706795832724 0.8467149530644267
32.51969435176267 0.8929100967033394
32.61368190769263 0.9312233802428439
32.70766946362258 0.9613166062071498
32.80165701955252 0.982924136882153
32.89564457548248 0.9958552391419772
32.98963213141243 0.9999957680807434
33.08361968734238 0.9953091745879061
33.17760724327233 0.9818368279730851
33.271594799202276 0.9596976507925613
33.365582355132226 0.9290870691008692
33.459569911062175 0.8902752873937879
33.553557466992125 0.8436049034700803
33.64754502292208 0.7894878842659776
33.74153257885202 0.728401929357227
33.83552013478197 0.6608862542285626
33.92950769071192 0.5875368305325059
34.02349524664188 0.5090011253523318
34.11748280257183 0.4259723859066962
34.21147035850177 0.33918352014563563
34.30545791443173 0.2494006272549729
34.39944547036168 0.15741623517645162
34.493433026291626 0.06404230483689197
34.587420582221576 -0.02989693716061829
34.681408138151525 -0.12357227411665699
34.775395694081475 -0.21615681886377172
34.869383250011424 -0.3068333128316331
34.96337080594137 -0.3948013401190229
35.05735836187133 -0.4792843928928963
35.15134591780127 -0.5595367257470698
35.24533347373122 -0.6348499385161442
35.33932102966117 -0.7045592294368959
35.43330858559113 -0.7680492634597031
35.52729614152108 -0.8247596039093279
35.62128369745102 -0.8741896595490232
35.715271253380976 -0.915903103379366
35.809258809310926 -0.9495317241663718
35.903246365240875 -0.9747786767009261
35.997233921170825 -0.9914211020988607
36.09122147710078 -0.9993120950119379
36.18520903303072 -0.9983820003848315
36.27919658896067 -0.9886390283114336
36.37318414489062 -0.9701691815630399
36.46717170082058 -0.9431354964281458
36.56115925675053 -0.9077766035650838
36.65514681268047 -0.8644046215710651
36.74913436861042 -0.8134024018614416
36.84312192454038 -0.7552201491791024
36.937109480470326 -0.6903714475652757
37.031097036400276 -0.6194287268711103
37.125084592330225 -0.5430182098279286
37.219072148260175 -0.461814384279111
37.313059704190124 -0.3765340493681275
37.40704726012007 -0.2879299882379631
37.50103481605003 -0.19678432309402213
37.59502237197997 -0.1039016112864826
37.68900992790992 -0.010101743353938781
37.78299748383987 0.08378729428132188
37.87698503976983 0.1769367280818118
37.97097259569978 0.26852431311125124
38.06496015162972 0.35774159112204085
38.15894770755967 0.44380102694539325
38.252935263489626 0.5259429601900787
38.346922819419575 0.6034423108860854
38.440910375349524 0.675614979881404
38.534897931279474 0.7418238874945273
38.62888548720942 0.8014845971186032
38.72287304313937 0.8540704741367483
38.81686059906932 0.8991173346099613
38.91084815499928 0.9362275427029255
39.00483571092922 0.9650735206790522
39.09882326685917 0.9854006404815285
39.19281082278912 0.9970294713758376
39.28679837871908 0.999857363813534
39.380785934649026 0.9938593555362082
39.47477349057897 0.9790883919213325
39.56876104650892 0.9556748586249474
39.662748602438874 0.9238254306466465
39.756736158368824 0.8838212479763374
39.85072371429877 0.8360154339266146
39.94471127022872 0.7808299780568628
40.03869882615867 0.7187520112039869
40.13268638208862 0.6503295055006759
40.22667393801857 0.5761664373378294
40.32066149394853 0.4969174559684408
40.41464904987847 0.4132821048140673
40.50863660580842 0.32599864648320803
40.60262416173837 0.23583754600935522
40.696611717668326 0.14359466983299515
40.790599273598275 0.05008426056140275
40.88458682952822 -0.0438682504809934
40.97857438545817 -0.13743352946680587
41.07256194138812 -0.22978566072787113
41.16654949731807 -0.320109437244824
41.26053705324802 -0.4076075566097522
41.35452460917797 -0.4915076589419217
41.44851216510792 -0.5710691446318648
41.54249972103787 -0.6455897117324707
41.63648727696782 -0.7144115552904925
41.73047483289778 -0.7769271738959824
41.82446238882772 -0.8325847321942864
41.91844994475767 -0.8808929320249403
42.01243750068762 -0.9214253491889915
42.106425056617574 -0.9538241975635641
42.200412612547524 -0.9778034873371221
42.294400168477466 -0.993151549487247
42.388387724407416 -0.9997329042169149
42.48237528033737 -0.9974894568563069
42.57636283626732 -0.9864410106737502
42.67035039219727 -0.9666850920691015
42.76433794812722 -0.9383960896926312
42.85832550405717 -0.9018237150885435
42.95231305998712 -0.8572907984512745
43.04630061591707 -0.8051904389517818
43.140288171847025 -0.7459825347883451
43.23427572777697 -0.6801897235917083
43.32826328370692 -0.6083927690191542
43.42225083963687 -0.5312254342609503
43.51623839556682 -0.4493688877113712
43.61022595149677 -0.36354569018646965
43.704213507426715 -0.27451341676426705
43.798201063356665 -0.18305796954848597
43.89218861928662 -0.08998664038513066
43.98617617521657 0.0038790152316313217
44.08016373114652 0.09771043016112581
44.17415128707647 0.1906793395106894
44.26813884300642 0.28196509186223034
44.36212639893637 0.3707618932934257
44.45611395486632 0.4562859202494295
44.550101510796274 0.5377822384786425
44.64408906672622 0.6145314669579502
44.738076622656166 0.6858561279840217
44.832064178586116 0.7511266273771895
44.92605173451607 0.8097668120099087
45.02003929044602 0.8612590556024531
45.114026846375964 0.9051488278928197
45.20801440230592 0.9410487068479764
45.30200195823587 0.9686417985000275
45.39598951416582 0.9876845342199343
45.48997707009577 0.9980088207367073
45.58396462602572 0.9995235239235717
45.67795218195567 0.9922152732534665
45.77193973788562 0.9761485798228234
45.86592729381557 0.9514652669018102
45.95991484974552 0.9183832180376613
46.053902405675466 0.8771944537618043
46.147889961605415 0.8282625538779408
46.241877517535364 0.7720194480850509
46.33586507346532 0.7089616032649049
46.42985262939527 0.6396456410895907
46.52384018532521 0.5646834246330508
46.61782774125517 0.4847366573579494
46.71181529718512 0.4005110421535301
46.80580285311507 0.31275005198339106
46.89979040904502 0.22222836713086722
