0.0 0.0
0.14388545629323002 0.14338949261385897
0.28777091258646004 0.2838155070879366
0.4316563688796901 0.4183758124667806
0.5755418251729201 0.5442894063477507
0.7194272814661501 0.6589539907788455
0.8633127377593802 0.7599997548124546
1.0071981940526102 0.8453383521731815
1.1510836503458401 0.913206061802056
1.2949691066390703 0.9622002392638699
1.4388545629323002 0.9913083056643267
1.5827400192255303 0.9999286749534544
1.7266254755187604 0.9878831871037678
1.8705109318119904 0.9554207902025699
2.0143963881052205 0.9032123953593703
2.1582818443984504 0.8323370107637549
2.3021673006916803 0.7442594414657234
2.4460527569849106 0.6408000157645234
2.5899382132781406 0.5240969638807302
2.7338236695713705 0.39656222644401545
2.8777091258646004 0.2608316061172299
3.0215945821578307 0.11971029258969429
3.1654800384510606 -0.023885113207291416
3.309365494744291 -0.166986877457985
3.453250951037521 -0.30663746859999214
3.5971364073307504 -0.4399506816087135
3.7410218636239807 -0.5641712881526066
3.8849073199172106 -0.6767319798097449
4.028792776210441 -0.775306427481365
4.172678232503671 -0.8578573604059154
4.316563688796901 -0.9226786711087066
4.460449145090131 -0.9684306760902162
4.604334601383361 -0.9941678035087264
4.748220057676591 -0.9993581356267852
4.892105513969821 -0.9838944021312779
5.03599097026305 -0.9480961971245199
5.179876426556281 -0.8927033739670812
5.323761882849511 -0.81886075448332
5.467647339142741 -0.7280944685495275
5.611532795435971 -0.6222804130622659
5.755418251729201 -0.5036054821558393
5.8993037080224315 -0.37452236993683913
6.043189164315661 -0.2376988798426226
6.1870746206088905 -0.09596278826399363
6.330960076902121 0.04775659804613211
6.474845533195351 0.19048898292567684
6.618730989488582 0.32928446889806456
6.762616445781811 0.4612745236804765
6.906501902075042 0.5837312650907147
7.050387358368272 0.6941238390918262
7.194272814661501 0.7901707257908055
7.3381582709547315 0.8698868923659471
7.482043727247961 0.9316248183976829
7.625929183541192 0.9741085457188193
7.769814639834421 0.9964600490646202
7.913700096127651 0.9982173825117893
8.057585552420882 0.9793442266678796
8.201471008714112 0.9402306392962082
8.345356465007342 0.8816849938628598
8.489241921300572 0.8049172726144995
8.633127377593802 0.7115140594744905
8.777012833887031 0.603405749587414
8.920898290180261 0.48282665320319756
9.064783746473493 0.3522688184470915
9.208669202766721 0.21443052733561385
9.352554659059951 0.07216052948832695
9.496440115353183 -0.07160083392414704
9.640325571646411 -0.21388239918504912
9.784211027939643 -0.35174358605619516
9.928096484232872 -0.4823351717237637
10.0719819405261 -0.6029581766299753
10.215867396819332 -0.711119645177614
10.359752853112562 -0.804584168469102
10.503638309405792 -0.8814200842426505
10.647523765699022 -0.9400393991760562
10.791409221992252 -0.9792306084706937
10.935294678285482 -0.9981837344224853
11.079180134578712 -0.9965070664994053
11.223065590871942 -0.974235256952795
11.366951047165172 -0.9318286046478054
11.510836503458401 -0.8701635419142832
11.654721959751631 -0.7905145210295038
11.798607416044863 -0.6945276746908083
11.942492872338093 -0.5841867948458929
12.086378328631323 -0.4617723330075128
12.230263784924551 -0.3298142694067042
12.374149241217781 -0.19103982505331835
12.518034697511013 -0.048317097356061454
12.661920153804243 0.09540421579667033
12.805805610097472 0.23715377842010923
12.949691066390702 0.37400200535079176
13.09357652268393 0.5031206089535196
13.237461978977164 0.6218410522787594
13.381347435270392 0.7277097005996754
13.525232891563622 0.8185385314937925
13.669118347856852 0.8924503554271354
13.813003804150084 0.94791761225213
13.956889260443313 0.9837939417991555
14.100774716736543 0.9993378760818902
14.244660173029771 0.9942281634617839
14.388545629323001 0.9685704080620833
14.532431085616233 0.9228948872124354
14.676316541909463 0.8581455920316718
14.820201998202693 0.7756607176506666
14.964087454495923 0.6771450062903088
15.107972910789153 0.5646345147893492
15.251858367082384 0.44045453474329394
15.395743823375614 0.307171534932784
15.539629279668842 0.1675401192631879
15.683514735962072 0.02444609645326175
15.827400192255302 -0.11915316192951993
15.971285648548534 -0.26028984244674896
16.115171104841764 -0.3960470265724568
16.259056561134994 -0.5236189756144927
16.402942017428224 -0.6403691178454327
16.546827473721454 -0.7438845394038026
16.690712930014683 -0.8320258527840995
16.834598386307913 -0.9029714122670129
16.978483842601143 -0.9552549624749029
17.122369298894373 -0.9877959419573672
17.266254755187603 -0.9999218155126597
17.410140211480833 -0.991381973695473
17.554025667774063 -0.9623529122453559
17.697911124067293 -0.9134345843908024
17.841796580360523 -0.8456380014171514
17.985682036653753 -0.7603643377614681
18.129567492946986 -0.6593759724763293
18.273452949240212 -0.544760065558192
18.417338405533442 -0.4188854219203749
18.561223861826672 -0.28435353451730483
18.705109318119902 -0.14394481842790366
18.848994774413136 -0.0005611470961742155
18.992880230706366 0.14283412164846113
19.136765686999592 0.28327739028901316
19.280651143292822 0.41786607127246267
19.42453659958605 0.5438185757481465
19.568422055879285 0.6585318015859164
19.712307512172515 0.7596349325500925
19.856192968465745 0.8450384367439255
20.00007842475897 0.9129772516574243
20.1439638810522 0.9620472632989139
20.287849337345435 0.9912343254839858
20.431734793638665 0.99993521953062
20.575620249931895 0.9879701211794958
20.719505706225124 0.9555863170815214
20.863391162518354 0.9034530940427095
21.007276618811584 0.8326479066520647
21.151162075104814 0.7446341091706999
21.295047531398044 0.6412307119046043
21.438932987691274 0.5245747871161257
21.582818443984504 0.3970773014436466
21.726703900277734 0.26137328765546747
21.870589356570964 0.12026738555476288
22.014474812864194 -0.023324122440231212
22.158360269157424 -0.16643358307093659
22.302245725450653 -0.30610330571132477
22.446131181743883 -0.4394466899397822
22.590016638037113 -0.5637078838661733
22.733902094330343 -0.6763187402356943
22.877787550623573 -0.7749518931788542
23.021673006916803 -0.8575688586528094
23.165558463210036 -0.9224621644663009
23.309443919503263 -0.9682906391730017
23.453329375796493 -0.9941071305060579
23.597214832089726 -0.9993780804877062
23.741100288382952 -0.9839945526487412
23.884985744676186 -0.9482744834546062
24.028871200969412 -0.8929561114071544
24.172756657262646 -0.8191827196249865
24.316642113555876 -0.7284790072325593
24.460527569849102 -0.6227195778983301
24.604413026142335 -0.5040901967797956
24.748298482435562 -0.37504261659100574
24.892183938728795 -0.23824390641706547
25.036069395022025 -0.09652133051396812
25.17995485131525 0.047196083698310874
25.323840307608485 0.1899380808157064
25.46772576390171 0.32875456470232317
25.611611220194945 0.4607765691045098
25.755496676488175 0.5832755515266804
25.899382132781405 0.6937197849229022
26.043267589074635 0.7898266817383394
26.18715304536786 0.8696099689023284
26.331038501661094 0.9314207387918656
26.474923957954328 0.9739815277516145
26.618809414247554 0.9964127178584278
26.762694870540784 0.9982507162763263
26.906580326834014 0.9794575364831932
27.050465783127244 0.9404215833508128
27.194351239420477 0.8819496258527293
27.338236695713704 0.8052501233026468
27.482122152006937 0.7119082497254868
27.626007608300167 0.6038531325407738
27.769893064593393 0.4833179826472368
27.913778520886627 0.35279393991343927
28.057663977179853 0.21497858796498864
28.201549433473087 0.07272020233015822
28.345434889766317 -0.07104111581386062
28.489320346059543 -0.21333420368589232
28.633205802352776 -0.35121824290613524
28.777091258646003 -0.48184353836369126
28.920976714939236 -0.6025104138093978
29.064862171232466 -0.710725006959054
29.208747627525696 -0.8042508109713428
29.352633083818926 -0.8811548970755189
29.496518540112152 -0.9398478630505736
29.640403996405386 -0.9791166819274119
29.78428945269862 -0.99814977201901
29.928174908991846 -0.9965537701479784
30.072060365285076 -0.9743616614136416
30.215945821578305 -0.9320320974780631
30.359831277871535 -0.8704399174602251
30.50371673416477 -0.7908580673461736
30.647602190457995 -0.6949312915926897
30.79148764675123 -0.5846421406487756
30.935373103044455 -0.462269996928867
31.079258559337685 -0.3303439660614179
31.22314401563092 -0.1915906070251714
31.367029471924145 -0.04887758145161078
31.510914928217378 0.09484561328788937
31.654800384510605 0.23660860232116854
31.798685840803834 0.3734815229967143
31.942571297097068 0.5026355773255247
32.086456753390294 0.621401495686153
32.23034220968353 0.727324703504164
32.374227665976754 0.8182160507578683
32.51811312226999 0.8921970558669892
32.66199857856322 0.9477387288936723
32.80588403485645 0.9836931716840068
32.94976949114968 0.9993173018594004
33.09365494744291 0.9942882103462238
33.23754040373613 0.9687098350446032
33.38142586002937 0.9231108127094032
33.52531131632259 0.8584335534393214
33.66919677261583 0.7760147635751988
33.81308222890905 0.6775578195473329
33.95696768520229 0.5650975636305376
34.10085314149552 0.4409582491848681
34.244738597788746 0.30770550454153567
34.38862405408198 0.16809330831233404
34.532509510375206 0.025007072001495514
34.67639496666844 -0.1185959937496769
34.820280422961666 -0.25974799681461563
34.96416587925489 -0.3955317019911938
35.108051335548126 -0.5231408224679223
35.25193679184135 -0.6399380182830111
35.395822248134586 -0.7435094031029879
35.53970770442782 -0.8317144328110789
35.683593160721045 -0.902730144841519
35.82747861701428 -0.9550888339507381
35.971364073307505 -0.9877083857677662
36.11524952960074 -0.9999146412103959
36.25913498589397 -0.9914553295542267
36.4030204421872 -0.962505282195297
36.546905898480425 -0.9136628193517059
36.69079135477365 -0.8459373843814812
36.834676811066885 -0.7607286812823301
36.97856226736012 -0.6597977465454955
37.122447723653345 -0.5452305532312677
37.26633317994658 -0.4193948994727743
37.410218636239804 -0.2848914724077011
37.55410409253304 -0.14450009891572416
37.69798954882627 -0.001122294015651017
37.8418750051195 0.14227870570658205
37.98576046141273 0.28273918428998734
38.12964591770596 0.4173561984979356
38.273531373999184 0.5433475739076385
38.41741683029242 0.658109405030482
38.561302286585644 0.7592698710892538
38.70518774287888 0.8447382552238202
38.8490731991721 0.9127481540289574
38.99295865546534 0.9618939843986595
39.13684411175857 0.9911600331777458
39.2807295680518 0.9999414492420958
39.42461502434503 0.9880567441571767
39.56850048063826 0.955751543059636
39.71238593693149 0.9036935082412371
39.856271393224716 0.8329585403511333
40.00015684951794 0.7450085424007582
40.144042305811176 0.6416612061300557
40.2879277621044 0.5250524451702225
40.431813218397636 0.3975922514091608
40.57569867469087 0.26191488689089076
40.719584130984096 0.12082444064930577
40.86346958727733 -0.022763124328731992
41.007355043570556 -0.1658802362762678
41.15124049986379 -0.3055690464349878
41.29512595615702 -0.4389425598952073
41.43901141245025 -0.563244302075972
41.582896868743475 -0.6759052876982807
41.72678232503671 -0.7745971148547752
41.870667781329935 -0.8572800868632001
42.01455323762317 -0.9222453673533912
42.158438693916395 -0.9681502973545355
42.30232415020963 -0.9940461444728842
42.446209606502855 -0.9993977106583727
42.59009506279609 -0.9840943933200083
42.73398051908932 -0.9484524711862499
42.87786597538255 -0.8932085676677686
43.02175143167578 -0.8195044268174103
43.16563688796901 -0.728863316527688
43.309522344262234 -0.6231585466486615
43.45340780055547 -0.5045747526727641
43.597293256848694 -0.3755627451494682
43.74117871314193 -0.2387888579718183
43.885064169435154 -0.0970798423707246
44.02894962572839 0.04663555448910477
44.17283508202162 0.18938711889687837
44.31672053831485 0.3282245569863487
44.46060599460808 0.46027846943641326
44.60449145090131 0.5828196542972885
44.74837690719454 0.6933155123112706
44.89226236348777 0.7894823889804378
45.036147819781 0.869332771610633
45.18003327607423 0.9312163658946149
45.32391873236745 0.9738542030911739
45.467804188660686 0.9963650728957324
45.61168964495392 0.9982837357056
45.755575101247146 0.9795705378809544
45.89946055754038 0.9406122312797424
46.043346013833606 0.8822139801289344
46.18723147012684 0.8055827204287305
46.33111692642007 0.7123022158064791
46.4750023827133 0.6043003253491854
46.618887839006526 0.4838091599011671
46.76277329529976 0.3533189502898849
46.906658751592985 0.2155265809005968
47.05054420788622 0.07327985227341298
47.19442966417945 -0.07048137533371691
47.33831512047267 -0.21278594101075912
47.482200576765905 -0.3506927891623316
47.62608603305914 -0.4813517532777965
47.76997148935237 -0.6020624612666728
47.913856945645605 -0.7103301449430806
48.057742401938825 -0.8039172002261885
48.20162785823206 -0.8808894324449675
48.34551331452529 -0.9396560309800768
48.48939877081852 -0.9790024470739077
48.63328422711175 -0.998115495312057
48.77716968340498 -0.996600159995633
48.921055139698204 -0.974487759061557
49.06494059599144 -0.9322352968243802
49.20882605228467 -0.8707160189167452
49.352711508577904 -0.7912013646326412
49.496596964871124 -0.6953346896703776
49.64048242116436 -0.5850973023559874
49.78436787745759 -0.46276751528782695
49.92825333375082 -0.330873558695414
50.07213879004405 -0.19214132866781283
50.21602424633728 -0.04943805015628968
50.3599097026305 0.09428698091353363
50.50379515892374 0.2360633517174706
50.64768061521697 0.3729609230385042
50.7915660715102 0.5021503874245775
50.93545152780342 0.6209617434228588
51.079336984096656 0.7269394773842168
51.22322244038989 0.8178933123770944
51.36710789668312 0.8919434753664022
51.51099335297635 0.9475595471054707
51.654878809269576 0.9835920918175624
51.79876426556281 0.9992964129657942
51.942649721856036 0.9943479441431392
52.08653517814927 0.9688489569938716
52.2304206344425 0.9233264475316175
52.37430609073572 0.8587212445381881
52.518191547028955 0.7763685651434812
52.66207700332219 0.6779704194508215
52.80596245961542 0.5655604345303633
52.949847915908656 0.44146182477482404
53.093733372201875 0.30823937725810807
53.23761882849511 0.16864644443124466
53.38150428478834 0.025568039675348413
53.52538974108157 -0.11803878822559649
53.6692751973748 -0.259206069391455
53.81316065366803 -0.39501625286250697
53.957046109961254 -0.5226625045915815
54.10093156625449 -0.6395067172130154
54.24481702254772 -0.7431340326814079
54.388702478840955 -0.8314027509427541
54.532587935134174 -0.9024885931588594
54.67647339142741 -0.9549224046823841
54.82035884772064 -0.9876205185625356
54.964244304013874 -0.9999071520489221
55.1081297603071 -0.9915283732174913
55.252015216600334 -0.9626573490657149
55.39590067289356 -0.9138907666128967
55.53978612918679 -0.8462365009718934
55.68367158548002 -0.761092785260311
55.827557041773254 -0.6602193128535274
55.97144249806649 -0.5457008692188182
56.11532795435971 -0.41990424496356077
56.25921341065294 -0.2854293205897325
56.40309886694617 -0.14505533390247372
56.54698432323941 -0.0016834405817330457
56.69086977953263 0.1417232449631214
56.83475523582586 0.28220088926031556
56.978640692119086 0.4168461943037413
57.12252614841232 0.5428764009745415
57.26641160470555 0.6576868012455539
57.410297060998786 0.7589045705449047
57.554182517292006 0.8444378077073882
57.69806797358524 0.9125187689887961
57.84195342987847 0.9617404026113711
57.985838886171706 0.9910854287690001
58.12972434246493 0.99994736408592
58.27360979875816 0.9881430560095356
58.41749525505139 0.9559164680848848
58.56138071134462 0.903933637879254
58.70526616763785 0.8332689117631433
58.849151623931085 0.7453827410379812
58.993037080224305 0.6420914983053226
59.13692253651754 0.5255299378926027
59.28080799281077 0.39810707617840296
59.424693449104005 0.26245640365295986
59.56857890539724 0.1213814576979026
59.71246436169046 -0.022202119049434494
59.85634981798369 -0.16532683724822375
60.000235274276925 -0.30503469093920904
60.14412073057015 -0.43843829163371717
60.288006186863385 -0.5627805429279756
60.43189164315661 -0.6754916223276978
60.57577709944984 -0.7742420926208362
60.71966255574307 -0.8569910451280195
60.863548012036304 -0.9220282798382468
61.00743346832954 -0.9680096506790119
61.15131892462276 -0.9939848454284077
61.29520438091599 -0.9994170261326033
61.439089837209224 -0.9841939241136413
61.58297529350246 -0.9486301602634049
61.726860749795684 -0.8934607426694309
61.87074620608891 -0.8198258759592948
62.01463166238214 -0.7292473963138955
62.15851711867537 -0.623597319175033
62.3024025749686 -0.5050591496821593
62.44628803126184 -0.376082755448437
62.590173487555056 -0.23933373433528518
62.73405894384829 -0.0976383236583822
62.87794440014152 0.046075010595011345
63.021829856434756 0.1888360973426813
63.16571531272799 0.32769444591703417
63.30960076902121 0.4597802248330236
63.45348622531444 0.5823635735460984
63.59737168160767 0.6929110213842243
63.7412571379009 0.7891378476255172
63.885142594194136 0.86905530057814
64.02902805048736 0.9310116997702841
64.17291350678059 0.973726571777595
64.31679896307382 0.9963171141915368
64.46068441936706 0.9983164407892132
64.60456987566029 0.9796832308255786
64.74845533195351 0.9408025830229682
64.89234078824674 0.8824780566082269
65.03622624453998 0.8059150638880224
65.18011170083321 0.712695957593413
65.32399715712644 0.604747327871823
65.46788261341966 0.48430018481032033
65.6117680697129 0.3538438494111051
65.75565352600613 0.21607450596987252
65.89953898229936 0.07383947914185107
66.04342443859258 -0.06992161265996152
66.18730989488581 -0.21223761133230723
66.33119535117903 -0.35016722499024744
66.47508080747227 -0.48085981662092475
66.6189662637655 -0.6016143191428489
66.76285172005873 -0.7099350592540187
66.90673717635195 -0.8035833363386918
67.05062263264519 -0.8806236904345869
67.19450808893842 -0.9394639030249644
67.33839354523165 -0.9788879039461532
67.48227900152489 -0.9980809043124204
67.6261644578181 -0.996646236027762
67.77004991411134 -0.9746135498568324
67.91393537040457 -0.9324382026227699
68.0578208266978 -0.8709918461969042
68.20170628299104 -0.791544412780806
68.34559173928426 -0.6957378687968399
68.48947719557749 -0.5855522798241926
68.63336265187073 -0.46326488792773424
68.77724810816396 -0.33140304714191937
68.9211335644572 -0.19269198980781246
69.06501902075041 -0.049998503293610795
69.20890447704365 0.09372831884953699
69.35278993333688 0.23551802678071757
69.4966753896301 0.3724402056400814
69.64056084592333 0.5016650394034529
69.78444630221657 0.6205217956273614
69.92833175850978 0.7265540223611412
70.07221721480302 0.8175703164530906
70.21610267109625 0.8916896140052198
70.35998812738949 0.947380066943952
70.5038735836827 0.9834907022316515
70.64775903997594 0.9992752094076494
70.79164449626917 0.9944073648337193
70.9355299525624 0.9689877738660817
71.07941540885564 0.9235417916111784
71.22330086514886 0.8590086652376776
71.36718632144209 0.7767221222440983
71.51107177773532 0.6783828058708568
71.65495723402856 0.566023127343076
71.79884269032179 0.4419652613545928
