0.0 0.0
0.055251294099053355 0.055223187401243705
0.11050258819810671 0.11027783755569438
0.16575388229716007 0.16499592758026915
0.22100517639621342 0.21921046174950384
0.27625647049526675 0.2727559811546495
0.33150776459432013 0.3254690686725134
0.38675905869337346 0.3771888477029154
0.44201035279242684 0.42775747315264867
0.49726164689148017 0.4770206131674963
0.5525129409905335 0.5248279201420917
0.6077642350895869 0.5710334895701351
0.6630155291886403 0.6154963053345862
0.7182668232876935 0.6580806700788409
0.7735181173867469 0.698656619345428
0.8287694114858002 0.7371003182183056
0.8840207055848537 0.7732944392582317
0.9392719996839071 0.8071285205777775
0.9945232937829603 0.8384993029631651
1.0497745878820137 0.8673110450140556
1.105025881981067 0.8934758153395047
1.1602771760801205 0.9169137609183244
1.2155284701791738 0.9375533508048335
1.2707797642782273 0.9553315944362247
1.3260310583772805 0.9701942338752901
1.3812823524763338 0.9820959094017921
1.436533646575387 0.9910002979471096
1.4917849406744406 0.9968802239496638
1.5470362347734938 0.9997177422928023
1.6022875288725473 0.9995041930720218
1.6575388229716004 0.9962402280243807
1.7127901170706539 0.9899358085394449
1.7680414111697074 0.9806101752578329
1.8232927052687606 0.9682917893501485
1.8785439993678141 0.9530182456555071
1.9337952934668672 0.934836157944758
1.9890465875659207 0.9138010166585642
2.044297881664974 0.8899770195545181
2.0995491757640274 0.8634368757801444
2.1548004698630807 0.8342615839697434
2.210051763962134 0.8025401850423115
2.2653030580611877 0.7683694904549778
2.320554352160241 0.7318537867413129
2.375805646259294 0.6931045172362313
2.4310569403583475 0.6522399419588465
2.486308234457401 0.6093847766912923
2.5415595285564545 0.5646698123550079
2.5968108226555073 0.5182315158461357
2.652062116754561 0.47021161354824037
2.7073134108536143 0.42075665879345414
2.7625647049526676 0.3700175845921094
2.8178159990517213 0.31814924299590996
2.873067293150774 0.2653099325004658
2.928318587249828 0.21166091492952047
2.983569881348881 0.15736592327532098
3.0388211754479344 0.10259066199714709
3.0940724695469877 0.04750230130306945
3.149323763646041 -0.007731033041655726
3.2045750577450947 -0.06294077282248485
3.259826351844148 -0.11795842183380668
3.3150776459432008 -0.17261607011739985
3.3703289400422545 -0.2267469064117033
3.4255802341413077 -0.280185727247938
3.4808315282403615 -0.33276944113936824
3.5360828223394147 -0.38433756632493465
3.5913341164384676 -0.4347327205481966
3.6465854105375213 -0.48380110137680415
3.7018367046365745 -0.5313929555965969
3.7570879987356283 -0.5773630362477852
3.8123392928346815 -0.6215710459083538
3.8675905869337344 -0.6638820648718351
3.922841881032788 -0.7041669629126729
3.9780931751318414 -0.7423027933824988
4.033344469230895 -0.778173168434577
4.088595763329948 -0.811668614231246
4.143847057429001 -0.8426869050502981
4.199098351528055 -0.8711333752706268
4.254349645627108 -0.8969212082849775
4.309600939726161 -0.9199717014580717
4.364852233825215 -0.9402145063214589
4.420103527924268 -0.9575878432720483
4.475354822023321 -0.9720386901190711
4.530606116122375 -0.9835229439040417
4.585857410221428 -0.9920055554998539
4.641108704320482 -0.9974606365782308
4.696359998419535 -0.9998715386190623
4.751611292518588 -0.9992309037205074
4.806862586617642 -0.9955406870547876
4.862113880716695 -0.988812150901141
4.917365174815749 -0.9790658302741444
4.972616468914802 -0.9663314702523085
5.027867763013854 -0.9506479351982088
5.083119057112909 -0.932063090147211
5.138370351211962 -0.9106336547267838
5.193621645311015 -0.88642503005222
5.248872939410068 -0.8595110991270778
5.304124233509122 -0.8299740013575013
5.359375527608176 -0.7979038818685841
5.414626821707229 -0.7633986163878487
5.4698781158062815 -0.7265635125354747
5.525129409905335 -0.6875109884329202
5.580380704004389 -0.6463602296107991
5.635631998103443 -0.603236825263102
5.6908832922024954 -0.5582723849578954
5.746134586301548 -0.5116041369742633
5.801385880400602 -0.46337450949134396
5.856637174499656 -0.4137306959076422
5.911888468598709 -0.36282420561722684
5.967139762697762 -0.310810401613819
6.022391056796815 -0.2578480263339651
6.077642350895869 -0.20409871718639291
6.1328936449949225 -0.14972651324611985
6.188144939093975 -0.09489735461884145
6.243396233193029 -0.03977857600350912
6.298647527292082 0.015461604001283364
6.353898821391136 0.07065459628852529
6.409150115490189 0.12563195576476666
6.464401409589242 0.18022589543258555
6.519652703688296 0.23426979846459298
6.574903997787349 0.2875987267061533
6.6301552918864015 0.3400499240549267
6.685406585985456 0.39146331318093514
6.740657880084509 0.44168198407120135
6.795909174183563 0.4905526729079775
6.8511604682826155 0.5379262298190248
6.906411762381668 0.5836580740724394
6.961663056480723 0.6276086353267782
7.016914350579776 0.6696437795898265
7.0721656446788295 0.7096352185860257
7.127416938777882 0.7474609012831746
7.182668232876935 0.7830053863835174
7.23791952697599 0.8161601946423862
7.2931708210750426 0.8468241399391502
7.348422115174096 0.8749036380900768
7.403673409273149 0.9003129924606101
7.458924703372202 0.9229746555054185
7.5141759974712565 0.9428194654379943
7.569427291570309 0.9597868573075151
7.624678585669363 0.9738250478387757
7.679929879768416 0.9848911934710642
7.735181173867469 0.9929515211136698
7.790432467966523 0.9979814312189556
7.845683762065576 0.9999655728584315
7.900935056164629 0.9988978905726995
7.956186350263683 0.9947816428522841
8.011437644362736 0.9876293921929513
8.06668893846179 0.9774629667558636
8.121940232560844 0.9643133937495816
8.177191526659897 0.9482208047372277
8.23244282075895 0.9292343131578035
8.287694114858002 0.907411864435462
8.342945408957057 0.8828200591341869
8.39819670305611 0.8555339496976034
8.453447997155163 0.8256368113942447
8.508699291254215 0.7932198881673483
8.56395058535327 0.7583821141648185
8.619201879452323 0.721229811799236
8.674453173551376 0.6818763672593982
8.72970446765043 0.6404418844637242
8.784955761749483 0.5970528185116288
8.840207055848536 0.5518415897515299
8.89545834994759 0.5049461796433511
8.950709644046642 0.4565097096489106
9.005960938145696 0.4066800044353645
9.06121223224475 0.3556091407248395
9.116463526343802 0.3034529831670662
9.171714820442856 0.2503707086515249
9.22696611454191 0.19652432051090332
9.282217408640964 0.1420781540984081
9.337468702740017 0.08719837524795093
9.39271999683907 0.03205247314781001
9.447971290938124 -0.023191250824474697
9.503222585037175 -0.07836419674594826
9.55847387913623 -0.13329798070325355
9.613725173235284 -0.18782494868835567
9.668976467334335 -0.2417786882666807
9.72422776143339 -0.29499453645606016
9.779479055532443 -0.3473100822664383
9.834730349631498 -0.3985656623667017
9.88998164373055 -0.44860484836581455
9.945232937829603 -0.49727492422117153
10.000484231928658 -0.5444273523171116
10.055735526027709 -0.5899182267911679
10.110986820126763 -0.6336087127245583
10.166238114225818 -0.6753654698564804
10.221489408324869 -0.7150610595291286
10.276740702423924 -0.7525743336214362
10.331991996522977 -0.7877908042845224
10.38724329062203 -0.8206029933504915
10.442494584721084 -0.8509107603481639
10.497745878820137 -0.8786216081246824
10.552997172919191 -0.9036509651402598
10.608248467018244 -0.9259224435745077
10.663499761117297 -0.9453680724566453
10.718751055216352 -0.9619285051080735
10.774002349315403 -0.9755532002642218
10.829253643414457 -0.9862005763229054
10.884504937513512 -0.9938381382484153
10.939756231612563 -0.9984425767440643
10.995007525711618 -0.9999998393905055
11.05025881981067 -0.9985051735327157
11.105510113909723 -0.9939631407847636
11.160761408008778 -0.9863876031080857
11.21601270210783 -0.9758016805057661
11.271263996206885 -0.9622376804619267
11.326515290305936 -0.9457369993415828
11.381766584404991 -0.9263499960518707
11.437017878504045 -0.9041358383502459
11.492269172603097 -0.8791623222686857
11.547520466702151 -0.8515056652050085
11.602771760801204 -0.8212502733127973
11.658023054900257 -0.7884884838998044
11.713274348999311 -0.7533202836210463
11.768525643098364 -0.7158530033266369
11.823776937197419 -0.6762009904956457
11.87902823129647 -0.6344852602557218
11.934279525395525 -0.5908331260535016
11.989530819494579 -0.5453778111030269
12.04478211359363 -0.4982580417979476
12.100033407692685 -0.44961762432840935
12.155284701791738 -0.39960500579479175
12.21053599589079 -0.3483728211576818
12.265787289989845 -0.2960774274068183
12.321038584088898 -0.24287842637066634
12.37628987818795 -0.18893817762295964
12.431541172287004 -0.1344213029728164
12.486792466386058 -0.07949418405066369
12.542043760485113 -0.02432445452332062
12.597295054584164 0.03091951151205159
12.652546348683218 0.08606911339375103
12.707797642782271 0.14095603845276006
12.763048936881324 0.19541277569107943
12.818300230980379 0.2492731270133928
12.873551525079431 0.3023727144518476
12.928802819178484 0.35454948183595153
12.984054113277537 0.405644189376491
13.039305407376592 0.4555008996540642
13.094556701475646 0.5039674535290081
13.149807995574697 0.55089593452029
13.205059289673752 0.5961431202361155
13.260310583772803 0.6395709194784778
13.315561877871858 0.6810467936877116
13.370813171970912 0.720444161440747
13.426064466069965 0.7576427847686342
13.481315760169018 0.7925291361142884
13.53656705426807 0.824996744810529
13.591818348367125 0.854946522020998
13.647069642466178 0.882287063152249
13.702320936565231 0.9069349268140822
13.757572230664286 0.9288148894767384
13.812823524763337 0.9478601750477693
13.868074818862391 0.9640126586679364
13.923326112961446 0.9772230441041465
13.978577407060499 0.9874510141980593
14.033828701159551 0.9946653539111917
14.089079995258604 0.9988440455909979
14.144331289357659 0.9999743361671817
14.199582583456712 0.9980527760731612
14.254833877555765 0.9930852297739022
14.31008517165482 0.9850868578679859
14.36533646575387 0.974082070818541
14.420587759852925 0.9601044544542395
14.47583905395198 0.9431966674677368
14.53109034805103 0.9234103112243693
14.586341642150085 0.9008057722784475
14.641592936249138 0.8754520380777872
14.696844230348193 0.8474264864189102
14.752095524447245 0.8168146492955101
14.807346818546298 0.7837099518608747
14.862598112645353 0.7482134273009544
14.917849406744404 0.7104334084882576
14.973100700843458 0.670485197357603
15.028351994942513 0.6284907130128169
15.083603289041564 0.5845781196382789
15.138854583140619 0.5388814353509224
15.194105877239672 0.4915401231864762
15.249357171338726 0.4426986654681649
15.304608465437779 0.3925061228569309
15.359859759536832 0.3411156794288704
15.415111053635886 0.28868417516831496
15.470362347734937 0.23537162730334243
15.525613641833992 0.1813407419445404
15.580864935933047 0.12675641751753186
15.636116230032098 0.07178524150467885
15.691367524131152 0.016594982031904223
15.746618818230205 -0.03864592414769335
15.801870112329258 -0.09376888571086921
15.857121406428313 -0.14860567129297328
15.912372700527365 -0.20298892291812437
15.96762399462642 -0.2567526667638814
16.022875288725473 -0.30973281970155064
16.078126582824524 -0.36176769006625387
16.13337787692358 -0.4126984711284103
16.188629171022633 -0.4623697257605855
16.243880465121688 -0.5106298608205793
16.29913175922074 -0.5573315898029255
16.354383053319793 -0.6023323823468604
16.409634347418848 -0.645494899228845
16.4648856415179 -0.6866874115121333
16.520136935616954 -0.7257842025741412
16.575388229716005 -0.7626659517846335
16.63063952381506 -0.7972200986638353
16.685890817914114 -0.8293411864090066
16.741142112013165 -0.8589311837411246
16.79639340611222 -0.885899784089391
16.85164470021127 -0.910164681200461
16.906895994310325 -0.9316518203312985
16.96214728840938 -0.9502956242589815
17.01739858250843 -0.9660391934177364
17.072649876607485 -0.9788344795523742
17.12790117070654 -0.9886424323581481
17.18315246480559 -0.9954331186595139
17.238403758904646 -0.9991858137640576
17.2936550530037 -0.9998890647127817
17.34890634710275 -0.997540725233726
17.404157641201806 -0.9921479622922349
17.45940893530086 -0.9837272342178894
17.514660229399915 -0.9723042404748538
17.569911523498966 -0.9579138432289361
17.62516281759802 -0.9405999609507304
17.680414111697072 -0.9204154343795693
17.735665405796126 -0.8974218652573308
17.79091669989518 -0.8716894283243053
17.846167993994236 -0.8432966571508651
17.901419288093283 -0.8123302044585899
17.956670582192338 -0.7788845776622971
18.011921876291392 -0.7430618504401459
18.067173170390447 -0.7049713512120043
18.1224244644895 -0.6647293294768774
18.177675758588553 -0.6224586010276949
18.232927052687604 -0.5782881731262228
18.28817834678666 -0.5323528507820656
18.343429640885713 -0.4847928253373552
18.398680934984768 -0.43575324661272075
18.45393222908382 -0.3853837799203484
18.509183523182873 -0.3338381492960626
18.564434817281928 -0.28127366834450335
18.61968611138098 -0.22785076012916583
18.674937405480033 -0.1737324675725907
18.730188699579084 -0.11908395586096567
18.78543999367814 -0.06407200837167724
18.840691287777194 -0.00886451766230987
18.89594258187625 0.04637002692553247
18.951193875975303 0.10146305348372968
19.00644517007435 0.15624642200713254
19.061696464173405 0.2105529375449477
19.11694775827246 0.2642168604678134
19.172199052371514 0.3170744122934081
19.22745034647057 0.36896427552674227
19.28270164056962 0.4197280859896955
19.33795293466867 0.469210916137253
19.393204228767726 0.5172617478853656
19.44845552286678 0.563733933507413
19.503706816965835 0.6084856431926621
19.558958111064886 0.6513802979007728
19.61420940516394 0.6922869861913422
19.669460699262995 0.7310808637563088
19.724711993362046 0.7676435344359243
19.7799632874611 0.8018634115554337
19.83521458156015 0.8336360584796669
19.890465875659206 0.862864507346251
19.94571716975826 0.8894595550046266
20.000968463857316 0.9133400352577378
20.056219757956367 0.9344330665754985
20.111471052055418 0.952674274524052
20.166722346154472 0.968007988231968
20.221973640253527 0.9803874102937883
20.27722493435258 0.9897747595923885
20.332476228451636 0.9961413866042638
20.387727522550684 0.9994678608358396
20.442978816649738 0.9997440301239605
20.498230110748793 0.9969690516195681
20.553481404847847 0.9911513943600186
20.608732698946902 0.9823088134221822
20.663983993045953 0.9704682957352091
20.719235287145008 0.9556659777183353
20.77448658124406 0.9379470349951027
20.829737875343113 0.9173655445205563
20.884989169442168 0.8939843195422243
20.94024046354122 0.8678747178985444
20.995491757640274 0.839116424239802
21.050743051739328 0.807797206836245
21.105994345838383 0.7740126497155494
21.161245639937434 0.7378658609471571
21.21649693403649 0.6994671579637602
21.27174822813554 0.658933730880346
21.326999522234594 0.6163892848382676
21.38225081633365 0.5719636624659539
21.437502110432703 0.5257924476084174
21.492753404531758 0.47801655153498823
21.548004698630805 0.4287817828881329
21.60325599272986 0.37823840268580466
21.658507286828915 0.3265406657355242
21.71375858092797 0.27384634985963485
21.769009875027024 0.22031627436859838
21.824261169126075 0.16611380925188174
21.879512463225126 0.11140437658433917
21.93476375732418 0.05635494566979233
21.990015051423235 0.0011335234625780262
22.04526634552229 -0.05409135817775755
22.10051763962134 -0.10915115683372044
22.155768933720395 -0.16387783390937377
22.211020227819446 -0.2181043674721762
22.2662715219185 -0.27166526199208857
22.321522816017556 -0.3243970534221561
22.376774110116607 -0.37613880807918343
22.43202540421566 -0.4267326138019183
22.487276698314716 -0.4760240618877351
22.54252799241377 -0.5238627183370448
22.59777928651282 -0.5701025829671736
22.653030580611873 -0.6146025349945631
22.708281874710927 -0.6572267637253739
22.763533168809982 -0.6978451830400758
22.818784462909036 -0.7363338284070555
22.87403575700809 -0.7725752352135623
22.92928705110714 -0.8064587972593614
22.984538345206193 -0.8378811043190205
23.039789639305248 -0.8667462577425488
23.095040933404302 -0.892966163131285
23.150292227503357 -0.916460799195743
23.205543521602408 -0.9371584619749035
23.260794815701463 -0.9549959836716172
23.316046109800514 -0.9699189254362273
23.371297403899568 -0.9818817435100826
23.426548697998623 -0.9908479282218478
23.481799992097674 -0.9967901154124315
23.53705128619673 -0.9996901699484573
23.592302580295783 -0.9995392410694012
23.647553874394838 -0.9963377893994849
23.70280516849389 -0.9900955855418848
23.75805646259294 -0.9808316802595426
23.813307756691994 -0.96857434633359
23.86855905079105 -0.9533609922768301
23.923810344890104 -0.935238048165611
23.979061638989158 -0.9142608239385293
24.034312933088206 -0.8904933405944291
24.08956422718726 -0.864008134804846
24.144815521286315 -0.8348860375372547
24.20006681538537 -0.803215927364684
24.255318109484424 -0.7690944592146254
24.310569403583475 -0.7326257693850599
24.365820697682526 -0.6939211577278639
24.42107199178158 -0.6530987479695685
24.476323285880635 -0.6102831272061385
24.53157457997969 -0.5656049656719953
24.58682587407874 -0.5192006179437442
24.642077168177796 -0.47121170679567737
24.69732846227685 -0.42178469097714033
24.7525797563759 -0.37107041823081943
24.807831050474956 -0.3192236649161327
24.863082344574007 -0.2664026636427933
24.91833363867306 -0.21276862035609373
24.973584932772116 -0.158485222347831
25.02883622687117 -0.10371813869430103
25.084087520970225 -0.048634514646044756
25.139338815069273 0.006597538487581243
25.194590109168328 0.06180945640221242
25.249841403267382 0.1168327362447216
25.305092697366437 0.17149945087199045
25.36034399146549 0.22564276135261946
25.415595285564542 0.27909742614749655
25.470846579663593 0.33170030541525186
25.526097873762648 0.3832908589034626
25.581349167861703 0.4337116359060974
25.636600461960757 0.48280875579190186
25.69185175605981 0.530432377637152
25.747103050158863 0.576437157529526
25.802354344257918 0.6206826921473863
25.85760563835697 0.6630339472607572
25.912856932456023 0.7033616698462144
25.968108226555074 0.7415427825579163
26.02335952065413 0.7774607593509443
26.078610814753183 0.8110059811105012
26.133862108852238 0.8420760702016752
26.189113402951293 0.8705762029187106
26.24436469705034 0.8964193988802208
26.299615991149395 0.9195267864871496
26.35486728524845 0.939827843633271
26.410118579347504 0.9572606129336639
26.46536987344656 0.9717718908142476
26.520621167545606 0.9833173898853115
26.57587246164466 0.9918618741034886
26.631123755743715 0.9973792663096495
26.68637504984277 0.9998527278145469
26.741626343941824 0.9992747097892974
26.796877638040876 0.9956469763038719
26.85212893213993 0.9889805989432782
26.90738022623898 0.9792959230178712
26.962631520338036 0.9666225054709081
27.01788281443709 0.9509990246728589
27.07313410853614 0.9324731623777661
27.128385402635196 0.9111014582019119
27.18363669673425 0.8869491370689314
27.238887990833305 0.8600899101479724
27.294139284932356 0.8306057498924442
27.349390579031407 0.7985866398659044
27.404641873130462 0.7641303001186155
27.459893167229517 0.7273418889528953
27.51514446132857 0.6883336819874383
27.570395755427626 0.6472247295001019
