0.0 0.0
0.09497931389173905 0.09483657578188304
0.1899586277834781 0.18881826712304034
0.2849379416752172 0.28109789575940825
0.3799172555669562 0.3708436263145321
0.47489656945869524 0.4572464647052684
0.5698758833504344 0.5395275506494339
0.6648551972421733 0.61694517853862
0.7598345111339124 0.688801483387986
0.8548138250256514 0.7544487315939374
0.9497931389173905 0.813295159792972
1.0447724528091296 0.8648103091885243
1.1397517667008688 0.9085298072606375
1.2347310805926077 0.9440595537547413
1.3297103944843467 0.9710792732158195
1.4246897083760857 0.9893454020443896
1.5196690222678249 0.9986932840495345
1.614648336159564 0.9990386547076351
1.7096276500513028 0.9903784007472615
1.804606963943042 0.9727905882131059
1.899586277834781 0.9464337587559809
1.9945655917265201 0.9115455004923275
2.089544905618259 0.8684403063159237
2.1845242195099983 0.8175067389675901
2.2795035334017375 0.7592039284177813
2.3744828472934763 0.6940574331356715
2.4694621611852154 0.622654502552456
2.5644414750769546 0.5456387834244056
2.6594207889686934 0.46370451781404853
2.7544001028604326 0.37759028499056446
2.8493794167521713 0.2880723436617249
2.9443587306439105 0.1959576345524222
3.0393380445356497 0.10207650640659115
3.134317358427389 0.007275230982442734
3.229296672319128 -0.08759162548697538
3.324275986210867 -0.18166890560202417
3.4192553001026056 -0.27410856943366735
3.514234613994345 -0.36407733900171607
3.609213927886084 -0.45076420968457914
3.704193241777823 -0.5333877608504907
3.799172555669562 -0.611203199810059
3.8941518695613015 -0.6835090755939064
3.9891311834530403 -0.7496536020354493
4.084110497344779 -0.8090405331607285
4.179089811236518 -0.861134537922806
4.274069125128257 -0.9054660258313129
4.369048439019997 -0.9416353799775337
4.464027752911735 -0.9693165592972918
4.559007066803475 -0.9882600375998087
4.653986380695214 -0.9982950528692633
4.7489656945869525 -0.9993311465632045
4.843945008478692 -0.991358979032127
4.938924322370431 -0.974450413709785
5.0339036362621705 -0.9487578693153262
5.128882950153909 -0.9145129459066867
5.223862264045648 -0.8720243371703952
5.318841577937387 -0.8216750477670192
5.4138208918291255 -0.7639189408159056
5.508800205720865 -0.6992766466411913
5.603779519612604 -0.6283308696588389
5.698758833504343 -0.5517211357097734
5.793738147396082 -0.47013802718819436
5.888717461287821 -0.38431695793128695
5.983696775179561 -0.2950315439852776
6.078676089071299 -0.20308663000569147
6.173655402963038 -0.10931103415384341
6.268634716854778 -0.014550076889192274
6.3636140307465165 0.08034203899481325
6.458593344638256 0.17450992840283625
6.553572658529995 0.2671047346273527
6.648551972421734 0.3572917811895815
6.743531286313473 0.4442580958557054
6.838510600205211 0.5272197390047227
6.933489914096951 0.605428870287906
7.02846922798869 0.6781804898789154
7.123448541880428 0.7448187935470192
7.218427855772168 0.8047430842669135
7.313407169663907 0.8574131870761885
7.408386483555646 0.9023543183693444
7.503365797447385 0.939161365735115
7.598345111339124 0.9675025397574172
7.693324425230863 0.987122364861518
7.788303739122603 0.9978439822450731
7.883283053014342 0.9995707441347408
7.978262366906081 0.9922870849972854
8.07324168079782 0.9760586618518141
8.168220994689557 0.951031762418336
8.263200308581299 0.9174319864377605
8.358179622473036 0.8755622120503105
8.453158936364776 0.8257998655639817
8.548138250256514 0.7685935192241827
8.643117564148254 0.7044588476532126
8.738096878039993 0.6339739794094378
8.833076191931733 0.5577742855685366
8.92805550582347 0.47654665230407395
9.02303481971521 0.3910232890960102
9.11801413360695 0.3019751283817774
9.212993447498688 0.21020487614735625
9.307972761390428 0.11653977610235491
9.402952075282165 0.021824152664938694
9.497931389173905 -0.07308820002373558
9.592910703065645 -0.1673417144478921
9.687890016957384 -0.2600867620512421
9.782869330849122 -0.3504873120355735
9.877848644740862 -0.4377284675852096
9.9728279586326 -0.5210238115835925
10.067807272524341 -0.5996224956056116
10.162786586416079 -0.6728160082833848
10.257765900307819 -0.7399445620335456
10.352745214199556 -0.8004030405741474
10.447724528091296 -0.8536464536186051
10.542703841983036 -0.899194849576431
10.637683155874774 -0.9366376419762833
10.732662469766513 -0.965637310611681
10.827641783658251 -0.9859324440461791
10.92262109754999 -0.9973400960519901
11.01760041144173 -0.9997574347404194
11.11257972533347 -0.993162669518379
11.207559039225208 -0.9776152475151236
11.302538353116947 -0.9532553177085594
11.397517667008685 -0.9203024675816505
11.492496980900427 -0.8790537436970611
11.587476294792165 -0.8298809740331667
11.682455608683904 -0.7732274162186432
11.777434922575642 -0.7096037618794616
11.872414236467382 -0.6395835331162255
11.967393550359121 -0.5637979126093757
12.062372864250861 -0.48293005395516886
12.157352178142599 -0.39770892352073145
12.252331492034337 -0.30890272932948354
12.347310805926076 -0.2173119962108813
12.442290119817816 -0.12376234963708421
12.537269433709556 -0.029097073295129533
12.632248747601293 0.0658304925171631
12.727228061493033 0.160164643148508
12.822207375384771 0.25305502316441947
12.917186689276512 0.3436642916981114
13.01216600316825 0.43117567048426797
13.10714531705999 0.5148003065355952
13.202124630951728 0.593784383092762
13.297103944843467 0.6674159147476408
13.392083258735207 0.7350311654865705
13.487062572626947 0.7960206317995824
13.582041886518684 0.8498345369220749
13.677021200410422 0.8959877866822636
13.772000514302162 0.934064342280945
13.866979828193902 0.9637209705860764
13.961959142085641 0.9846903381359272
14.05693845597738 0.996783420960553
14.151917769869119 0.9998912084987653
14.246897083760857 0.993985686250994
14.341876397652598 0.9791200883101224
14.436855711544336 0.9554284174939145
14.531835025436076 0.9231242374046879
14.626814339327813 0.8824987473049751
14.721793653219553 0.8339181571627832
14.816772967111293 0.7778203865285754
14.911752281003032 0.7147111170012415
15.00673159489477 0.6451592338672838
15.10171090878651 0.5697916980036
15.196690222678248 0.48928789427003716
15.291669536569987 0.4043735073369176
15.386648850461725 0.3158139801526472
15.481628164353465 0.22440761401863163
15.576607478245206 0.13097837246947766
15.671586792136942 0.036368453826364035
15.766566106028684 -0.058569300623278704
15.86154541992042 -0.15297909438481427
15.956524733812161 -0.24600989015462377
16.0515040477039 -0.3368230813175177
16.14648336159564 -0.4246000513903751
16.24146267548738 -0.5085495532688987
16.336441989379114 -0.5879148417588237
16.431421303270856 -0.6619804950969403
16.526400617162597 -0.7300788639706339
16.621379931054335 -0.791596089902738
16.716359244946073 -0.8459776387501531
16.81133855883781 -0.8927332994356767
16.906317872729552 -0.9314416028530464
17.00129718662129 -0.9617536211118798
17.096276500513028 -0.9833961128750378
17.19125581440477 -0.9961739864353992
17.286235128296507 -0.9999720583291755
17.381214442188245 -0.9947560916331127
17.476193756079986 -0.9805731045860603
17.571173069971724 -0.9575509467529107
17.666152383863466 -0.9258971465514827
17.7611316977552 -0.8858970405310908
17.85611101164694 -0.8379112012659946
17.951090325538683 -0.7823721870494998
18.04606963943042 -0.7197806426878502
18.14104895332216 -0.6507007865425214
18.2360282672139 -0.5757553245020277
18.331007581105638 -0.4956198367301796
18.425986894997376 -0.41101668779023837
18.520966208889114 -0.32270851504093245
18.615945522780855 -0.2314913540017813
18.710924836672596 -0.1381874626577126
18.80590415056433 -0.043637909386746845
18.900883464456072 0.0513050086746875
18.99586277834781 0.1457854484856576
19.09084209223955 0.2389517359185313
19.18582140613129 0.32996404299691284
19.280800720023027 0.41800195834898646
19.37578003391477 0.502271882633911
19.470759347806506 0.5820141822767819
19.565738661698244 0.6565100370263401
19.660717975589986 0.7250879196094987
19.755697289481724 0.7871296490732296
19.85067660337346 0.8420759632472496
19.9456559172652 0.8894315600956584
20.04063523115694 0.9287695625133613
20.135614545048682 0.9597353663202826
20.230593858940416 0.9820498367664487
20.325573172832158 0.9955118247337071
20.420552486723896 0.9999999799522936
20.515531800615637 0.9954738448874199
20.610511114507375 0.981974219435241
20.705490428399113 0.9596227931407406
20.800469742290854 0.9286210482528247
20.895449056182592 0.8892484435048115
20.99042837007433 0.8418598949922296
21.08540768396607 0.7868825768560451
21.18038699785781 0.724812070610883
21.275366311749547 0.6562078978292939
21.370345625641285 0.5816884764517852
21.465324939533026 0.5019255461878733
21.560304253424768 0.41763811325923345
21.655283567316502 0.32958596906877097
21.750262881208243 0.23856284122019908
21.84524219509998 0.14538923862691264
21.940221508991723 0.05090505520627428
22.03520082288346 -0.044038001168084824
22.1301801367752 -0.13858408620845308
22.22515945066694 -0.23188093404202945
22.320138764558678 -0.32308753978304305
22.415118078450416 -0.4113817405950964
22.510097392342157 -0.4959676269057704
22.605076706233895 -0.5760827169666846
22.700056020125633 -0.6510048300854696
22.79503533401737 -0.7200585965722827
22.890014647909112 -0.7826215457183687
22.984993961800853 -0.8381297169278268
23.079973275692588 -0.886082743422236
23.17495258958433 -0.9260483626921469
23.269931903476067 -0.9576663130368746
23.36491121736781 -0.9806515810681324
23.459890531259546 -0.9947969709034878
23.554869845151284 -0.9999749718902371
23.649849159043026 -0.9961389080234614
23.744828472934763 -0.9833233586970953
23.8398077868265 -0.9616438469952249
23.934787100718243 -0.9312957983334507
24.02976641460998 -0.8925527788374333
24.124745728501722 -0.8457640293383663
24.219725042393456 -0.7913513172146952
24.314704356285198 -0.7298051344584385
24.40968367017694 -0.6616802762379261
24.504662984068673 -0.5875908398129943
24.599642297960415 -0.5082046888838935
24.694621611852153 -0.4242374332739401
24.789600925743894 -0.33644597821467565
24.884580239635632 -0.24562170138228356
24.97955955352737 -0.15258331918932655
25.07453886741911 -0.058169506637205375
25.16951818131085 0.03676866274389787
25.264497495202587 0.1313753887190483
25.35947680909433 0.22479785878044467
25.454456122986066 0.3161939356470659
25.549435436877808 0.40473974853475675
25.644414750769542 0.4896371197667514
25.739394064661283 0.5701207597791323
25.834373378553025 0.6454651656632072
25.92935269244476 0.7149911610594812
26.0243320063365 0.7780720184506518
26.11931132022824 0.834139108665458
26.21429063411998 0.882687026667227
26.309269948011718 0.9232781474216559
26.404249261903455 0.9555465707759999
26.499228575795197 0.9792014197893227
26.594207889686935 0.9940294627817303
26.689187203578673 0.9998970354666747
26.784166517470414 0.996751245839654
26.879145831362152 0.9846204509621055
26.974125145253893 0.963614001342616
27.069104459145628 0.9339212552196794
27.16408377303737 0.8958098716315224
27.25906308692911 0.8496233976598023
27.354042400820845 0.7957781715964206
27.449021714712586 0.7347595699492138
27.544001028604324 0.6671176321171539
27.638980342496065 0.5934621021754142
27.733959656387803 0.5144569324651875
27.82893897027954 0.4308142985344108
27.923918284171283 0.3432881793805214
28.01889759806302 0.25266756086478115
28.11387691195476 0.15976932356453097
28.2088562258465 0.06543087917440167
28.303835539738238 -0.02949737816592856
28.39881485362998 -0.124159737571543
28.493794167521713 -0.2177028850387247
28.588773481413455 -0.30928359546528517
28.683752795305196 -0.39807633372651674
28.778732109196934 -0.48328069628861997
28.873711423088672 -0.5641286262786485
28.96869073698041 -0.6398913369722448
29.06367005087215 -0.709885881288866
29.15864936476389 -0.7734813080751292
29.253628678655627 -0.8301043496817926
29.348607992547368 -0.8792445895648503
29.443587306439106 -0.9204590633285136
29.538566620330844 -0.9533762517349503
29.633545934222585 -0.977699429686602
29.728525248114323 -0.9932093409923985
29.823504562006065 -0.999766174806757
29.9184838758978 -0.9973108259251494
30.01346318978954 -0.9858654275755849
30.10844250368128 -0.9655331519032646
30.20342181757302 -0.9364972799468978
30.298401131464757 -0.8990195494901791
30.393380445356495 -0.8534377956813834
30.488359759248237 -0.8001629056892079
30.583339073139975 -0.7396751148464928
30.678318387031716 -0.6725196776694262
30.77329770092345 -0.5993019527749788
30.86827701481519 -0.5206819460024643
30.96325632870693 -0.43736836092923415
31.05823564259867 -0.35011221041074414
31.153214956490412 -0.2597000467325568
31.248194270382147 -0.166946871399569
31.343173584273885 -0.07268878847569668
31.438152898165626 0.022224532300988156
31.533132212057367 0.11693751468808142
31.628111525949105 0.21059638835161393
31.72309083984084 0.30235688499983526
31.81807015373258 0.39139184886283146
31.913049467624322 0.47689869291486703
32.00802878151606 0.558106633626979
32.1030080954078 0.6342836390335967
32.197987409299536 0.7047430274812858
32.29296672319128 0.768849657576661
32.38794603708302 0.8260256535353575
32.48292535097476 0.8757556143222253
32.577904664866494 0.9175912596259563
32.67288397875823 0.9511554707880308
32.76786329264997 0.9761456902598342
32.86284260654171 0.9923366489442815
32.95782192043345 0.9995823968368976
33.052801234325194 0.9978176186615483
33.14778054821693 0.9870582226413119
33.24275986210867 0.9674011970971328
33.337739176000404 0.9390237361669305
33.432718489892146 0.9021816425261614
33.52769780378389 0.8572070215082138
33.62267711767562 0.8045052874104639
33.71765643156736 0.7445515089720266
33.812635745459104 0.6778861269661746
33.907615059350846 0.6051100825102139
34.00259437324258 0.5268794000077105
34.097573687134314 0.44389927355394726
34.192553001026056 0.3569177101115258
34.2875323149178 0.2667187867583503
34.38251162880954 0.17411558278908232
34.47749094270128 0.07994285038221419
34.572470256593014 -0.01495051009852632
34.667449570484756 -0.10970910233865819
34.76242888437649 -0.20347874486373838
34.85740819826823 -0.29541417087933786
34.95238751215997 -0.3846866477513971
35.04736682605171 -0.4704914474429287
35.14234613994345 -0.5520551005663055
35.23732545383519 -0.6286423686609475
35.33230476772693 -0.6995628718463918
35.427284081618666 -0.7641773121070548
35.5222633955104 -0.8219032361102521
35.61724270940214 -0.8722202856097097
35.71222202329388 -0.9146748881059343
35.807201337185624 -0.9488843454804841
35.902180651077366 -0.9745402837479629
35.9971599649691 -0.9914114328286956
36.09213927886084 -0.9993457112844067
36.187118592752576 -0.9982715972244717
36.28209790664432 -0.9881987730250181
36.37707722053606 -0.9692180380491744
36.4720565344278 -0.9415004901552361
36.567035848319534 -0.9052959833708771
36.662015162211276 -0.8609308756363584
36.75699447610302 -0.8088050869192758
36.85197378999475 -0.749388494219804
36.94695310388649 -0.683216695962919
37.04193241777823 -0.610886183958655
37.13691173166997 -0.5330489664516301
37.23189104556171 -0.4504066907293813
37.32687035945345 -0.36370431826988925
37.42184967334519 -0.2737234094424372
37.51682898723693 -0.18127507829543332
37.61180830112866 -0.08719268093875832
37.7067876150204 0.007675696570255904
37.801766928912144 0.10247488312087095
37.896746242803886 0.19635033130975194
37.99172555669562 0.28845582057946273
38.08670487058736 0.3779610852963949
38.1816841844791 0.46405929900631
38.27666349837084 0.5459743474023742
38.37164281226258 0.6229678244449703
38.46662212615431 0.6943456885681785
38.561601440046054 0.7594645189720901
38.656580753937796 0.8177373156047512
38.75156006782954 0.8686387905511551
38.84653938172128 0.91171010313108
38.94151869561301 0.9465629960222549
39.03649800950475 0.9728832951246453
39.13147732339649 0.9904337416170395
39.22645663728823 0.9990561306769765
39.32143595117997 0.9986727375849751
39.416415265071706 0.9892870183577295
39.51139457896345 0.970983578594568
39.60637389285519 0.9439274108180095
39.70135320674692 0.9083624071832423
39.796332520638664 0.8646091609633848
39.8913118345304 0.8130620766286195
39.98629114842214 0.7541858145697138
40.08127046231388 0.6885111025143151
40.17624977620562 0.6166299513930421
40.271229090097364 0.5391903187810012
40.3662084039891 0.4568902680200029
40.46118771788083 0.37047167567281736
40.556167031772574 0.2807135440323606
40.651146345664316 0.18842497896876778
40.74612565955606 0.09443789641404415
40.84110497344779 -0.00040047676977438305
40.93608428733953 -0.09523523993967309
41.031063601231274 -0.18921152499433005
41.12604291512301 -0.2814822024035115
41.22102222901475 -0.3712155174797386
41.316001542906484 -0.45760258805658743
41.410980856798226 -0.5398646959875419
41.50596017068997 -0.6172603067375104
41.60093948458171 -0.6890917537905403
41.69591879847345 -0.7547115276184336
41.790898112365184 -0.8135281125197079
41.88587742625692 -0.8650113187139574
41.98085674014866 -0.9086970616265232
42.0758360540404 -0.9441915452816438
42.17081536793214 -0.9711748120937761
42.26579468182388 -0.9894036270582022
42.36077399571562 -0.9987136703420175
42.45575330960736 -0.9990210185108263
42.550732623499094 -0.9903229010389619
42.645711937390836 -0.9726977252838064
42.74069125128257 -0.946304369699101
42.83567056517431 -0.911380751658407
42.93064987906605 -0.8682416827988048
43.025629192957794 -0.8172760312173487
43.120608506849536 -0.7589432161010902
43.21558782074127 -0.6937690663890852
43.310567134633004 -0.6223410807975895
43.405546448524746 -0.5453031319359898
43.50052576241649 -0.46334966225209395
43.59550507630823 -0.37721942412617965
43.69048439019996 -0.2876888205424694
43.785463704091704 -0.19556490636708643
43.880443017983445 -0.1016781133211111
43.97542233187518 -0.006874764227816907
44.07040164576692 0.08799055598710662
44.165380959658656 0.182062703772251
44.2603602735504 0.2744936854629061
44.35533958744214 0.36445030134221623
44.45031890133388 0.451121656345471
44.54529821522562 0.5337264697037474
44.640277529117355 0.611520117635689
44.73525684300909 0.6838013456025761
44.83023615690083 0.7499185896204125
44.92521547079257 0.809275849646925
45.020194784684314 0.8613380620990769
45.11517409857605 0.9056359230716139
45.21015341246779 0.9417701187787945
45.30513272635953 0.969414925084821
45.400112040251265 0.988321143675824
45.49509135414301 0.9983183484058479
45.59007066803474 0.9993164215676249
45.68504998192648 0.9913063662397703
45.780029295818224 0.9743603873876432
45.875008609709965 0.9486312409868164
45.96998792360171 0.9143508570363422
46.06496723749344 0.8718282488743774
46.159946551385175 0.8214467276421857
46.25492586527692 0.7636604470061767
46.34990517916866 0.6989903092848513
46.4448844930604 0.6280192698839876
46.539863806952134 0.5513870823672956
46.634843120843875 0.46978453153194455
46.72982243473562 0.38394720647378744
46.82480174862735 0.29464886977357335
46.91978106251909 0.20269448257627234
47.01476037641083 0.10891294843754996
47.10973969030257 0.014149641346294673
47.20471900419431 -0.08074121472202003
47.29969831808605 -0.17490424602840002
47.39467763197779 -0.26749063965766223
