0.0 0.0
0.15269528038065364 0.1521026017351931
0.3053905607613073 0.30066568748873995
0.45808584114196094 0.4422321078739204
0.6107811215226145 0.573507529975311
0.7634764019032682 0.6914370983911994
0.9161716822839219 0.7932765234950127
1.0688669626645755 0.8766559426505797
1.221562243045229 0.93963506829362
1.3742575234258827 0.9807483395515343
1.5269528038065363 0.9990390266970529
1.6796480841871901 0.9940814948052743
1.8323433645678437 0.9659911085258515
1.9850386449484974 0.9154215474805159
2.137733925329151 0.8435495947582012
2.2904292057098044 0.7520477524883299
2.443124486090458 0.6430453217437925
2.595819766471112 0.5190788524669123
2.7485150468517654 0.3830331164774229
2.9012103272324192 0.23807397715488593
3.0539056076130726 0.0875747179570769
3.2066008879937264 -0.06496245584745897
3.3592961683743803 -0.2159879155323417
3.511991448755034 -0.3619872108377344
3.6646867291356875 -0.4995628532713477
3.817382009516341 -0.6255133776411086
3.9700772898969947 -0.7369078420116546
4.1227725702776485 -0.8311540324273492
4.275467850658302 -0.9060587852382611
4.428163131038956 -0.9598790232935012
4.580858411419609 -0.9913623183600249
4.733553691800263 -0.9997760358558367
4.886248972180916 -0.9849243836826963
5.038944252561571 -0.9471529684220886
5.191639532942224 -0.8873407528691216
5.344334813322877 -0.8068796020572151
5.497030093703531 -0.7076418937494807
5.649725374084184 -0.5919369471194896
5.8024206544648385 -0.4624572835513618
5.955115934845492 -0.3222159701016073
6.107811215226145 -0.17447650367678502
6.2605064956067995 -0.022676867562945634
6.413201775987453 0.12965047244442957
6.565897056368106 0.27896077057342866
6.7185923367487606 0.4217794893708927
6.871287617129413 0.5547831542091997
7.023982897510068 0.6748766924732751
7.176678177890721 0.7792654576999456
7.329373458271375 0.8655202626260837
7.482068738652028 0.931633907788648
7.634764019032682 0.9760678902232703
7.787459299413336 0.9977882053227888
7.940154579793989 0.9962894087256726
8.092849860174644 0.9716063783002042
8.245545140555297 0.9243135025162047
8.39824042093595 0.8555113140913645
8.550935701316604 0.7668008799550052
8.703630981697257 0.6602465434897014
8.856326262077912 0.5383278860604648
9.009021542458564 0.40388202571464904
9.161716822839217 0.2600375957953444
9.314412103219873 0.11014193982436991
9.467107383600526 -0.04231678312777515
9.61980266398118 -0.193790769931663
9.772497944361833 -0.3407551328406037
9.925193224742486 -0.47978992567804024
10.077888505123141 -0.6076597279735882
10.230583785503793 -0.7213889350785933
10.383279065884448 -0.8183310022164698
10.535974346265101 -0.8962300311184541
10.688669626645755 -0.9532732660880122
10.841364907026408 -0.9881332778799097
10.994060187407062 -0.999998853750576
11.146755467787717 -0.988593874850323
11.299450748168368 -0.9541837416695262
11.452146028549022 -0.8975691980148954
11.604841308929677 -0.8200676972355054
11.75753658931033 -0.72348274431734
11.910231869690984 -0.6100619272736236
12.062927150071637 -0.4824446144649089
12.21562243045229 -0.3436005349626787
12.368317710832944 -0.1967606712271194
12.521012991213599 -0.04534207226663221
12.673708271594252 0.10713166307941034
12.826403551974906 0.25711238233444556
12.97909883235556 0.4011099469558981
13.131794112736213 0.5357734498883902
13.284489393116868 0.657969193119289
13.437184673497521 0.7648536106535285
13.589879953878174 0.8539394399476983
13.742575234258826 0.9231536019556295
13.89527051463948 0.9708854428831838
14.047965795020136 0.9960242150385452
14.200661075400788 0.997984924576849
14.353356355781441 0.976721944647095
14.506051636162095 0.9327300771554983
14.65874691654275 0.86703303843743
14.811442196923403 0.7811596367830634
14.964137477304057 0.6771081961795388
15.11683275768471 0.55730005414987
15.269528038065364 0.4245232158209099
15.422223318446019 0.2818674754229752
15.574918598826672 0.13265251498156883
15.727613879207325 -0.019649346613574942
15.880309159587979 -0.17149395648801022
16.033004439968632 -0.31934780228069864
16.185699720349287 -0.4597702390311947
16.33839500072994 -0.5894935549884126
16.491090281110594 -0.7054990131630852
16.643785561491246 -0.8050870990927109
16.7964808418719 -0.8859403401127364
16.949176122252556 -0.9461772342929256
17.101871402633208 -0.9843960340812754
17.254566683013863 -0.9997073657845901
17.407261963394514 -0.9917549258114383
17.559957243775166 -0.9607237720639009
17.712652524155825 -0.9073360175325833
17.865347804536476 -0.8328340263074671
18.018043084917128 -0.7389515030431547
18.170738365297783 -0.6278731486435098
18.323433645678435 -0.5021838210013498
18.47612892605909 -0.3648083838523092
18.628824206439745 -0.21894364349508383
18.781519486820397 -0.0679839572500862
18.934214767201052 0.0845577552090435
19.086910047581704 0.2351317595387874
19.23960532796236 0.380234111107926
19.392300608343014 0.5164881938264325
19.544995888723665 0.6407232959652156
19.69769116910432 0.7500483944616558
19.850386449484972 0.8419194307072253
20.003081729865627 0.9141985122705564
20.155777010246283 0.9652036628973711
20.308472290626934 0.9937479630759033
20.461167571007586 0.9991671703440645
20.61386285138824 0.9813351765977542
20.766558131768896 0.9406669426997687
20.919253412149548 0.8781088420992493
21.071948692530203 0.7951166381712503
21.224643972910854 0.6936216077565661
21.37733925329151 0.5759855992267006
21.530034533672165 0.4449460708989922
21.682729814052816 0.30355238878988405
21.83542509443347 0.155094866094671
21.988120374814123 0.0030281956863335707
22.140815655194775 -0.14910894259635352
22.293510935575434 -0.29777622908620954
22.446206215956085 -0.43951408958477983
22.598901496336737 -0.5710242016655264
22.751596776717392 -0.6892462485544608
22.904292057098044 -0.7914291344808767
23.0569873374787 -0.8751950042755624
23.209682617859354 -0.9385945774431625
23.362377898240005 -0.9801525090527138
23.51507317862066 -0.9989017218720201
23.667768459001312 -0.9944059108171429
23.820463739381967 -0.966769696025395
23.973159019762623 -0.9166361882839137
24.125854300143274 -0.8451720234677133
24.27854958052393 -0.754040214244531
24.43124486090458 -0.6453614508031121
24.583940141285236 -0.5216647511594361
24.736635421665888 -0.38582860943702124
24.889330702046543 -0.24101401163496125
25.042025982427198 -0.0905908776458095
25.19472126280785 0.06194035873975236
25.347416543188505 0.21303020696254357
25.500111823569156 0.3591627184040049
25.65280710394981 0.4969373045549098
25.805502384330467 0.6231478706872053
25.95819766471112 0.7348574235425118
26.110892945091773 0.8294664168729518
26.263588225472425 0.9047732443938133
26.41628350585308 0.9590254724419256
26.568978786233735 0.9909606201259306
26.721674066614387 0.9998355379906955
26.874369346995042 0.9854437015372329
27.02706462737569 0.9481200171678753
27.17975990775635 0.8887330287195551
27.332455188137004 0.8086647059437247
27.485150468517652 0.7097782852666925
27.63784574889831 0.5943749111945971
27.79054102927896 0.4651400873428047
27.943236309659614 0.32508118320524987
28.095931590040273 0.1774574509177385
28.24862687042092 0.025704180565667988
28.401322150801576 -0.126647241013735
28.554017431182228 -0.276051507656364
28.706712711562883 -0.4190318952071164
28.859407991943538 -0.5522611669124785
29.01210327232419 -0.6726390001543953
29.164798552704845 -0.7773641327602665
29.3174938330855 -0.8639995500024659
29.47018911346615 -0.9305291953480521
29.622884393846807 -0.9754048852665197
29.77557967422746 -0.9975823363607269
29.928274954608113 -0.9965454664487486
30.08097023498877 -0.9723184040963184
30.23366551536942 -0.9254649271310784
30.386360795750075 -0.8570753432047185
30.539056076130727 -0.7687411176999769
30.691751356511382 -0.6625178394058219
30.844446636892037 -0.540877385771134
30.99714191727269 -0.4066504008792061
31.149837197653344 -0.2629604247140511
31.302532478033996 -0.11315120656882942
31.45522775841465 0.03929110594443418
31.607923038795306 0.19081909157676116
31.760618319175958 0.3379066059973231
31.913313599556613 0.47713083722228844
32.066008879937264 0.6052519564398393
32.21870416031792 0.7192885107104293
32.371399440698575 0.816586803110216
32.52409472107922 0.8948826458014663
32.67679000145988 0.9523540490000504
32.82948528184053 0.9876636197370842
32.98218056222119 0.9999896837709501
33.13487584260184 0.9890454064246543
33.28757112298249 0.9550854673955403
33.44026640336315 0.898900134210643
33.5929616837438 0.8217968722418459
33.74565696412446 0.7255699192264549
33.89835224450511 0.6124585323118004
34.05104752488576 0.48509487923942135
34.203742805266415 0.3464427862712355
34.35643808564706 0.19972876822916483
34.509133366027726 0.04836694561913203
34.66182864640838 -0.10412040393816051
34.81452392678903 -0.2541848111555367
34.967219207169684 -0.39833419002289133
35.11991448755033 -0.5332141006790598
35.27260976793099 -0.6556858091778616
35.42530504831165 -0.7628993276519882
35.5780003286923 -0.8523597351877894
35.73069560907295 -0.9219852360856309
35.8833908894536 -0.9701556044562275
36.036086169834256 -0.9957498878191893
36.18878145021492 -0.9981724923189936
36.341476730595566 -0.9773670425403206
36.49417201097622 -0.9338176933967394
36.64686729135687 -0.8685378635643681
36.799562571737525 -0.7830466526400183
36.95225785211818 -0.679333490810323
37.104953132498835 -0.5598118436545391
37.25764841287949 -0.4272630493972227
37.41034369326014 -0.28477159555055725
37.56303897364079 -0.13565334109645757
37.71573425402145 0.016621645479887835
37.868429534402104 0.16850983670134675
38.02112481478276 0.3164767060435953
38.17382009516341 0.45707897842246487
38.32651537554406 0.5870447572072506
38.47921065592472 0.7033496631576961
38.63190593630537 0.8032872134874508
38.78460121668603 0.8845318032921712
38.937296497066676 0.9451928237278541
39.08999177744733 0.9838586575779311
39.242687057827986 0.9996295284066593
39.39538233820864 0.9921384388799633
39.548077618589296 0.9615597110067844
39.700772898969944 0.908604929564577
39.8534681793506 0.834506383107779
40.006163459731255 0.7409883878966577
40.1588587401119 0.6302271620553341
40.311554020492565 0.5048001837106595
40.46424930087321 0.367626211577603
40.61694458125387 0.2218973637467767
40.76963986163452 0.07100483524049243
40.92233514201517 -0.08154001706722398
41.07503042239583 -0.23218738576677345
41.22772570277648 -0.37743161899537964
41.38042098315714 -0.5138927989943074
41.53311626353779 -0.6383953947603366
41.68581154391844 -0.748042158498599
41.838506824299095 -0.8402815462633736
41.99120210467975 -0.9129670938692555
42.143897385060406 -0.9644073663608212
42.29659266544106 -0.9934053186875126
42.44928794582171 -0.999286151637979
42.601983226202364 -0.9819130148100838
42.75467850658302 -0.9416901911993314
42.907373786963674 -0.8795536892984962
43.06006906734433 -0.7969494616357571
43.21276434772498 -0.6957997566186306
43.36545962810563 -0.578458386695827
43.51815490848629 -0.44765595377298467
43.67085018886694 -0.3064363065186139
43.8235454692476 -0.15808570823575502
43.976240749628246 -0.006056363604142565
44.1289360300089 0.14611391612998648
44.28163131038955 0.29488404007858576
44.43432659077021 0.43679204095577506
44.58702187115087 0.5685356370694513
44.739717151531515 0.6870490783364208
44.89241243191217 0.7895744880693867
45.04510771229282 0.8737260403709862
45.19780299267347 0.9375454796896857
45.350498273054136 0.9795476905650541
45.503193553434784 0.99875525712805
45.65588883381544 0.9947212081366168
45.80858411419609 0.9675394182563622
45.96127939457674 0.9178424235425081
46.1139746749574 0.8467867019581061
46.26666995533805 0.7560257614594059
46.41936523571871 0.64767166190429
46.572060516099356 0.5242458661913408
46.72475579648001 0.3886205643520757
46.877451076860666 0.24395183601892745
47.03014635724132 0.09360620661708981
47.182841637621976 -0.05891769363957056
47.335536918002624 -0.210070544907844
47.48823219838328 -0.3563349324516909
47.640927478763935 -0.4943071989282898
47.79362275914459 -0.620776649473472
47.946318039525245 -0.7328002664380454
48.09901331990589 -0.8277711951196897
48.25170860028655 -0.9034794067876384
48.4044038806672 -0.9581631273362265
48.55709916104786 -0.9905498347927231
48.709794441428514 -0.9998858716435324
48.86248972180916 -0.985953982882747
49.01518500218982 -0.9490783716624537
49.16788028257047 -0.8901171548968815
49.32057556295113 -0.8104423943828588
49.473270843331775 -0.7119081681240278
49.62596612371243 -0.5968074248576369
49.778661404093086 -0.46781862580422895
49.93135668447374 -0.32794341531764454
50.084051964854396 -0.18043677087562174
50.236747245235044 -0.028731257861306304
50.3894425256157 0.12364284822908948
50.542137805996354 0.27313971334970194
50.69483308637701 0.41628045852499806
50.847528366757665 0.5497341153863053
51.00022364713831 0.6703951397425196
51.15291892751897 0.7754556793991568
51.30561420789962 0.8624709145114953
51.45830948828028 0.9294159499639141
51.61100476866093 0.9747329358565922
51.76370004904158 0.9973673195784799
51.91639532942224 0.9967923858597264
52.06909060980289 0.9730215137422574
52.22178589018355 0.9266078652416969
52.3744811705642 0.8586315129456278
52.52717645094485 0.7706743060964815
52.679871731325505 0.6647830600398907
52.83256701170616 0.5434219256415117
52.985262292086816 0.4094150470635964
53.13795757246747 0.2658808422882568
53.29065285284811 0.11615943571784776
53.443348133228774 -0.036265068462037454
53.59604341360943 -0.18784566341266815
53.748738693990084 -0.33505498055379995
53.90143397437074 -0.4744673734814653
54.05412925475138 -0.6028386347516137
54.206824535132036 -0.717181490473709
54.3595198155127 -0.8148351159110299
54.51221509589335 -0.8935270544194467
54.66491037627401 -0.9514260988348545
54.81760565665465 -0.9871849047286058
54.970300937035304 -0.9999713438957871
55.12299621741596 -0.9894878684623654
55.27569149779662 -0.9559784349972364
55.42838677817728 -0.9002228275010233
55.58108205855792 -0.8235185113789785
55.73377733893857 -0.727650440666574
55.88647261931923 -0.6148495211112862
56.03916789969988 -0.4877406956986757
56.191863180080546 -0.34928186070285405
56.34455846046119 -0.20269503372037204
56.49725374084184 -0.05139137544722821
56.6499490212225 0.10110819001382114
56.80264430160315 0.25125490910441656
56.95533958198381 0.39555478036928926
57.108034862364455 0.5306498619016884
57.26073014274511 0.6533964126040336
57.413425423125766 0.7609380488711299
57.56612070350642 0.8507722142975157
57.718815983887076 0.9208084156201096
57.871511264267724 0.9694168697119475
58.02420654464838 0.9954664295831834
58.176901825029034 0.9983509068292296
58.32959710540969 0.9780031779874061
58.482292385790345 0.9348967465389436
58.634987666171 0.8700347242076585
58.78768294655165 0.7849264879668907
58.9403782269323 0.681552555959697
59.09307350731296 0.5623184996901247
59.24576878769361 0.4299989649755899
59.39846406807427 0.28767310432540666
59.55115934845492 0.13865292327154466
59.70385462883557 -0.013593791925875615
59.85654990921623 -0.165524171681141
60.00924518959688 -0.31360270771821563
60.16194046997754 -0.4543835264040206
60.314635750358185 -0.5845905762314549
60.46733103073884 -0.7011938634428332
60.620026311119496 -0.8014799617463638
60.77272159150015 -0.8831151553236924
60.925416871880806 -0.9441997457539149
61.078112152261454 -0.9833122591004007
61.23080743264211 -0.9995425244358126
61.383502713022764 -0.9925128540487899
61.53619799340342 -0.9623868324566038
61.688893273784075 -0.9098655096983236
61.84158855416472 -0.8361710874927887
61.99428383454538 -0.7430184778939545
62.14697911492603 -0.6325753962902902
62.29967439530669 -0.5074119174072697
62.45236967568734 -0.370440668174156
62.60506495606799 -0.22484904920183266
62.75776023644865 -0.07402506211726338
62.9104555168293 0.07852153120426282
63.06315079720996 0.229240882838729
63.21584607759061 0.3746256658386164
63.36854135797126 0.5112926917702839
63.521236638351915 0.6360616394759815
63.67393191873257 0.7460290629963338
63.826627199113226 0.8386359564460344
63.97932247949388 0.9117273035687115
64.13201775987453 0.9636022262182338
64.28471304025518 0.9930535647821472
64.43740832063584 0.9993959694877387
64.5901036010165 0.9824818488897509
64.74279888139715 0.9427048044091264
64.89549416177779 0.8809904709990923
65.04818944215845 0.7987749770815674
65.2008847225391 0.6979715250037897
65.35358000291976 0.5809258697072529
65.50627528330041 0.4503617316462963
65.65897056368107 0.30931741422943887
65.81166584406172 0.16107510073245723
65.96436112444238 0.009084475985149939
66.11705640482303 -0.14311754980045321
66.26975168520369 -0.2919891469872432
66.42244696558433 -0.4340659869480532
66.57514224596498 -0.5660418590071802
66.72783752634564 -0.6848456078851088
66.8805328067263 -0.7877126012676267
67.03322808710695 -0.8722490644072428
67.1859233674876 -0.9364877846534109
67.33861864786826 -0.9789338896347319
67.49131392824891 -0.9985996338082233
67.64400920862957 -0.9950273838724226
67.79670448901022 -0.9683002681604026
67.94939976939087 -0.9190402421951299
68.10209504977152 -0.848393615422794
68.25479033015218 -0.758004375925505
68.40748561053283 -0.6499759338627191
68.56018089091349 -0.5268221738938142
68.71287617129413 -0.39140895562039457
68.8655714516748 -0.2468874233669566
69.01826673205545 -0.0966206772203716
69.1709620124361 0.05589448826472276
69.32365729281676 0.2071089565083369
69.4763525731974 0.3535038789115609
69.62904785357806 0.49167256050953095
69.78174313395871 0.6183997357439857
69.93443841433937 0.730736389562361
70.08713369472002 0.8260683827127387
70.23982897510066 0.9021772842842111
70.39252425548132 0.9572919958840982
70.54521953586197 0.9901299661272994
70.69791481624264 0.9999270363527881
70.8506100966233 0.9864552230399597
71.00330537700394 0.9500280231177259
71.1560006573846 0.891493118708677
71.30869593776525 0.8122126510732298
71.4613912181459 0.7140315227904781
71.61408649852656 0.5992344658024686
71.7667817789072 0.4704928743734781
71.91947705928786 0.3308026401921654
72.07217233966851 0.18341443623010267
72.22486762004917 0.031758071691593406
72.37756290042984 -0.1206373216407593
72.53025818081048 -0.2702254143545591
72.68295346119113 -0.41352520455517766
72.83564874157179 -0.5472020228037132
72.98834402195244 -0.6681451318138301
73.1410393023331 -0.7735401151171198
73.29373458271374 -0.8609343701707416
73.4464298630944 -0.9282941818446779
73.59912514347505 -0.9740520481552543
73.7518204238557 -0.9971431569477496
73.90451570423636 -0.9970301646943572
74.05721098461702 -0.9737157007905125
74.20990626499767 -0.9277423063673317
74.36260154537833 -0.8601798090440339
74.51529682575898 -0.7726004274171958
74.66799210613964 -0.6670421846198507
74.82068738652028 -0.5459614823381972
74.97338266690093 -0.41217593891605286
75.12607794728159 -0.26879882173777137
75.27877322766224 -0.11916659968597214
75.4314685080429 0.033238698429320625
75.58416378842355 0.18487051270569438
75.73685906880421 0.3322002826594065
75.88955434918486 0.4717995588795039
76.04224962956552 0.6004197850390705
76.19494490994617 0.7150678936898098
