0.0 0.0
0.038508783014873184 0.03849926610558073
0.07701756602974637 0.07694144768912364
0.11552634904461956 0.1152695448702734
0.15403513205949274 0.15342672692653764
0.1925439150743659 0.19135641655864996
0.23105269808923912 0.22900237378017138
0.2695614811041123 0.2663087793069432
0.30807026411898547 0.30322031732274685
0.3465790471338587 0.3396822574984501
0.3850878301487318 0.3756405361430257
0.42359661316360503 0.4110418363661181
0.46210539617847823 0.44583366713329525
0.5006141791933514 0.4799644410967692
0.5391229622082246 0.5133835510861817
0.5776317452230977 0.5460414451460368
0.6161405282379709 0.5778897000085236
0.6546493112528442 0.6088810928927822
0.6931580942677174 0.638969671524158
0.7316668772825905 0.6681108222696207
0.7701756602974636 0.696261336288322
0.8086844433123369 0.723379473599207
0.8471932263272101 0.7494250249706838
0.8857020093420833 0.7743593715405859
0.9242107923569565 0.7981455420780236
0.9627195753718296 0.8207482678022229
1.0012283583867028 0.8421340346770673
1.039737141401576 0.8622711331038048
1.0782459244164493 0.8811297049382368
1.1167547074313224 0.8986817877626764
1.1552634904461954 0.9149013563470304
1.1937722734610687 0.9297643612375317
1.2322810564759419 0.9432487644158994
1.270789839490815 0.9553345719760604
1.3092986225056884 0.9660038637699757
1.3478074055205613 0.9752408199786159
1.3863161885354347 0.9830317445686907
1.4248249715503079 0.9893650856003461
1.463333754565181 0.9942314523557255
1.5018425375800541 0.997623629262991
1.5403513205949273 0.999536586595163
1.5788601036098007 0.9999674879279137
1.6173688866246738 0.9989156943452556
1.6558776696395467 0.9963827653868897
1.6943864526544201 0.9923724567358085
1.7328952356692933 0.9868907146495834
1.7714040186841666 0.979945667143592
1.8099128016990396 0.9715476119392589
1.848421584713913 0.9617090011951801
1.886930367728786 0.9504444230437712
1.9254391507436592 0.9377705799608137
1.9639479337585326 0.9237062639999737
2.0024567167734055 0.9082723289290145
2.040965499788279 0.8914916593090149
2.079474282803152 0.8733891365624445
2.117983065818025 0.8539916020804047
2.1564918488328986 0.8333278174237413
2.1950006318477713 0.8114284216770384
2.233509414862645 0.7883258860187249
2.272018197877518 0.7640544655746601
2.3105269808923907 0.7386501486265796
2.3490357639072643 0.7121506032507186
2.3875445469221375 0.6845951214657319
2.4260533299370106 0.6560245609727222
2.4645621129518838 0.6264812845737653
2.503070895966757 0.5960090973587565
2.54157967898163 0.5646531817537155
2.580088461996503 0.532460030526854
2.618597245011377 0.4994773778517434
2.6571060280262495 0.4657541285297995
2.6956148110411227 0.43134028547702036
2.7341235940559963 0.3962868755825097
2.7726323770708694 0.36064587404870824
2.8111411600857426 0.3244701273255175
2.8496499431006157 0.28781327475259105
2.888158726115489 0.2507296690259725
2.926667509130362 0.21327429560700895
2.965176292145235 0.1755026911930366
3.0036850751601083 0.13747086137072453
3.0421938581749814 0.09923519757417637
3.0807026411898546 0.060852393470919114
3.1192114242047277 0.022379360899757617
3.1577202072196013 -0.016126854514863488
3.1962289902344745 -0.05460915794686533
3.2347377732493476 -0.0930104900254981
3.2732465562642203 -0.1312739114397285
3.3117553392790935 -0.16934268736461364
3.350264122293967 -0.2071603715844704
3.3887729053088402 -0.24467089018811358
3.4272816883237134 -0.28181862471206415
3.4657904713385865 -0.31854849460844176
3.5042992543534597 -0.35480603891526863
3.5428080373683333 -0.390537497008087
3.5813168203832064 -0.4256898883131534
3.619825603398079 -0.46021109086402234
3.6583343864129523 -0.4940499185850331
3.696843169427826 -0.5271561971871104
3.735351952442699 -0.5594808385633457
3.773860735457572 -0.5909759135740532
3.8123695184724453 -0.621594723113369
3.8508783014873185 -0.6512918673520312
3.889387084502192 -0.680023313053663
3.927895867517065 -0.7077464588647518
3.966404650531938 -0.7344201984815131
4.004913433546811 -0.7600049815999804
4.043422216561684 -0.7844628725589446
4.081930999576558 -0.8077576065887978
4.120439782591431 -0.8298546435828656
4.158948565606304 -0.8507212193115193
4.197457348621177 -0.8703263940031084
4.23596613163605 -0.8886410982196935
4.2744749146509236 -0.9056381759595583
4.312983697665797 -0.9212924249225818
4.35149248068067 -0.9355806338787763
4.3900012636955426 -0.9484816170845802
4.428510046710416 -0.9599762456958725
4.46701882972529 -0.970047476131134
4.5055276127401624 -0.978680375342702
4.544036395755036 -0.9858621429586443
4.582545178769909 -0.9915821302624206
4.6210539617847814 -0.9958318559821959
4.659562744799656 -0.9986050188663872
4.698071527814529 -0.9998975070268
4.736580310829401 -0.9997074040355038
4.775089093844275 -0.9980349917664016
4.813597876859148 -0.9948827499772832
4.852106659874021 -0.9902553526329817
4.890615442888895 -0.9841596609750843
4.9291242259037675 -0.9766047133484737
4.96763300891864 -0.9676017117997834
5.006141791933514 -0.9571640054676411
5.044650574948387 -0.9453070707893253
5.08315935796326 -0.932048488553184
5.121668140978134 -0.9174079178308407
5.160176923993006 -0.9014070668278438
5.19868570700788 -0.8840696606959705
5.237194490022754 -0.8654214063549245
5.275703273037626 -0.8454899543755765
5.314212056052499 -0.824304857981269
5.352720839067373 -0.8018975292279789
5.391229622082245 -0.7783011924283086
5.429738405097119 -0.7535508348883623
5.4682471881119925 -0.7276831550305611
5.506755971126865 -0.700736507979309
5.545264754141739 -0.6727508486901931
5.5837735371566115 -0.6437676727070533
5.622282320171485 -0.6138299546347442
5.660791103186358 -0.5829820844188413
5.699299886201231 -0.5512698015267481
5.737808669216104 -0.5187401271278219
5.776317452230978 -0.48544129437305206
5.814826235245851 -0.45142267687769244
5.853335018260724 -0.41673471551287067
5.891843801275598 -0.381428843614731
5.93035258429047 -0.3455574107220145
5.968861367305343 -0.30917360495513485
6.007370150320217 -0.2723313741518609
6.04587893333509 -0.23508534587653318
6.084387716349963 -0.19749074642141673
6.1228964993648365 -0.15960331892029353
6.161405282379709 -0.12147924069572034
6.199914065394583 -0.08317503996248302
6.2384228484094555 -0.044747512010781844
6.276931631424329 -0.006253634993398608
6.315440414439203 0.03224951455826147
6.353949197454075 0.07070484636400672
6.392457980468949 0.10905534104508202
6.430966763483821 0.14724413466925343
6.469475546498695 0.18521460306542403
6.507984329513569 0.22291044578271935
6.546493112528441 0.2602757695696041
6.585001895543315 0.297255171249219
6.623510678558187 0.3337938198680459
6.662019461573061 0.3698375379961455
6.700528244587934 0.4053328820583537
6.739037027602807 0.44022722157738214
6.7775458106176805 0.47446881721129774
6.816054593632553 0.5080068974696708
6.854563376647427 0.5407917339946591
6.8930721596623 0.5727747152953835
6.931580942677173 0.603908418826284
6.970089725692047 0.6341466813025747
7.008598508706919 0.6634446671485323
7.047107291721793 0.6917589349771435
7.0856160747366665 0.7190475020025168
7.124124857751538 0.7452699062895726
7.162633640766413 0.7703872667487027
7.201142423781285 0.7943623407864288
7.239651206796158 0.8171595795266134
7.278159989811033 0.8387451805203031
7.3166687728259046 0.8590871378660784
7.355177555840778 0.8781552896665896
7.393686338855652 0.8959213627508957
7.4321951218705244 0.9123590145963175
7.470703904885398 0.9274438723876324
7.509212687900271 0.9411535691556965
7.547721470915144 0.9534677769419164
7.586230253930018 0.9643682369393883
7.624739036944891 0.9738387865660192
7.663247819959764 0.9818653834294846
7.701756602974637 0.9884361261484881
7.7402653859895105 0.993541271999454
7.778774169004384 0.9971732513624824
7.817282952019256 0.9993266789451516
7.85579173503413 0.9999983617675242
7.894300518049002 0.9991873038965147
7.932809301063876 0.996894707922603
7.971318084078749 0.9931239731767022
8.009826867093622 0.9878806906898235
8.048335650108497 0.981172634903013
8.086844433123368 0.9730097521398547
8.125353216138242 0.9634041458586237
8.163861999153116 0.952370058705971
8.202370782167987 0.9399238513987364
8.240879565182862 0.9260839784652027
8.279388348197735 0.91087096088178
8.317897131212607 0.8943073556456612
8.356405914227482 0.8764177223285925
8.394914697242355 0.8572285866613397
8.433423480257227 0.8367684012028387
8.4719322632721 0.8150675031523622
8.510441046286974 0.7921580693672448
8.548949829301847 0.7680740686528728
8.58745861231672 0.7428512113956659
8.625967395331594 0.7165268966137497
8.664476178346465 0.6891401565038242
8.70298496136134 0.660731598566429
8.741493744376214 0.6313433453954674
8.780002527391085 0.6010189722212125
8.81851131040596 0.5698034422994256
8.857020093420832 0.5377430402424166
8.895528876435705 0.5048853033908375
8.93403765945058 0.4712789513280228
8.972546442465452 0.4369738136413678
9.011055225480325 0.40202075603784093
9.049564008495198 0.36647160492321273
9.088072791510072 0.3303790705568061
9.126581574524945 0.2937966688957282
9.165090357539817 0.2567786422444435
9.203599140554692 0.2193798788273745
9.242107923569563 0.18165583140377156
9.280616706584437 0.1436624350454964
9.319125489599312 0.10545602419970164
9.357634272614183 0.06709324915930631
9.396143055629057 0.028630992065152995
9.43465183864393 -0.00987371743557237
9.473160621658803 -0.04836378674967703
9.511669404673677 -0.08678214499160425
9.55017818768855 -0.12507182760489105
9.588686970703423 -0.16317606082598318
9.627195753718295 -0.20103834586513547
9.66570453673317 -0.2386025426796072
9.704213319748042 -0.27581295321491756
9.742722102762915 -0.312614403990763
9.78123088577779 -0.3489523279091109
9.819739668792662 -0.38477284516318344
9.858248451807535 -0.4200228431273809
9.89675723482241 -0.45465005510965667
9.93526601783728 -0.4886031378495893
9.973774800852155 -0.5218317476472661
10.012283583867028 -0.5542866150100362
10.0507923668819 -0.5859196177065283
10.089301149896775 -0.6166838521195532
10.127809932911648 -0.6465337027921141
10.16631871592652 -0.6754249100634213
10.204827498941393 -0.7033146356945938
10.243336281956267 -0.7301615263867658
10.28184506497114 -0.7559257750974017
10.320353847986013 -0.7805691800639215
10.358862631000887 -0.8040552014470983
10.39737141401576 -0.8263490155102501
10.435880197030633 -0.8474175662539024
10.474388980045507 -0.8672296144293408
10.51289776306038 -0.8857557838583894
10.551406546075253 -0.9029686049907426
10.589915329090125 -0.9188425556342485
10.628424112104998 -0.9333540987977642
10.666932895119873 -0.9464817175904681
10.705441678134745 -0.9582059471258798
10.743950461149618 -0.9685094033832903
10.78245924416449 -0.9773768089837963
10.820968027179365 -0.9847950158427299
10.859476810194238 -0.9907530246648893
10.89798559320911 -0.9952420012536705
10.936494376223985 -0.9982552896099094
10.975003159238858 -0.9997884218010196
11.01351194225373 -0.9998391245857892
11.052020725268605 -0.9984073227850125
11.090529508283478 -0.9954951393929626
11.12903829129835 -0.9911068924295354
11.167547074313223 -0.9852490885377355
11.206055857328098 -0.977930413335996
11.24456464034297 -0.9691617185396381
11.283073423357843 -0.958956005870564
11.321582206372716 -0.9473284077790435
11.360090989387588 -0.9342961650061776
11.398599772402463 -0.9198786010203074
11.437108555417336 -0.9040970933652765
11.475617338432208 -0.8869750419630223
11.514126121447083 -0.8685378344175028
11.552634904461955 -0.848812808371405
11.591143687476828 -0.8278292109714387
11.629652470491703 -0.8056181555023318
11.668161253506575 -0.7822125752538258
11.706670036521448 -0.7576471746890605
11.74517881953632 -0.7319583779867737
11.783687602551195 -0.7051842750335986
11.822196385566068 -0.6773645649465516
11.86070516858094 -0.6485404972094321
11.899213951595815 -0.6187548105104369
11.937722734610686 -0.5880516693716712
11.97623151762556 -0.5564765986644905
12.014740300640433 -0.5240764161078316
12.053249083655306 -0.4908991628495452
12.09175786667018 -0.4569940322337207
12.130266649685053 -0.4224112968595979
12.168775432699926 -0.38720223404020704
12.2072842157148 -0.35141904977129024
12.245792998729673 -0.3151148013232252
12.284301781744546 -0.27834331857071287
12.322810564759418 -0.24115912417690702
12.361319347774293 -0.20361735275030765
12.399828130789166 -0.16577366909430596
12.43833691380404 -0.12768418567056794
12.476845696818911 -0.08940537939868351
12.515354479833784 -0.05099400791538298
12.553863262848658 -0.012507025417557459
12.59237204586353 0.025998501786186602
12.630880828878405 0.0644654798902147
12.669389611893276 0.10283687224729596
12.70789839490815 0.14105578393932075
12.746407177923023 0.17906554613782455
12.784915960937898 0.21680980012932466
12.82342474395277 0.2542325808807993
12.861933526967642 0.291278400021466
12.900442309982516 0.32789232811778307
12.93895109299739 0.364020076119676
12.977459876012263 0.39960807585726343
13.015968659027138 0.4346035594686956
13.054477442042009 0.4689546376413257
13.092986225056881 0.502610376550249
13.131495008071756 0.5355208733800668
13.17000379108663 0.5676373303179464
13.208512574101503 0.598912126908244
13.247021357116374 0.6292988906614091
13.285530140131248 0.6587525658124769
13.324038923146121 0.687229480127182
13.362547706160996 0.714687409656678
13.401056489175868 0.7410856413447954
13.43956527219074 0.7663850333950537
13.478074055205614 0.7905480733078915
13.516582838220488 0.8135389335020579
13.555091621235361 0.8353235244377194
13.593600404250235 0.8558695451624927
13.632109187265106 0.8751465312054515
13.670617970279979 0.8931258997481215
13.709126753294854 0.9097809920054497
13.747635536309728 0.9250871127539368
13.7861443193246 0.9390215669483108
13.824653102339472 0.9515636933724501
13.863161885354346 0.9626948952746597
13.901670668369219 0.9723986679418728
13.940179451384093 0.980660623171906
13.978688234398966 0.9874685106074633
14.017197017413839 0.9928122359002716
14.055705800428711 0.9966838756784044
14.094214583443586 0.9990776892946084
14.132723366458459 0.9999901273382072
14.171232149473333 0.9994198368979673
14.209740932488204 0.9973676635681169
14.248249715503077 0.9938366501945468
14.286758498517951 0.9888320323630516
14.325267281532826 0.9823612306363018
14.363776064547698 0.9744338395510548
14.40228484756257 0.9650616133919216
14.440793630577444 0.9542584487627804
14.479302413592317 0.9420403639816872
14.517811196607191 0.9284254753298197
14.556319979622065 0.91343397018969
14.594828762636936 0.8970880771124417
14.633337545651809 0.8794120328586131
14.671846328666684 0.860432046461254
14.710355111681556 0.840176260364661
14.74886389469643 0.8186747086963571
14.787372677711303 0.7959592727342025
14.825881460726174 0.7720636336346441
14.864390243741049 0.7470232224922102
14.902899026755923 0.7208751678043079
14.941407809770796 0.6936582404191927
14.97991659278567 0.6654127960487568
15.018425375800541 0.6361807154313854
15.056934158815414 0.6060053422335651
15.095442941830289 0.5749314187823723
15.133951724845163 0.5430050197240937
15.172460507860036 0.5102734837073594
15.210969290874907 0.47678534319208576
15.249478073889781 0.4425902524883012
15.287986856904654 0.40773891413157326
15.326495639919528 0.3722830037041558
15.365004422934401 0.33627509321338883
15.403513205949274 0.29976857314090505
15.442021988964147 0.26281757327826694
15.480530771979021 0.2254768824663871
15.519039554993894 0.18780186735775822
15.557548338008768 0.1498483903219177
15.59605712102364 0.11167272661591915
15.634565904038512 0.07333148094256273
15.673074687053386 0.034881503520177125
15.71158347006826 -0.0036201942116540933
15.750092253083134 -0.04211652412541424
15.788601036098004 -0.08055040605268372
15.827109819112879 -0.11886485241937077
15.865618602127752 -0.157003052743629
15.904127385142626 -0.1949084578712281
15.942636168157499 -0.2325248638234076
15.981144951172372 -0.26979649513295195
16.019653734187244 -0.30666808754487407
16.058162517202117 -0.3430849699591111
16.096671300216993 -0.3789931454937251
16.135180083231866 -0.4143393715483954
16.173688866246735 -0.4490712387495347
16.21219764926161 -0.4831372486599299
16.250706432276484 -0.5164868901376671
16.289215215291357 -0.5490707142312119
16.327723998306233 -0.580840407499489
16.366232781321102 -0.6117488636482935
16.404741564335975 -0.6417502533768537
16.44325034735085 -0.6708000923308849
16.481759130365724 -0.6988553070614643
16.520267913380597 -0.7258742988919034
16.55877669639547 -0.7518170055978901
16.597285479410342 -0.776644960809478
16.635794262425215 -0.8003213510468323
16.67430304544009 -0.8228110703051661
16.712811828454964 -0.8440807721079187
16.751320611469833 -0.8640989189510256
16.78982939448471 -0.8828358290649364
16.82833817749958 -0.900263720425038
16.866846960514454 -0.916356751945279
16.90535574352933 -0.9310910617938546
16.9438645265442 -0.9444448027741688
16.982373309559073 -0.9563981747186276
17.02088209257395 -0.9669334538471899
17.05939087558882 -0.9760350190471827
17.097899658603694 -0.9836893750354031
17.136408441618567 -0.9898851723681528
17.17491722463344 -0.9946132242695482
17.213426007648312 -0.9978665202531503
17.25193479066319 -0.9996402365167137
17.29044357367806 -0.9999317430946476
17.32895235669293 -0.9987406077575784
17.367461139707807 -0.9960685966532348
17.40596992272268 -0.9919196716877053
17.444478705737552 -0.986299984650948
17.48298748875243 -0.9792178680952662
17.521496271767298 -0.9706838229802777
17.56000505478217 -0.9607105031026811
17.598513837797046 -0.9493126963339329
17.63702262081192 -0.9365073026936324
17.675531403826792 -0.9223133092911292
17.714040186841665 -0.9067517621725213
17.752548969856537 -0.8898457351147735
17.79105775287141 -0.8716202954132337
17.829566535886286 -0.8521024667132716
17.86807531890116 -0.8313211889411608
17.906584101916028 -0.8093072753935944
17.945092884930904 -0.7860933670494769
17.983601667945777 -0.7617138841717574
18.02211045096065 -0.7362049752709999
18.060619233975526 -0.7096044635064359
18.099128016990395 -0.6819517906039458
18.137636800005268 -0.6532879583740858
18.176145583020144 -0.6236554679169579
18.214654366035017 -0.5930982566039943
18.25316314904989 -0.561661632930108
18.291671932064762 -0.5293922093328448
18.330180715079635 -0.4963378330781094
18.368689498094508 -0.46254751531496074
18.407198281109384 -0.4280713584046646
18.445707064124257 -0.39296048163177494
18.484215847139126 -0.3572669454073505
18.522724630154002 -0.32104367407673434
18.561233413168875 -0.28434437744637486
18.599742196183747 -0.24722347114594664
18.638250979198624 -0.20973599594396258
18.676759762213493 -0.17193753613646723
18.715268545228366 -0.13388413712976932
18.753777328243242 -0.0956322223395322
18.792286111258115 -0.057238509529339086
18.830794894272987 -0.018759926712801488
18.86930367728786 0.019746472256047372
18.907812460302733 0.05822359227896573
18.946321243317605 0.09661438167086753
18.98483002633248 0.13486191675281964
19.023338809347354 0.17290948625522118
19.061847592362227 0.2107006754060697
19.1003563753771 0.24817944957956217
19.138865158391972 0.28529023738105463
19.177373941406845 0.32197801304516527
19.21588272442172 0.3581883780248532
