0.0 0.0
0.10821345308741737 0.10800237739135982
0.21642690617483473 0.2147412642831038
0.32464035926225215 0.31896795140804063
0.43285381234966946 0.4194631190422015
0.5410672654370868 0.5150511014953495
0.6492807185245043 0.6046136409047955
0.7574941716119217 0.6871029694306219
0.8657076246993389 0.7615540668072617
0.9739210777867563 0.8270959498536643
1.0821345308741737 0.8829618618691325
1.1903479839615911 0.9284982427118544
1.2985614370490086 0.9631723746216164
1.4067748901364259 0.9865786143402921
1.5149883432238433 0.998443138622222
1.6232017963112604 0.9986271476180436
1.7314152493986779 0.9871284886564577
1.8396287024860953 0.9640816814277453
1.9478421555735126 0.9297563442744216
2.0560556086609303 0.8845540399994251
2.1642690617483473 0.8290035780918775
2.272482514835765 0.7637548283283958
2.3806959679231823 0.6895711181229612
2.4889094210105998 0.6073203025666815
2.5971228740980172 0.5179646116266289
2.7053363271854343 0.4225493932786196
2.8135497802728517 0.3221908842649669
2.921763233360269 0.21806315154379807
3.0299766864476867 0.11138435719836982
3.138190139535104 0.0034025074894842157
3.2464035926225208 -0.10461914723102778
3.3546170457099382 -0.21141689094331048
3.4628304987973557 -0.3157413258302028
3.571043951884773 -0.4163719886431992
3.6792574049721907 -0.5121316285707408
3.7874708580596077 -0.6018999795759357
3.895684311147025 -0.6846268660848689
4.003897764234443 -0.7593444887056057
4.112111217321861 -0.8251787462506032
4.220324670409278 -0.8813594616092603
4.328538123496695 -0.9272293918408951
4.436751576584113 -0.9622519170815246
4.54496502967153 -0.9860173183140029
4.653178482758946 -0.9982475705596024
4.7613919358463646 -0.9987995954167785
4.869605388933781 -0.9876669348965547
4.9778188420211995 -0.9649798269727836
5.086032295108616 -0.9310036819634405
5.1942457481960345 -0.8861359775673467
5.302459201283451 -0.8309016088804573
5.4106726543708685 -0.7659467477905921
5.518886107458286 -0.6920312835879061
5.6270995605457035 -0.6100199332263269
5.735313013633121 -0.5208721252346082
5.843526466720538 -0.4256307756223763
5.951739919807955 -0.3254100870887964
6.059953372895373 -0.22138251426760328
6.16816682598279 -0.11476504749857216
6.276380279070208 -0.006804975587830539
6.384593732157625 0.10123470588533762
6.4928071852450415 0.20809007001099006
6.60102063833246 0.3125110448863913
6.7092340914198765 0.41327603786790934
6.817447544507295 0.5092062266518061
6.925660997594711 0.5991793499964063
7.033874450682129 0.6821428367517758
7.142087903769546 0.7571261196039132
7.250301356856964 0.8232519894783332
7.358514809944381 0.8797468577709405
7.466728263031799 0.9259498063511453
7.574941716119215 0.9613203194636895
7.683155169206634 0.9854446070757646
7.79136862229405 0.9980404456942944
7.899582075381469 0.9989604800219829
8.007795528468886 0.9881939468269417
8.116008981556302 0.9658668008588194
8.224222434643721 0.9322402413383691
8.332435887731137 0.8877076562586639
8.440649340818556 0.8327900202457281
8.548862793905972 0.7681297998178003
8.65707624699339 0.694483437343898
8.765289700080807 0.6127125016298626
8.873503153168226 0.5237736086587375
8.981716606255642 0.4287072304000298
9.08993005934306 0.3286255226105246
9.198143512430477 0.22469931402595716
9.306356965517892 0.11814440915340862
9.414570418605312 0.010207364904358002
9.522783871692729 -0.09784909253627307
9.630997324780147 -0.20476084000105224
9.739210777867562 -0.30927714597385947
9.84742423095498 -0.4101753025584353
9.955637684042399 -0.5062749296061888
10.063851137129816 -0.5964517836631835
10.172064590217232 -0.679650910189175
10.28027804330465 -0.7548989851844451
10.388491496392069 -0.821315701843094
10.496704949479486 -0.8781240690234358
10.604918402566902 -0.9246595010564819
10.71313185565432 -0.9603775925533024
10.821345308741737 -0.9848604872559075
10.929558761829156 -0.9978217664242012
11.037772214916572 -0.9991097995710813
11.14598566800399 -0.9887095183463543
11.254199121091407 -0.9667425928172744
11.362412574178823 -0.9334660080834492
11.470626027266242 -0.8892690578779074
11.57883948035366 -0.8346687903253822
11.687052933441077 -0.7703039591366276
11.795266386528493 -0.6969275510021298
11.90347983961591 -0.6153979766051797
12.01169329270333 -0.5266690283082823
12.119906745790747 -0.4317787219951816
12.228120198878162 -0.33183715360476435
12.33633365196558 -0.2280135124199671
12.444547105052997 -0.12152240303969923
12.552760558140417 -0.013609636049294143
12.660974011227832 0.09446234637938616
12.76918746431525 0.2014292394562914
12.877400917402667 0.30603966653175263
12.985614370490083 0.40706981861227115
13.093827823577502 0.5033377713697796
13.20204127666492 0.593717312153548
13.310254729752337 0.6771511152463282
13.418468182839753 0.7526631112309385
13.52668163592717 0.81936990576146
13.63489508901459 0.8764911141539168
13.743108542102007 0.9233584908948873
13.851321995189423 0.9594237472643974
13.95953544827684 0.9842649656168396
14.067748901364258 0.9975915352809921
14.175962354451677 0.9992475523353873
14.284175807539093 0.9892136434859742
14.39238926062651 0.9676071927090266
14.500602713713928 0.9346809680078653
14.608816166801345 0.8908201643485915
14.717029619888763 0.8365378973687267
14.82524307297618 0.7724692005766368
14.933456526063598 0.6993635962668748
15.041669979151015 0.6180763270622894
15.14988343223843 0.5295583506627068
15.25809688532585 0.4348452148488981
15.366310338413268 0.3350449428901698
15.474523791500683 0.23132507108085762
15.5827372445881 0.12489899005010671
15.690950697675518 0.017011749634242585
15.799164150762937 -0.09107450662334707
15.907377603850353 -0.1980953069469511
16.015591056937772 -0.30279864404066137
16.123804510025188 -0.4039596219818878
16.232017963112604 -0.5003947859463255
16.340231416200023 -0.5909759671247254
16.448444869287442 -0.6746434808635868
16.556658322374858 -0.7504185236283104
16.664871775462274 -0.8174146237600921
16.773085228549693 -0.8748480120672512
16.881298681637112 -0.9220467909282736
16.989512134724528 -0.9584587946397288
17.097725587811944 -0.983658049052969
17.205939040899363 -0.9973497549300746
17.31415249398678 -0.9993737367201252
17.422365947074198 -0.9897063164094985
17.530579400161614 -0.9684605905245245
17.638792853249033 -0.9358851070459174
17.747006306336452 -0.8923609577134131
17.855219759423864 -0.838397319736941
17.963433212511283 -0.7746254990706298
18.0716466655987 -0.70179154493582
18.17986011868612 -0.6207475219936881
18.288073571773538 -0.532441542272058
18.396287024860953 -0.43790667346011175
18.504500477948373 -0.3382488533298751
18.612713931035785 -0.2346339516704154
18.720927384123204 -0.12827413109357513
18.829140837210623 -0.0204136662726186
18.93735429029804 0.08768561248947868
19.045567743385458 0.19475908107027215
19.153781196472874 0.29955411602219384
19.261994649560293 0.40084474867431225
19.370208102647712 0.497446007407043
19.478421555735125 0.5882277803135149
19.586635008822544 0.6721280360720591
19.69484846190996 0.7481652483623515
19.80306191499738 0.8154498784754676
19.911275368084798 0.8731947817857816
20.019488821172214 0.9207244163423087
20.127702274259633 0.9574827458506402
20.235915727347045 0.9830397445906237
20.344129180434464 0.9970964281705612
20.452342633521884 0.9994883512644465
20.5605560866093 0.9901875314132088
20.66876953969672 0.9693027763839035
20.776982992784138 0.9370784112571788
20.885196445871554 0.8938914201344718
20.993409898958973 0.8402470359033186
21.101623352046385 0.7767728296549448
21.209836805133804 0.7042113689003779
21.318050258221223 0.6234115304747071
21.42626371130864 0.5353185697573738
21.53447716439606 0.4409630623860368
21.642690617483474 0.34144884783192164
21.750904070570893 0.23794011588142105
21.859117523658313 0.13164778709578515
21.967330976745725 0.02381534658013173
22.075544429833144 -0.0842957032113229
22.18375788292056 -0.19142060045003897
22.29197133600798 -0.29630612003855195
22.4001847890954 -0.39772523475071536
22.508398242182814 -0.4944914698901967
22.616611695270233 -0.5854727835359315
22.724825148357645 -0.66960480999328
22.833038601445065 -0.7459033115194387
22.941252054532484 -0.8134756926536195
23.0494655076199 -0.8715314424491025
23.15767896070732 -0.9193913824462463
23.265892413794734 -0.9564956121969358
23.374105866882154 -0.9824100593879719
23.482319319969573 -0.9968315579352396
23.590532773056985 -0.9995913946414484
23.698746226144404 -0.9906572829260344
23.80695967923182 -0.9701337405371029
23.91517313231924 -0.9382608668266595
24.02338658540666 -0.8954115338934612
24.131600038494074 -0.8420870244535356
24.239813491581494 -0.778911167469735
24.348026944668906 -0.7066230401460324
24.456240397756325 -0.6260683216638827
24.564453850843744 -0.5381893998110387
24.67266730393116 -0.44401434624258623
24.78088075701858 -0.34464488934967613
24.889094210105995 -0.24124352543812533
24.997307663193414 -0.13501991899962748
25.105521116280833 -0.027216751175209792
25.213734569368246 0.08090481803415994
25.321948022455665 0.1880799037361516
25.43016147554308 0.29305469369207315
25.5383749286305 0.3946011163259896
25.64658838171792 0.4915312076007447
25.754801834805335 0.5827110086868112
25.863015287892754 0.6670738318388721
25.971228740980166 0.7436327392862153
26.079442194067585 0.8114920891498745
26.187655647155005 0.8698580133138477
26.29586910024242 0.9180477046727376
26.40408255332984 0.9554974051067537
26.512296006417255 0.9817690007349338
26.620509459504675 0.9965551472905354
26.728722912592094 0.9996828656581882
26.836936365679506 0.9911155655096204
26.945149818766925 0.9709534733639735
27.05336327185434 0.939432460064963
27.16157672494176 0.8969212813918898
27.26979017802918 0.8439172640858715
27.378003631116595 0.7810404877592785
27.486217084204014 0.7090265307526389
27.59443053729143 0.6287178648032966
27.702643990378846 0.5410539991971989
27.810857443466265 0.44706048970476353
27.91907089655368 0.3478369408822827
28.0272843496411 0.24454414209664574
28.135497802728516 0.13839048776561813
28.243711255815935 0.030617840679497414
28.351924708903354 -0.07751299621458572
28.460138161990766 -0.18473702960415195
28.568351615078186 -0.289799874624822
28.6765650681656 -0.3914724295683406
28.78477852125302 -0.4885652548099059
28.89299197434044 -0.579942487739481
29.001205427427855 -0.6645351309101888
29.109418880515275 -0.7413535579493091
29.21763233360269 -0.8094990909285942
29.325845786690106 -0.8681745137534547
29.434059239777525 -0.9166933985776651
29.54227269286494 -0.9544881361364259
29.65048614595236 -0.9811165760531055
29.758699599039776 -0.9962671994364802
29.866913052127195 -0.999762763255698
29.975126505214615 -0.9915623738583864
30.08333995830203 -0.971761965374395
30.191553411389446 -0.9405931774084465
30.29976686447686 -0.898420645151272
30.40798031756428 -0.8457377336114803
30.5161937706517 -0.7831607658722344
30.624407223739116 -0.7114218128947788
30.732620676826535 -0.6313601292189503
30.84083412991395 -0.543912334752121
30.949047583001366 -0.45010145750709596
31.057261036088786 -0.3510249654750644
31.1654744891762 -0.24784192764545074
31.27368794226362 -0.14175945437237314
31.381901395351036 -0.034018575718265734
31.490114848438456 0.07412027702001503
31.598328301525875 0.1813920167548076
31.70654175461329 0.2865417005181307
31.814755207700706 0.3883392106988621
31.922968660788122 0.485593645854788
32.031182113875545 0.5771672527453557
32.13939556696296 0.6619887365980087
32.247609020050376 0.7390657938949998
32.35582247313779 0.8074967210628957
32.46403592622521 0.8664809632579523
32.57224937931263 0.9153284798399517
32.680462832400046 0.9534678169703527
32.78867628548746 0.9804527928956656
32.896889738574885 0.9959677177066733
33.00510319166229 0.9998310865089959
33.113316644749716 0.9919977027995933
33.22153009783713 0.9725592072083827
33.32974355092455 0.9417430054193827
33.43795700401197 0.8999096078133344
33.546170457099386 0.8475484119546169
33.6543839101868 0.7852719772619551
33.762597363274224 0.7138088588420431
33.87081081636163 0.6339950843211146
33.979024269449056 0.5467643733845983
34.08723772253647 0.453137214444017
34.19545117562389 0.354208926219978
34.30366462871131 0.25113684390576746
34.411878081798726 0.145126779817064
34.52009153488614 0.03741891692089314
34.62830498797356 -0.07072669972827282
34.73651844106097 -0.17804490391361832
34.844731894148396 -0.28328020909217655
34.95294534723581 -0.38520149599111
35.06115880032323 -0.4826164151379804
35.16937225341064 -0.5743853358335773
35.277585706498066 -0.6594346783821673
35.38579915958548 -0.7367694736089465
35.494012612672904 -0.8054850027344052
35.60222606576031 -0.8647773814337302
35.71043951884773 -0.9139529642613828
35.81865297193515 -0.9524364594208607
35.92686642502257 -0.9797776589472931
36.03507987810999 -0.9956567055682406
36.1432933311974 -0.9998878346270972
36.25150678428482 -0.9924215472933973
36.35972023737224 -0.9733451896361941
36.46793369045965 -0.942881930786106
36.576147143547075 -0.9013881521402262
36.684360596634484 -0.8493492781528998
36.79257404972191 -0.7873740974867505
36.90078750280932 -0.7161876409593971
37.009000955896745 -0.6366226996046586
37.11721440898416 -0.5496100820763207
37.22542786207157 -0.45616772537030265
37.33364131515899 -0.3573887862560145
37.44185476824641 -0.25442885273206867
37.55006822133383 -0.14849242511585856
37.65828167442125 -0.04081882492132459
37.76649512750866 0.06733230362711486
37.87470858059608 0.17469572983043063
37.982922033683494 0.2800154381055348
38.091135486770916 0.382059321770692
38.19934893985833 0.47963359712715026
38.30756239294575 0.5715967692106616
38.41577584603316 0.6568729858312228
38.523989299120586 0.7344646236758551
38.632202752208 0.8034639592329532
38.740416205295425 0.8630637880033113
38.84862965838283 0.9125668677664328
38.95684311147025 0.9513940754280678
39.06505656455767 0.9790911820240744
39.17327001764509 0.9953341666217977
39.28148347073251 0.9999330069530239
39.38969692381992 0.9928339024329133
39.49791037690734 0.9741199035584399
39.60612382999476 0.9440099403231753
39.71433728308217 0.9028562610147067
39.822550736169596 0.8511403113575263
39.930764189257005 0.7894671022101905
40.03897764234443 0.718558131707452
40.14719109543184 0.6392429446494637
40.255404548519266 0.5524494278822604
40.36361800160668 0.459192955201434
40.47183145469409 0.3605645087696556
40.58004490778151 0.25771791601245225
40.68825836086893 0.15185635130438285
40.79647181395635 0.044218260358516705
40.90468526704377 -0.06393712801376919
41.01289872013118 -0.1713445332789297
41.1211121732186 -0.276747425354769
41.22932562630602 -0.37891272441484425
41.33753907939344 -0.4766452263546523
41.44575253248085 -0.5688015851600916
41.553965985568276 -0.6543036886021384
41.662179438655684 -0.7321512707791776
41.77039289174311 -0.8014336139563566
41.87860634483052 -0.8613402028051115
41.986819797917946 -0.9111702064020666
42.09503325100536 -0.9503406770597544
42.20324670409277 -0.9783933700734135
42.31146015718019 -0.9950001046014085
42.41967361026761 -0.9999666029638121
42.52788706335503 -0.993234763444266
42.63610051644245 -0.9748833400061869
42.74431396952986 -0.9451270209715219
42.85252742261728 -0.9043139174403404
42.960740875704694 -0.8529214908335575
43.06895432879212 -0.7915509672013564
43.17716778187953 -0.720920303642826
43.28538123496695 -0.641855789120699
43.393594688054364 -0.5552823779310594
43.50180814114179 -0.4622128689140699
43.6100215942292 -0.36373605699525385
43.718235047316625 -0.26100399566913435
43.826448500404034 -0.15521851943814416
43.93466195349145 -0.047617183876904126
44.04287540657887 0.060541212194491933
44.15108885966629 0.1679913530562221
44.25930231275371 0.2734762086739593
44.36751576584112 0.37576174035200316
44.47572921892854 0.473651337417126
44.58394267201596 0.5659998160419667
44.692156125103374 0.6517268164398797
44.8003695781908 0.7298294417008248
44.908583031278205 0.7993939904100983
45.01679648436563 0.8596066457932439
45.125009937453044 0.9097629963375506
45.233223390540466 0.9492762765112026
45.34143684362788 0.9776842311739473
45.44965029671529 0.9946545233745381
45.55786374980271 0.9999886222705174
45.66607720289013 0.9936241256866546
45.77429065597755 0.9756354901410622
45.88250410906497 0.9462331597986017
45.99071756215238 0.9057611045417095
46.0989310152398 0.8546927959601057
46.20714446832722 0.7936256683351673
46.31535792141464 0.7232741294184406
46.42357137450205 0.6444612027692324
46.53178482758947 0.5581088994253862
46.639998280676885 0.4652274315463951
46.74821173376431 0.36690339421552765
46.85642518685172 0.26428705365889316
46.964638639939146 0.158578890593017
47.072852093026555 0.05101555612682672
47.18106554611397 -0.0571445954841015
47.28927899920139 -0.16463622798237942
47.39749245228881 -0.2702018259342574
47.50570590537623 -0.3726064060614169
47.61391935846364 -0.47065196497508893
47.72213281155106 -0.5631914942926222
47.83034626463848 -0.6491423991771458
47.938559717725894 -0.7274991633208032
48.04677317081332 -0.7973451122070979
48.154986623900726 -0.857863137037248
48.26320007698815 -0.9083452538642923
48.371413530075564 -0.9482008861050738
48.47962698316299 -0.9769637735354366
48.5878404362504 -0.9942974269420136
48.69605388933781 -0.9999990646182205
48.804267342425234 -0.9940019846523944
48.91248079551265 -0.9763763452553568
49.02069424860007 -0.947328343998545
49.12890770168749 -0.9071978055645978
49.237121154774904 -0.8564542062306146
49.34533460786232 -0.79569118159262
49.45354806094974 -0.7256195817838411
49.56176151403716 -0.6470591554319536
49.669974967124574 -0.5609289596423509
49.77818842021199 -0.46823660819853213
49.886401873299405 -0.37006648376192647
49.99461532638683 -0.26756705197344793
50.102828779474244 -0.16193742586570067
50.21104223256167 -0.054413337765020636
50.319255685649075 0.053747317205551905
50.42746913873649 0.16127919689998207
50.535682591823914 0.26692431504350994
50.64389604491133 0.3694467580726503
50.75210949799875 0.4676471437525669
50.86032295108616 0.5603766524242477
50.968536404173584 0.6465504667339642
51.076749857261 0.7251604626169715
51.18496331034842 0.7952870030673915
51.29317676343584 0.8561096967218939
51.40139021652325 0.9069169953956191
51.50960366961067 0.947114518291265
51.617817122698085 0.9762320054986848
51.72603057578551 0.993928819437971
51.834244028872924 0.9999979298860294
51.94245748196033 0.9943683359669795
52.050670935047755 0.9771058967721207
52.15888438813517 0.9484125608923075
52.26709784122259 0.9086240038761871
52.37531129431001 0.8582057012530776
52.483524747397425 0.7977474830610712
52.59173820048484 0.7279566335855177
52.69995165357226 0.6496496170321292
52.80816510665968 0.5637425259338605
52.916378559747095 0.4712403640329761
53.02459201283451 0.3732252890150625
53.132805465921926 0.27084395263997424
53.24101891900935 0.1652940863741066
53.349232372096765 0.05781048945508088
53.45744582518419 -0.050349416689441984
53.565659278271596 -0.15792029867369742
53.67387273135901 -0.26364371394574415
53.782086184446435 -0.36628283296525477
53.89029963753385 -0.46463690853662254
53.99851309062127 -0.5575553230245407
