0.0 0.0
0.1149070616740991 0.11465436345001975
0.2298141233481982 0.22779653774842853
0.34472118502229737 0.3379342781745245
0.4596282466963964 0.44361496582010607
0.5745353083704955 0.5434447663418159
0.6894423700445947 0.6361070133973198
0.8043494317186938 0.720379574304137
0.9192564933927928 0.7951509688835191
1.034163555066892 0.859435028896147
1.149070616740991 0.9123839047247226
1.2639776784150902 0.9532992477568722
1.3788847400891895 0.9816414209826652
1.4937918017632883 0.9970366163271577
1.6086988634373875 0.9992817848466696
1.7236059251114866 0.9883473147638854
1.8385129867855856 0.9643774220208785
1.9534200484596849 0.9276882481990121
2.068327110133784 0.8787636908924599
2.183234171807883 0.8182490215290169
2.298141233481982 0.7469423748134707
2.413048295156081 0.6657842220402079
2.5279553568301805 0.5758449671127142
2.6428624185042797 0.478310828867437
2.757769480178379 0.3744681959016192
2.8726765418524773 0.2656866602510161
2.9875836035265766 0.15340095368820367
3.102490665200676 0.039092024885662
3.217397726874775 -0.07573249298098339
3.3323047885488744 -0.1895581665745958
3.447211850222973 -0.3008837364262483
3.562118911897072 -0.4082409172133339
3.6770259735711712 -0.5102137631379894
3.7919330352452705 -0.6054573429937071
3.9068400969193697 -0.6927154786126043
4.0217471585934685 -0.770837312738993
4.136654220267568 -0.8387924878137274
4.251561281941667 -0.8956847354746469
4.366468343615766 -0.9407636975396918
4.4813754052898656 -0.9734348225644212
4.596282466963964 -0.9932672074471413
4.711189528638064 -0.99999928065784
4.826096590312162 -0.9935422521341878
4.941003651986261 -0.9739812843435458
5.055910713660361 -0.9415743690657109
5.170817775334459 -0.8967489247106402
5.285724837008559 -0.8400961590494992
5.400631898682658 -0.7723632717096193
5.515538960356758 -0.6944435992754998
5.630446022030856 -0.6073648329732458
5.745353083704955 -0.5122754643366767
5.860260145379055 -0.41042963762475265
5.975167207053153 -0.30317060877346
6.090074268727253 -0.1919130290438612
6.204981330401352 -0.07812428702928542
6.31988839207545 0.03669484489604613
6.43479545374955 0.15103000443077752
6.549702515423649 0.26337321243923545
6.664609577097749 0.3722427618559821
6.779516638771847 0.4762027600850856
6.894423700445946 0.5738820671472831
7.009330762120046 0.6639923797976586
7.124237823794144 0.7453452231004315
7.239144885468244 0.8168676253570707
7.3540519471423424 0.8776162696493585
7.468959008816442 0.9267899353511496
7.583866070490541 0.9637400655163174
7.69877313216464 0.9879793207684523
7.8136801938387395 0.9991880068740993
7.928587255512838 0.9972182912255604
8.043494317186937 0.9820961526215997
8.158401378861036 0.9540210386301767
8.273308440535136 0.91336323505229
8.388215502209235 0.8606589821813639
8.503122563883334 0.7966034022703766
8.618029625557432 0.7220413314871548
8.732936687231533 0.6379561772761846
8.84784374890563 0.5454569480884651
8.962750810579731 0.44576362654568136
9.077657872253829 0.3401910789537413
9.192564933927928 0.23013171338480284
9.307471995602027 0.11703711505236081
9.422379057276128 0.002398901192408752
9.537286118950226 -0.11227095204217664
9.652193180624325 -0.2254600512032983
9.767100242298424 -0.3356755326730191
9.882007303972522 -0.44146375220786516
9.996914365646623 -0.5414294572144365
10.111821427320722 -0.6342541888910272
10.22672848899482 -0.7187136715274186
10.341635550668919 -0.7936939596133828
10.456542612343018 -0.8582061297899078
10.571449674017119 -0.9113993238693742
10.686356735691216 -0.9525719708988208
10.801263797365316 -0.9811810402572814
10.916170859039415 -0.9968492037470331
11.031077920713516 -0.9993698122171678
11.145984982387613 -0.9887096210822263
11.260892044061713 -0.9650092287887331
11.375799105735812 -0.9285812224466483
11.49070616740991 -0.8799060550832083
11.60561322908401 -0.8196257088945084
11.72052029075811 -0.7485352280709243
11.835427352432207 -0.6675722328708529
11.950334414106306 -0.577804553242838
12.065241475780406 -0.4804161450976208
12.180148537454507 -0.37669147498194433
12.295055599128604 -0.2679985791064173
12.409962660802703 -0.15577102016376035
12.524869722476803 -0.04148897991102494
12.6397767841509 0.07334026311223568
12.754683845825001 0.1872022132482739
12.8695909074991 0.2985951325728053
12.9844979691732 0.4060498474835354
13.099405030847297 0.5081491257941946
13.214312092521396 0.6035463687674778
13.329219154195497 0.6909833715555534
13.444126215869595 0.7693069178037419
13.559033277543694 0.8374839895492914
13.673940339217793 0.8946153918101692
13.788847400891893 0.9399476121676976
13.903754462565992 0.9728827589256481
14.018661524240091 0.992986446770323
14.13356858591419 0.9999935259267694
14.248475647588288 0.9938115792486533
14.363382709262387 0.9745221411182794
14.478289770936488 0.9423796220805554
14.593196832610587 0.8978079533940208
14.708103894284685 0.8413949957543255
14.823010955958784 0.7738847859341306
14.937918017632883 0.6961677235993646
15.052825079306983 0.609268827728995
15.167732140981082 0.514334217525711
15.282639202655181 0.4126159961222849
15.39754626432928 0.3054557364540939
15.512453326003378 0.19426678710446416
15.627360387677479 0.08051563149300167
15.742267449351578 -0.03429745373731652
15.857174511025676 -0.14865818603566575
15.972081572699775 -0.2610582489843562
16.086988634373874 -0.3700151856518145
16.201895696047973 -0.4740919508819432
16.316802757722073 -0.5719158646425133
16.431709819396172 -0.6621967164547816
16.54661688107027 -0.743743782122994
16.66152394274437 -0.8154815283282382
16.77643100441847 -0.8764637979570095
16.89133806609257 -0.9258862890726139
17.006245127766668 -0.9630971629428681
17.121152189440767 -0.9876056412136351
17.236059251114863 -0.999088478839124
17.350966312788966 -0.9973942273967502
17.465873374463065 -0.9825452325572246
17.580780436137164 -0.9547373393650184
17.69568749781126 -0.9143373092162898
17.81059455948536 -0.8618779826020333
17.925501621159462 -0.7980512514155859
18.040408682833558 -0.7236989335134982
18.155315744507657 -0.6398016698861757
18.270222806181756 -0.5474659908748088
18.385129867855856 -0.4479097220196221
18.500036929529955 -0.34244592202337754
18.614943991204054 -0.23246556467410284
18.729851052878153 -0.11941919313709483
18.844758114552256 -0.004797788579776346
18.959665176226352 0.10988689454473259
19.07457223790045 0.2231222671952726
19.189479299574547 0.33341485544770283
19.30438636124865 0.4393099980886281
19.41929342292275 0.539411032303895
19.534200484596848 0.6323977144198212
19.649107546270947 0.7170436327438302
19.764014607945043 0.7922323828446703
19.878921669619146 0.8569722919346372
19.993828731293245 0.9104094981522454
20.10873579296734 0.9518392122413077
20.223642854641444 0.9807150130948181
20.33854991631554 0.9966560545636963
20.45345697798964 0.9994520884790198
20.56836403966374 0.9890662376384979
20.683271101337837 0.9656354821840012
20.79817816301194 0.9294688529552279
20.913085224686036 0.8810433556475995
21.027992286360135 0.820997679531075
21.142899348034238 0.7501237737063448
21.257806409708333 0.6693564020000637
21.372713471382433 0.5797608142607544
21.487620533056532 0.4825186966600985
21.60252759473063 0.37891258630257785
21.71743465640473 0.2703089557009594
21.83234171807883 0.158140190218343
21.94724877975293 0.04388569617829479
22.062155841427032 -0.07094761118970015
22.177062903101127 -0.1848451826227836
22.291969964775227 -0.29630481038343837
22.406877026449322 -0.40385644104437807
22.521784088123425 -0.5060815641867356
22.636691149797525 -0.6016319212917108
22.751598211471624 -0.6892472880721636
22.866505273145723 -0.7677720957108847
22.98141233481982 -0.8361706717862518
23.09631939649392 -0.8935408998709976
23.21122645816802 -0.9391261176460846
23.326133519842116 -0.9723250966042066
23.44104058151622 -0.9926999717194362
23.555947643190315 -0.9999820164977452
23.670854704864414 -0.9940751872406313
23.785761766538517 -0.9750573897761337
23.900668828212613 -0.9431794519502082
24.015575889886716 -0.8988618154303601
24.13048295156081 -0.8426889904537437
24.24539001323491 -0.7754018466566157
24.360297074909013 -0.6978878416623151
24.47520413658311 -0.611169316303969
24.59011119825721 -0.5163900108575146
24.705018259931308 -0.414799980124016
24.819925321605407 -0.3077391063178469
24.934832383279506 -0.1966194272111437
25.049739444953605 -0.08290651261057928
25.164646506627705 0.03189986520582049
25.2795535683018 0.14628551215205565
25.394460629975903 0.25874178320838126
25.509367691650002 0.3677854801082322
25.624274753324098 0.4719784134051566
25.7391818149982 0.5699463709133815
25.854088876672296 0.6603972423451431
25.9689959383464 0.7421380610970267
26.0839030000205 0.8140907384191424
26.198810061694594 0.8753062824475806
26.313717123368697 0.9249773145636504
26.428624185042793 0.9624487180002635
26.543531246716892 0.9872262782498602
26.658438308390995 0.9989832013145017
26.77334537006509 0.9975644238282615
26.88825243173919 0.9829886582052049
27.00315949341329 0.9554481458392777
27.11806655508739 0.9153061216111806
27.23297361676149 0.8630920231431256
27.347880678435587 0.7994945079871612
27.462787740109686 0.7253523708441062
27.577694801783785 0.6416434806069669
27.692601863457885 0.5494718831393369
27.807508925131984 0.4500532398917114
27.922415986806083 0.34469879440740697
28.037323048480182 0.23479807818563095
28.152230110154278 0.12180058399599508
28.26713717182838 0.007196648357144621
28.38204423350248 -0.10750220467730913
28.496951295176576 -0.22078319917767794
28.61185835685068 -0.3311522595081868
28.726765418524774 -0.43715371585667356
28.841672480198874 -0.5373895032256917
28.956579541872976 -0.6305376006672224
29.071486603547072 -0.7153694675639989
29.186393665221175 -0.7907662469883739
29.30130072689527 -0.8557335224307422
29.41620778856937 -0.9094144332695212
29.531114850243473 -0.9511009760011677
29.64602191191757 -0.980243342177137
29.760928973591668 -0.9964571698886703
29.875836035265767 -0.9995286131587471
29.990743096939866 -0.9894171623804671
30.105650158613965 -0.9662561786027588
30.220557220288065 -0.9303511346166738
30.335464281962164 -0.8821755860407694
30.45037134363626 -0.8223649255433879
30.565278405310362 -0.751708002578075
30.68018546698446 -0.6711367191604185
30.79509252865856 -0.581713738908698
30.90999959033266 -0.48461847145524145
31.024906652006756 -0.38113151708160936
31.13981371368086 -0.2726177767390348
31.254720775354958 -0.1605084502180031
31.369627837029054 -0.04628215989500539
31.484534898703156 0.06855455098244134
31.599441960377252 0.1824870882622107
31.71434902205135 0.2940127830383445
31.829256083725454 0.4016607105183477
31.94416314539955 0.5040110902138767
32.05907020707365 0.5997140115835429
32.17397726874775 0.6875072381531353
32.28888433042185 0.7662328552929147
32.40379139209595 0.8348525420824074
32.51869845377004 0.8924612658405444
32.633605515444145 0.9382992187023342
32.74851257711824 0.9717618388092959
32.863419638792344 0.9924077839430688
32.97832670046645 0.9999647524370012
33.09323376214054 0.9943330745931275
33.208140823814645 0.9755870272368954
33.32304788548874 0.9439738540718582
33.43795494716284 0.8999105047549641
33.55286200883694 0.8439781357011563
33.667769070511035 0.776914445146793
33.78267613218514 0.6996039435655341
33.897583193859234 0.6130662877613603
34.012490255533336 0.518442832501539
34.12739731720743 0.41698157706169786
34.242304378881535 0.3100207052245275
34.35721144055563 0.19897093582508593
34.472118502229726 0.08529691662313493
34.58702556390383 -0.029502093099045192
34.70193262557793 -0.14391199643406508
34.81683968725203 -0.2564238284419528
34.93174674892613 -0.36555365805659773
35.046653810600226 -0.4698621598175791
35.16156087227433 -0.5679735972938011
35.276467933948425 -0.6585939678242438
35.39137499562252 -0.7405280692630237
35.50628205729662 -0.8126952636334078
35.62118911897072 -0.8741437297822684
35.73609618064482 -0.9240630170551647
35.851003242318924 -0.9617947344201354
35.96591030399302 -0.986841234060262
36.080817365667116 -0.998872174906076
36.19572442734122 -0.9977288795406581
36.310631489015314 -0.9834264270137425
36.42553855068942 -0.9561534539624498
36.54044561236351 -0.9162696666617068
36.655352674037616 -0.8643010968181665
36.77025973571171 -0.800933163679541
36.885166797385814 -0.727001633963886
37.00007385905991 -0.6434815988394305
37.11498092073401 -0.5514746133386722
37.22988798240811 -0.4521941678265778
37.344795044082204 -0.34694968314115404
37.45970210575631 -0.23712924049639467
37.57460916743041 -0.12418127392477896
37.68951622910451 -0.009595466719700095
37.8044232907786 0.10511689616315617
37.919330352452704 0.21844286061123666
38.0342374141268 0.3288877578750929
38.1491444758009 0.43499491792084133
38.264051537475005 0.5353648816131986
38.378958599149094 0.6286738583376835
38.4938656608232 0.7136911856223042
38.6087727224973 0.7892955604817087
38.7236797841714 0.8544898284070188
38.8385868458455 0.9084141349475386
38.953493907519594 0.9503572664267493
39.068400969193696 0.979766030218581
39.18330803086779 0.9962525508664829
39.298215092541895 0.9995993858159707
39.413122154216 0.9897623932886532
39.528029215890086 0.9668713144730652
39.64293627756419 0.9312280623536875
39.75784333923829 0.8833027397470327
39.87275040091239 0.8237274390633061
39.98765746258649 0.7532879055692926
40.102564524260586 0.6729131741066673
40.21747158593468 0.5836633159481119
40.332378647608785 0.48671545739940625
40.44728570928289 0.38334825454967325
40.56219277095698 0.27492502893399495
40.67709983263108 0.16287578653404022
40.79200689430518 0.0486783572701373
40.90691395597928 -0.06616109626189064
41.02182101765338 -0.18012794373676902
41.13672807932748 -0.29171906372754264
41.25163514100157 -0.3994626685412709
41.366542202675674 -0.5019377157906507
41.48144926434978 -0.5977926506800335
41.59635632602388 -0.6857632318120015
41.711263387697976 -0.7646892054077511
41.82617044937207 -0.8335296080232419
41.941077511046174 -0.8913764959318259
42.05598457272027 -0.9374669200950324
42.17089163439437 -0.9711929887823172
42.285798696068476 -0.992109885122685
42.400705757742564 -0.9999417338438872
42.51561281941667 -0.994585239822069
42.63051988109077 -0.9761110504526416
42.745426942764865 -0.9447628238739338
42.86033400443897 -0.9009540153328958
42.975241066113064 -0.8452624240778767
43.09014812778716 -0.7784225727000574
43.20505518946126 -0.701316019433306
43.319962251135365 -0.6149597311845937
43.43486931280946 -0.5204926706443438
43.54977637448356 -0.41916077438081617
43.66468343615766 -0.31230052004414327
43.779590497831755 -0.20132129941397797
43.89449755950586 -0.08768682977451055
44.00940462117996 0.02710415121554306
44.124311682854064 0.14153765254064143
44.23921874452815 0.25410439802429
44.354125806202255 0.36331973234045273
44.46903286787635 0.4677432022976834
44.58393992955045 0.565997555136559
44.698846991224556 0.6567869032694515
44.813754052898645 0.7389138158860689
44.92866111457275 0.8112951120016245
45.04356817624685 0.8729761466512591
45.15847523792095 0.923143401808701
45.27338229959505 0.9611352159659823
45.388289361269145 0.9864505108606668
45.50319642294325 0.9987554002527754
45.61810348461734 0.9978875935875419
45.733010546291446 0.9838585364635927
45.84791760796555 0.9568532596756728
45.96282466963964 0.9172279388229203
46.07773173131374 0.8655051966692531
46.19263879298784 0.8023672102136385
46.30754585466194 0.7286467133817672
46.42245291633604 0.6453160140056746
46.53735997801014 0.5534741699476354
46.65226703968423 0.45433249350374477
46.767174101358336 0.34919857527133336
46.88208116303244 0.23945903819116185
46.996988224706534 0.12656124922322037
47.11189528638063 0.011994229862899589
47.22680234805473 -0.10273098272911028
47.34170940972883 -0.2161012649639705
47.45661647140293 -0.3266213635800486
47.571523533077034 -0.4328336167044419
47.68643059475112 -0.533337179117559
47.801337656425225 -0.6268064981565673
47.91624471809933 -0.7120087965768194
48.03115177977343 -0.7878203317880945
48.14605884144753 -0.8532412170205894
48.26096590312162 -0.9074086089427468
48.375872964795725 -0.9496080877979108
48.49078002646982 -0.9792830799659523
48.605687088143924 -0.9960421986746634
48.72059414981803 -0.9996644060434127
48.835501211492115 -0.9901019283763471
48.95040827316622 -0.9674808862549718
49.06531533484032 -0.9320996311197796
49.18022239651442 -0.88442481027992
49.29512945818852 -0.8250852122499251
49.410036519862615 -0.754863473588079
49.52494358153671 -0.6746857566157797
49.63985064321081 -0.585609534159682
49.754757704884916 -0.4888096424249848
49.86966476655901 -0.3855627859500455
49.98457182823311 -0.27723069900821085
50.09947888990721 -0.16524218554304318
50.214385951581306 -0.05107427451421619
50.32929301325541 0.06376726080176036
50.44420007492951 0.17776776262271068
50.5591071366036 0.2894236656507596
50.6740141982777 0.39726232776232334
50.788921259951806 0.49986145284878447
50.9038283216259 0.595867849638109
51.018735383300005 0.6840152790850467
51.1336424449741 0.7631411549386922
51.248549506648196 0.8322018772218924
51.3634565683223 0.8902865963873974
51.4783636299964 0.9366292266138396
51.593270691670504 0.97061854979685
51.70817775334459 0.9918062769726113
51.823084815018696 0.9999129608508696
51.9379918766928 0.9948316814763107
52.052898938366894 0.9766294564077568
52.167806000041 0.9455463568161193
52.28271306171509 0.9019923411590357
52.39762012338919 0.8465418481931632
52.51252718506329 0.7799262206375299
52.627434246737394 0.7030240594130823
52.74234130841149 0.6168496356774148
52.857248370085586 0.5225395134896501
52.97215543175969 0.42133755954066104
53.087062493433784 0.31457853765696014
53.20196955510789 0.20367050445209275
53.31687661678199 0.0900762383113994
53.43178367845608 -0.024706053354813382
53.54669074013018 -0.13916249413549106
53.661597801804284 -0.2517835053031077
53.77650486347838 -0.36108371581545146
53.89141192515248 -0.4656215530395184
54.00631898682658 -0.5640182558132575
54.121226048500674 -0.6549760590799307
54.23613311017478 -0.7372953102557651
54.35104017184888 -0.8098902915812984
54.46594723352298 -0.8718035397736812
54.58085429519707 -0.9222184741163933
54.695761356871174 -0.96047016643316
54.810668418545276 -0.9860541108995847
54.92557548021937 -0.9986328780266063
55.040482541893475 -0.9980405650555544
55.15538960356757 -0.9842849840680825
55.270296665241666 -0.9575475589517556
55.38520372691577 -0.9181809325802156
55.50011078858987 -0.8667043157671064
55.61501785026397 -0.8037966393369042
55.72992491193806 -0.7302875996307512
55.844831973612166 -0.6471467155491367
55.95973903528626 -0.5554705414593051
56.074646096960365 -0.45646820461770793
56.18955315863447 -0.35144545785617626
56.304460220308556 -0.24178745786258435
56.41936728198266 -0.12894049619518463
56.53427434365676 -0.014392923982467963
56.64918140533086 0.10034447810545383
56.76408846700496 0.21375842571115286
56.878995528679056 0.3243530896655363
56.99390259035315 0.4306698246451755
57.108809652027254 0.5313064074076878
57.22371671370136 0.6249355308700262
57.33862377537546 0.710322310109243
