0.0 0.0
0.07255843534488421 0.07249478538213723
0.14511687068976842 0.1446080729612188
0.21767530603465265 0.21596037253477676
0.29023374137953684 0.2861761985366865
0.36279217672442104 0.3548860459988562
0.4353506120693053 0.4217283350405131
0.5079090474141895 0.48635131365237566
0.5804674827590737 0.5484149087624651
0.6530259181039579 0.6075925158424778
0.7255843534488421 0.66357271763706
0.7981427887937264 0.7160609229713205
0.8707012241386106 0.7647809170124846
0.9432596594834948 0.8094763148275724
1.015818094828379 0.8499119105878712
1.088376530173263 0.8858749153201261
1.1609349655181473 0.9171760766908856
1.2334934008630316 0.9436506749312299
1.3060518362079159 0.9651593896609105
1.3786102715528001 0.9815890330503109
1.4511687068976842 0.9928531454620237
1.5237271422425684 0.9988924504375317
1.5962855775874527 0.9996751666346598
1.668844012932337 0.9951971750742559
1.7414024482772212 0.9854820408159775
1.8139608836221053 0.9705808889491174
1.8865193189669895 0.9505721355510564
1.9590777543118738 0.9255610750291504
2.031636189656758 0.8956793260176354
2.104194625001642 0.861084138745466
2.176753060346526 0.8219575675200113
2.2493114956914106 0.7785055126813428
2.3218699310362947 0.7309566370687512
2.394428366381179 0.6795611627014938
2.466986801726063 0.6245895540061466
2.5395452370709473 0.5663310945199621
2.6121036724158317 0.505092364560217
2.684662107760716 0.44119562787068894
2.7572205431056003 0.374977135735397
2.8297789784504843 0.30678535748407526
2.9023374137953684 0.23697914670118753
2.974895849140253 0.1659258527886652
3.047454284485137 0.09399938782011023
3.120012719830021 0.0215782588594775
3.1925711551749054 -0.05095642390099472
3.2651295905197895 -0.12322295270160123
3.337688025864674 -0.1948410309206402
3.410246461209558 -0.2654337743538799
3.4828048965544425 -0.3346296945364683
3.5553633318993265 -0.40206465367020394
3.6279217672442106 -0.46738378086853927
3.700480202589095 -0.5302433396352243
3.773038637933979 -0.5903125367491441
3.8455970732788636 -0.6472752630362465
3.9181555086237476 -0.7008317568678836
3.9907139439686317 -0.7507001816315542
4.063272379313516 -0.7966181088727301
4.1358308146584 -0.83834389930286
4.208389250003284 -0.8756579744061117
4.280947685348169 -0.9083639719531199
4.353506120693052 -0.9362897793409551
4.426064556037937 -0.9592884393214398
4.498622991382821 -0.9772389233514926
4.571181426727706 -0.9900467684958121
4.643739862072589 -0.9976445745302482
4.716298297417474 -0.9999923586299003
4.788856732762358 -0.9970777657754196
4.861415168107242 -0.9889161337702762
4.933973603452126 -0.975550412526838
5.006532038797011 -0.9570509380460154
5.0790904741418945 -0.9335150622798823
5.151648909486779 -0.9050666408250917
5.2242073448316635 -0.8718553811430592
5.296765780176548 -0.8340560547368469
5.369324215521432 -0.7918675774306065
5.441882650866316 -0.7455119625915297
5.5144410862112005 -0.6952331528028964
5.586999521556084 -0.6412957361364355
5.659557956900969 -0.5839835537795124
5.732116392245853 -0.5235982063443956
5.804674827590737 -0.4604574667200161
5.87723326293562 -0.39489360781845967
5.949791698280506 -0.32725165401629114
6.02235013362539 -0.25788756549235753
6.094908568970274 -0.18716636501682568
6.167467004315157 -0.11546021704909219
6.240025439660042 -0.04314646925314435
6.312583875004927 0.029394333263263468
6.385142310349811 0.10178045053571562
6.457700745694694 0.17363095661808406
6.530259181039579 0.2445677441737609
6.6028176163844625 0.31421751423419564
6.675376051729348 0.38221374065380226
6.747934487074232 0.44819859892343006
6.820492922419116 0.5118248491922113
6.893051357764 0.5727576635885105
6.965609793108885 0.6306763882238647
7.038168228453769 0.6852762306075056
7.110726663798653 0.7362698635916014
7.183285099143537 0.7833889374065697
7.255843534488421 0.8263854918295113
7.3284019698333065 0.8650332610543428
7.40096040517819 0.8991288643968584
7.473518840523074 0.9284928765687372
7.546077275867958 0.9529707718882574
7.618635711212842 0.9724337374588963
7.691194146557727 0.9867793510365301
7.763752581902611 0.9959321200180075
7.836311017247495 0.9998438787147224
7.908869452592379 0.9984940418205589
7.981427887937263 0.9918897127403606
8.053986323282148 0.9800656462088504
8.126544758627032 0.963084065396718
8.199103193971917 0.9410343344663386
8.2716616293168 0.9140324883002712
8.344220064661684 0.8822206218772983
8.416778500006568 0.8457661425093739
8.489336935351453 0.8048608888745089
8.561895370696337 0.7597201214816197
8.634453806041222 0.7105813898799305
8.707012241386105 0.6577032825741491
8.779570676730991 0.6013640662238742
8.852129112075874 0.5418602212883638
8.924687547420758 0.47950488182265766
8.997245982765643 0.4146261876355666
9.069804418110525 0.3475655574811035
9.142362853455412 0.2786758923705652
9.214921288800296 0.20831971846020883
9.287479724145179 0.1368672792873692
9.360038159490063 0.0646945873945135
9.432596594834948 -0.007818554405607948
9.505155030179832 -0.08029055171081038
9.577713465524717 -0.15234002663840537
9.650271900869601 -0.22358782479471753
9.722830336214484 -0.2936590105436727
9.795388771559368 -0.3621848400745324
9.867947206904253 -0.4288047018856428
9.940505642249137 -0.49316801447259867
10.013064077594022 -0.5549360712343683
10.085622512938905 -0.6137838228887236
10.158180948283789 -0.6694015880171686
10.230739383628675 -0.7214966827377453
10.303297818973558 -0.7697949609297168
10.375856254318442 -0.8140422569048311
10.448414689663327 -0.854005722933189
10.52097312500821 -0.889475054585141
10.593531560353096 -0.9202635974409301
10.666089995697979 -0.9462093293441066
10.738648431042863 -0.9671757130297153
10.811206866387748 -0.983052414640335
10.883765301732632 -0.9937558843488673
10.956323737077517 -0.9992297960325799
11.028882172422401 -0.9994453436846622
11.101440607767284 -0.9944013930034498
11.173999043112168 -0.984124487361593
11.246557478457053 -0.9686687081237568
11.319115913801937 -0.9481153900479198
11.391674349146822 -0.9225726932679467
11.464232784491706 -0.8921750341098438
11.536791219836589 -0.8570823777369782
11.609349655181473 -0.8174793963466526
11.681908090526358 -0.7735744973479693
11.75446652587124 -0.7255987266351012
11.827024961216127 -0.6738045527274059
11.899583396561011 -0.6184645381747688
11.972141831905894 -0.55986990521975
12.04470026725078 -0.49832900326465557
12.117258702595663 -0.434165686208364
12.189817137940548 -0.3677176081919886
12.262375573285432 -0.29933444672194603
12.334934008630315 -0.22937606252103762
12.407492443975201 -0.15821060579119745
12.480050879320084 -0.08621257885356866
12.552609314664968 -0.013760865361035875
12.625167750009854 0.0587632635455965
12.697726185354737 0.13097815564540047
12.770284620699622 0.20250378605053934
12.842843056044504 0.2729637570557416
12.915401491389389 0.34198727890006236
12.987959926734275 0.4092111210172755
13.060518362079158 0.47428152350664016
13.133076797424042 0.5368560587650889
13.205635232768925 0.5966054334841069
13.278193668113811 0.6532152215285069
13.350752103458696 0.706387518577904
13.423310538803578 0.7558425098235394
13.495868974148465 0.8013199424705303
13.568427409493346 0.8425804952966348
13.640985844838232 0.8794070380603797
13.713544280183116 0.9116057741309487
13.786102715528 0.9390072603269142
13.858661150872885 0.9614672985969408
13.93121958621777 0.9788676948500807
14.003778021562653 0.991116880942393
14.076336456907539 0.998150396546714
14.148894892252422 0.999931228369788
14.221453327597306 0.9964500049316595
14.29401176294219 0.9877250458823086
14.366570198287073 0.9738022655960116
14.43912863363196 0.954754931550747
14.511687068976842 0.9306832787641672
14.584245504321727 0.9017139823151139
14.656803939666613 0.867999490726513
14.729362375011496 0.829717223717653
14.80192081035638 0.7870686385476005
14.874479245701263 0.7402781698630705
14.947037681046147 0.6895920486296816
15.019596116391034 0.6352770063619007
15.092154551735916 0.577618871470545
15.1647129870808 0.5169210651144346
15.237271422425684 0.453503004471692
15.30982985777057 0.38769842183328657
15.382388293115454 0.31985360836451476
15.454946728460337 0.25032559177641306
15.527505163805221 0.17948025749700378
15.600063599150104 0.10769042322954823
15.67262203449499 0.035333877030249594
15.745180469839875 -0.037208610770080024
15.817738905184758 -0.10955529133836059
15.890297340529644 -0.18132544626085653
15.962855775874527 -0.2521413910422752
16.03541421121941 -0.3216304626391627
16.107972646564296 -0.38942698056828173
16.18053108190918 -0.455174171269873
16.253089517254065 -0.5185260455989582
16.325647952598946 -0.5791492195645537
16.398206387943834 -0.6367246687353212
16.470764823288718 -0.6909494070791837
16.5433232586336 -0.7415380814022478
16.615881693978487 -0.788224472996347
16.688440129323368 -0.8307628985929191
16.760998564668252 -0.8689295032508876
16.833557000013137 -0.9025234383747223
16.90611543535802 -0.931367918663547
16.978673870702906 -0.9553111524291394
17.05123230604779 -0.9742271403871169
17.123790741392675 -0.9880163387177335
17.19634917673756 -0.996606182906986
17.268907612082444 -0.9999514696113577
17.34146604742733 -0.9980345945366698
17.41402448277221 -0.9908656450792211
17.486582918117094 -0.9784823472416996
17.559141353461982 -0.960949867103219
17.631699788806863 -0.938360467888229
17.704258224151747 -0.9108330244389303
17.77681665949663 -0.8785123976462733
17.849375094841516 -0.8415686721315141
17.9219335301864 -0.8001962611899855
17.994491965531285 -0.7546128837072338
18.06705040087617 -0.7050584184314178
18.13960883622105 -0.6517936416312702
18.21216727156594 -0.5950988547825703
18.284725706910823 -0.5352724095048734
18.357284142255704 -0.4726291375108026
18.429842577600592 -0.40749869383023773
18.502401012945473 -0.3402238220280589
18.574959448290357 -0.2711585505444828
18.647517883635246 -0.20066632964975328
18.720076318980126 -0.12911811881720153
18.79263475432501 -0.0568904345797139
18.865193189669895 0.015636630857299157
18.93775162501478 0.08808140981966707
19.010310060359664 0.160062667658976
19.08286849570455 0.23120160896832695
19.155426931049433 0.3011238709617876
19.227985366394314 0.3694614935275401
19.300543801739202 0.43585485558750625
19.373102237084087 0.49995456757344936
19.445660672428968 0.561423310060666
19.518219107773852 0.619937608883512
19.590777543118737 0.6751895373913903
19.66333597846362 0.7268883368872547
19.735894413808506 0.7747619467211658
19.80845284915339 0.8185584359869252
19.881011284498275 0.858047329287601
19.95356971984316 0.893020819593213
20.026128155188044 0.9232948618080149
20.098686590532928 0.9487101412925648
20.17124502587781 0.9691329122438183
20.243803461222697 0.9844557015213427
20.316361896567578 0.9945978742158065
20.388920331912463 0.9995060579835218
20.46147876725735 0.9991544239139735
20.53403720260223 0.993544822452326
20.606595637947116 0.9827067736616062
20.679154073292 0.9666973118758188
20.751712508636885 0.9456006855614869
20.82427094398177 0.9195279139670763
20.896829379326654 0.8886162028933963
20.96938781467154 0.8530282226594376
21.04194625001642 0.8129512520632963
21.114504685361307 0.7685961928430012
21.187063120706192 0.7201964598236076
21.259621556051073 0.6680067525909971
21.332179991395957 0.6123017151564051
21.404738426740842 0.5533744906650742
21.477296862085726 0.4915351787547247
21.54985529743061 0.42710920368190025
21.622413732775495 0.36043560180377393
21.69497216812038 0.29186523742740217
21.767530603465264 0.22175895641537255
21.84008903881015 0.1504856872643418
21.912647474155033 0.0784204996493823
21.985205909499914 0.0059426306508886815
22.057764344844802 -0.06656651094916172
22.130322780189683 -0.13872535179929146
22.202881215534568 -0.21015416197672765
22.275439650879456 -0.28047705328463046
22.347998086224337 -0.3493239573325934
22.42055652156922 -0.4163325729909243
22.493114956914106 -0.48115027297029545
22.56567339225899 -0.5434359594936611
22.638231827603875 -0.6028618592950514
22.71079026294876 -0.6591152484992342
22.783348698293644 -0.711900098305204
22.855907133638524 -0.7609386328132235
22.928465568983412 -0.8059727907974988
23.001024004328297 -0.8467655837319811
23.073582439673178 -0.8831023429228746
23.146140875018066 -0.9147918491848539
23.218699310362947 -0.941667339116171
23.29125774570783 -0.9635873826772653
23.363816181052716 -0.9804366274546154
23.436374616397604 -0.9921264056932677
23.50893305174248 -0.9985952009035486
23.58149148708737 -0.9998089715865004
23.654049922432254 -0.9957613303744446
23.72660835777714 -0.9864735776439781
23.799166793122023 -0.9719945894245056
23.871725228466904 -0.9524005601921832
23.944283663811788 -0.9277946019027967
24.016842099156673 -0.8983062013736399
24.08940053450156 -0.8640905388698599
24.161958969846445 -0.825327671481173
24.234517405191326 -0.7822215855863377
24.30707584053621 -0.7349991233917308
24.379634275881095 -0.683908789193038
24.45219271122598 -0.629219441641974
24.524751146570864 -0.5712188788999
24.597309581915745 -0.5102123241238431
24.66986801726063 -0.4465208192549021
24.742426452605518 -0.38047953556164066
24.814984887950402 -0.3124360098290512
24.887543323295287 -0.24274831547499517
24.960101758640167 -0.17178317821851852
25.032660193985052 -0.09991404621611515
25.105218629329936 -0.027519124821758608
25.17777706467482 0.045020613687459035
25.25033550001971 0.11732343494637801
25.322893935364586 0.18900885134722592
25.395452370709474 0.259699624324189
25.46801080605436 0.32902374954004676
25.540569241399243 0.3966164145282342
25.613127676744128 0.4621219184882076
25.68568611208901 0.5251955441314438
25.758244547433893 0.5855053717276287
25.830802982778778 0.642734025804726
25.903361418123666 0.6965803453111239
25.97591985346855 0.7467609684507093
26.04847828881343 0.7930118238508619
26.121036724158316 0.8350895202161767
26.1935951595032 0.8727726271549837
26.266153594848085 0.9058628404384522
26.338712030192973 0.9341860255601669
26.41127046553785 0.9575931341045367
26.483828900882735 0.9759609881017526
26.556387336227623 0.9891929282416311
26.628945771572507 0.9972193225352365
26.70150420691739 0.9999979327474562
26.774062642262273 0.9975141366722113
26.846621077607157 0.9897810050806056
26.91917951295204 0.9768392329370751
26.99173794829693 0.9587569252455082
27.064296383641814 0.9356292386523073
27.13685481898669 0.9075778806924175
27.20941325433158 0.8747504693134952
27.281971689676464 0.8373197560487089
27.35453012502135 0.7954827169260851
27.427088560366233 0.749459515898486
27.499646995711114 0.699492346249046
27.572205431056 0.64584415606907
27.644763866400886 0.588797264515497
27.71732230174577 0.5286518761297228
27.789880737090655 0.46572450103605445
27.86243917243554 0.4003462893334094
27.93499760778042 0.33286128844535107
28.007556043125305 0.26362463259900787
28.08011447847019 0.1930006739606399
28.152672913815078 0.12136106526252782
28.225231349159962 0.04908280401127218
28.297789784504843 -0.023453751430374557
28.370348219849728 -0.09586688344788562
28.442906655194612 -0.16777552393226947
28.515465090539497 -0.23880125961944226
28.58802352588438 -0.30857032345868113
28.660581961229262 -0.3767155615307648
28.733140396574147 -0.4428783651650739
28.805698831919035 -0.5067105580879984
28.87825726726392 -0.5678762286717376
28.950815702608804 -0.626053497641432
29.023374137953684 -0.6809362119381697
29.09593257329857 -0.7322355558241128
29.168491008643453 -0.7796815707513778
29.241049443988338 -0.8230245759965431
29.313607879333226 -0.8620364825847734
29.386166314678103 -0.8965119935891451
29.45872475002299 -0.9262696844887451
29.531283185367876 -0.9511529579001501
29.60384162071276 -0.9710308676582099
29.676400056057645 -0.9857988079093853
29.748958491402526 -0.9953790635913887
29.82151692674741 -0.9997212194022634
29.894075362092295 -0.9988024251067312
29.966633797437183 -0.9926275157836648
30.039192232782067 -0.9812289863818862
30.11175066812695 -0.9646668207181897
30.184309103471833 -0.9430281758174719
30.256867538816717 -0.9164269232561125
30.3294259741616 -0.8850030499222332
30.401984409506486 -0.848921921346295
30.474542844851367 -0.808373411478694
30.54710128019625 -0.7635709034938181
30.61965971554114 -0.7147501668787752
30.692218150886024 -0.6621681167160004
30.76477658623091 -0.6061014616889024
30.83733502157579 -0.5468452479253507
30.909893456920674 -0.48471130634185344
30.98245189226556 -0.4200266116592068
31.055010327610443 -0.3531315617250997
31.12756876295533 -0.2843781861986364
31.20012719830021 -0.2141282940234361
31.272685633645096 -0.14275156943798528
31.34524406898998 -0.07062362654302404
31.417802504334865 0.0018759673365972187
31.49036093967975 0.0743656890935031
31.56291937502463 0.14646406757154282
31.635477810369515 0.2177916910261646
31.7080362457144 0.2879732037472724
31.780594681059288 0.35663928133757544
31.853153116404172 0.4234285742516194
31.925711551749053 0.48798960936785474
31.998269987093938 0.5499826395868237
32.07082842243882 0.6090814317221136
32.14338685778371 0.6649749832754919
32.21594529312859 0.7173691590617758
32.28850372847347 0.7659882390709037
32.36106216381836 0.8105763694216345
32.43362059916324 0.8508989087713925
32.50617903450813 0.8867436630969264
32.57873746985302 0.9179220023477507
32.65129590519789 0.9442698530961731
32.72385434054278 0.9656485619601328
32.79641277588767 0.981945625255107
32.86897121123255 0.9930752810354526
32.941529646577436 0.9989789604095393
33.01408808192232 0.9996255957536838
33.0866465172672 0.9950117842029519
33.159204952612086 0.9851618055584483
33.231763387956974 0.9701274945168792
33.304321823301855 0.9499879678947537
33.376880258646736 0.9248492082826865
33.449438693991624 0.8948435063207941
33.521997129336505 0.8601287645301707
33.59455556468139 0.8208876663639292
33.667114000026274 0.7773267148506882
33.739672435371155 0.7296751458894636
33.81223087071604 0.6781837219147487
33.88478930606093 0.6231234122799851
33.95734774140581 0.5647839673037776
34.0299061767507 0.5034723934828246
34.10246461209558 0.43951133789570085
34.17502304744046 0.3732373902992911
34.24758148278535 0.30499931185309237
34.32013991813023 0.23515619979252247
34.39269835347512 0.1640755977094168
34.46525678882 0.09213156138437589
34.53781522416489 0.019702690349149073
34.61037365950977 -0.05282986446198454
34.68293209485466 -0.12508440648749194
34.75549053019954 -0.19668070218506734
34.82804896554442 -0.2672419819792019
34.90060740088931 -0.33639692297984397
34.97316583623419 -0.40378160303833
35.045724271579076 -0.46904141585759385
35.118282706923964 -0.531832937078385
35.190841142268845 -0.591825731521533
35.263399577613725 -0.6487040920757176
35.33595801295861 -0.7021687010799776
35.408516448303494 -0.7519382054580941
35.48107488364838 -0.7977506973158832
35.55363331899326 -0.8393650922097572
35.626191754338144 -0.8765623978336694
35.69875018968303 -0.909146866447971
35.77130862502792 -0.9369470249856703
35.8438670603728 -0.9598165774152532
35.91642549571768 -0.9776351746114336
35.98898393106257 -0.9903090476824495
36.06154236640745 -0.9977715014210874
36.13410080175234 -0.9999832652826923
36.20665923709723 -0.9969327000431503
