0.0 0.0
0.15560607096501747 0.15497887600278543
0.31121214193003494 0.30621277550272136
0.46681821289505243 0.4500472172268157
0.6224242838600699 0.5830065235959669
0.7780303548250873 0.701877808499305
0.9336364257901049 0.8037886148619798
1.0892424967551224 0.8862763259386754
1.2448485677201397 0.9473476730483718
1.4004546386851573 0.9855269017797448
1.5560607096501746 0.9998914327582133
1.7116667806151922 0.9900941552524554
1.8672728515802097 0.9563718149080535
2.0228789225452273 0.8995392929234531
2.178484993510245 0.8209699149086954
2.334091064475262 0.7225622652521683
2.4896971354402795 0.6066943089073512
2.645303206405297 0.4761659292205189
2.8009092773703146 0.33413127034015133
2.956515348335332 0.18402251911529788
3.1121214193003492 0.029466968250024393
3.267727490265367 -0.12580063516429865
3.4233335612303843 -0.27802833769093316
3.578939632195402 -0.4235376433712767
3.7345457031604194 -0.5588124024901315
3.8901517741254366 -0.6805837773362238
4.0457578450904546 -0.7859092318086337
4.201363916055472 -0.8722436361301639
4.35696998702049 -0.9375007684626474
4.512576057985507 -0.9801037272725869
4.668182128950524 -0.9990230362609529
4.823788199915541 -0.993801521073156
4.979394270880559 -0.9645653566576274
5.1350003418455765 -0.9120210183198637
5.290606412810594 -0.837438210147983
5.446212483775611 -0.7426191833346917
5.601818554740629 -0.6298551858009787
5.757424625705647 -0.5018710954916537
5.913030696670664 -0.36175957524767227
6.068636767635682 -0.2129063403653747
6.2242428386006985 -0.05890834470960548
6.379848909565717 0.09651313763318511
6.535454980530734 0.24960243482936045
6.69106105149575 0.39666023097455927
6.846667122460769 0.5341329579611224
7.002273193425786 0.6586986654328062
7.157879264390804 0.7673472938281143
7.313485335355821 0.8574534107597325
7.469091406320839 0.9268396530967923
7.6246974772858565 0.9738293417080769
7.780303548250873 0.9972869974607893
7.9359096192158916 0.9966457794287878
8.091515690180909 0.9719211822815719
8.247121761145927 0.9237106618643951
8.402727832110944 0.8531791980171505
8.55833390307596 0.7620311434983063
8.71393997404098 0.6524690392686503
8.869546045005995 0.5271403913401387
9.025152115971014 0.3890736952970138
9.18075818693603 0.24160525442037084
9.336364257901048 0.08829855981453417
9.491970328866065 -0.06714181933121964
9.647576399831083 -0.2209597545527482
9.8031824707961 -0.3694383228217086
9.958788541761118 -0.5089896238791392
10.114394612726135 -0.6362414798071102
10.270000683691153 -0.748118921792545
10.42560675465617 -0.841918495001852
10.581212825621188 -0.91537358603128
10.736818896586206 -0.9667091943322711
10.892424967551221 -0.994684824091426
11.04803103851624 -0.9986244601071734
11.203637109481258 -0.9784329033131025
11.359243180446276 -0.9345980712093275
11.514849251411293 -0.8681792076132576
11.67045532237631 -0.7807812866344543
11.826061393341329 -0.6745162293869741
11.981667464306344 -0.5519518706153361
12.137273535271364 -0.41604990842656187
12.29287960623638 -0.27009433653783305
12.448485677201397 -0.11761208843376655
12.604091748166415 0.03771218897774953
12.759697819131434 0.19212517276503077
12.91530389009645 0.34189556088915507
13.070909961061467 0.4834042369981842
13.226516032026485 0.6132317243179519
13.3821221029915 0.728240815365885
13.537728173956522 0.8256523807877345
13.693334244921537 0.9031125254397192
13.848940315886555 0.9587494689275667
14.004546386851572 0.9912187761164608
14.160152457816588 0.9997358446423733
14.315758528781608 0.9840948643824965
14.471364599746625 0.944673790739951
14.626970670711643 0.882425211566166
14.782576741676658 0.7988533284165689
14.938182812641678 0.6959776083744541
15.093788883606695 0.5762839847760851
15.249394954571713 0.4426647860437468
15.405001025536729 0.2983488442124157
15.560607096501746 0.146823472037765
15.716213167466766 -0.00824980593559982
15.871819238431783 -0.16312373203483177
16.0274253093968 -0.3140558658118857
16.183031380361818 -0.4573990179910448
16.338637451326832 -0.5896893827259813
16.494243522291853 -0.7077302385004318
16.64984959325687 -0.808669195087712
16.80545566422189 -0.890067119940272
16.961061735186902 -0.9499570784421438
17.11666780615192 -0.9868918637666262
17.27227387711694 -0.9999789678071579
17.42787994808196 -0.9889021481287289
17.583486019046973 -0.9539290697866823
17.73909209001199 -0.8959048373526932
17.894698160977008 -0.8162315734428615
18.05030423194203 -0.7168345372211643
18.205910302907046 -0.6001156016054126
18.36151637387206 -0.468895213372565
18.517122444837078 -0.3263442386645147
18.672728515802095 -0.17590734080899656
18.828334586767117 -0.021219741986998747
18.98394065773213 0.13398061984623244
19.139546728697148 0.2859434161085804
19.295152799662166 0.43099655215083554
19.450758870627183 0.5656349013379776
19.6063649415922 0.6866050044432198
19.76197101255722 0.7909836876420969
19.917577083522236 0.8762486993474238
20.073183154487253 0.9403396589861353
20.22878922545227 0.9817078449254346
20.38439529641729 0.9993536184512984
20.540001367382306 0.9928505794701569
20.695607438347324 0.9623558702249375
20.85121350931234 0.9086063780420301
21.00681958027736 0.8329009288676331
21.162425651242376 0.7370689018765617
21.318031722207394 0.6234260235636677
21.47363779317241 0.4947184095285399
21.62924386413743 0.3540562061519708
21.784849935102443 0.20483843567538745
21.940456006067464 0.050670860759184554
22.09606207703248 -0.10472114672367572
22.2516681479975 -0.2575826271828107
22.407274218962517 -0.40421976977589663
22.56288028992753 -0.5410891712494044
22.718486360892552 -0.6648834602654053
22.87409243185757 -0.772611218151171
23.029698502822587 -0.8616692648321524
23.1853045737876 -0.9299055631997304
23.34091064475262 -0.9756712218654876
23.49651671571764 -0.9978603396849494
23.652122786682657 -0.9959367292305366
23.80772885764767 -0.9699468734561749
23.96333492861269 -0.9205188024631118
24.118940999577706 -0.8488469175092768
24.274547070542727 -0.7566631289813593
24.430153141507745 -0.6461950057641355
24.58575921247276 -0.5201119473037278
24.741365283437776 -0.38146067908633907
24.896971354402794 -0.2335916302475858
25.052577425367815 -0.08007797235563269
25.20818349633283 0.07537072424999133
25.363789567297847 0.22899813011846132
25.519395638262868 0.37709192625502064
25.67500170922788 0.5160735102007074
25.8306077801929 0.6425844709279792
25.986213851157917 0.7535677429354154
26.141819922122934 0.8463414784990094
26.297425993087955 0.9186638529989931
26.45303206405297 0.9687872373382984
26.608638135017987 0.9955004284069611
26.764244205983 0.9981579171172352
26.919850276948022 0.9766954867640228
27.075456347913043 0.9316317647850743
27.231062418878057 0.864055690423565
27.386668489843075 0.7756002011298446
27.54227456080809 0.6684027735555552
27.69788063177311 0.5450537726445177
27.853486702738127 0.40853385693534927
28.009092773703145 0.262141952641015
28.164698844668163 0.10941553697085908
28.320304915633177 -0.04595484299669312
28.475910986598198 -0.20021475028788796
28.631517057563215 -0.34963658187037083
28.78712312852823 -0.4906096440630299
28.94272919949325 -0.6197274028977435
29.098335270458264 -0.7338698010776081
29.253941341423285 -0.8302786523892123
29.409547412388303 -0.9066242917056565
29.565153483353317 -0.9610618700210043
29.720759554318338 -0.9922759341785371
29.876365625283356 -0.9995122140490359
30.03197169624837 -0.9825958490400007
30.18757776721339 -0.9419356135025313
30.343183838178405 -0.8785140389313453
30.498789909143426 -0.7938636716493213
30.654395980108443 -0.6900300396961891
30.810002051073457 -0.5695222238053984
30.96560812203848 -0.43525222689347054
31.121214193003492 -0.2904646071637163
31.276820263968514 -0.13865807520027798
31.43242633493353 0.016499050385645492
31.588032405898545 0.1712574857912827
31.743638476863566 0.32187758133560335
31.89924454782858 0.4647196879695178
32.0548506187936 0.5963321073276958
32.21045668975862 0.713534500058781
32.366062760723636 0.8134947369192475
32.52166883168865 0.893797335567785
32.677274902653664 0.9525018293239466
32.832880973618686 0.9881896574432063
32.98848704458371 0.9999984438315316
33.14409311554872 0.9876428358738311
33.29969918651374 0.951421399817798
33.455305257478756 0.8922094060901411
33.61091132844378 0.811437678883908
33.76651739940879 0.7110580211046613
33.922123470373805 0.5934960501619637
34.077729541338826 0.461592584302556
34.23333561230384 0.31853499585117256
34.38894168326886 0.1677801901688583
34.54454775423388 0.012971071498658372
34.700153825198896 -0.14215148574608186
34.85575989616392 -0.29383903308693315
35.01136596712893 -0.43842612710850865
35.166972038093945 -0.5724189028164897
35.322578109058966 -0.6925795009005009
35.47818418002398 -0.7960043087650646
35.633790250989 -0.88019412467861
35.789396321954015 -0.9431145495636075
35.94500239291904 -0.9832451470946674
36.10060846388406 -0.9996161841786356
36.25621453484907 -0.9918320640039477
36.41182060581409 -0.9600808854128543
36.56742667677911 -0.9051298975997536
36.72303274774412 -0.828306959970237
36.87863881870914 -0.7314684551728433
37.034244889674156 -0.6169544306668934
37.18985096063918 -0.4875320528048658
37.34545703160419 -0.3463287398294204
37.50106310256921 -0.19675658958804754
37.65666917353423 -0.042429928126869305
37.81227524449925 0.11292202844516504
37.96788131546426 0.2655452883451857
38.123487386429275 0.4117517971953588
38.279093457394296 0.5480085577619404
38.43469952835932 0.6710230028264912
38.59030559932433 0.777822558202383
38.74591167028935 0.8658264733014597
38.90151774125437 0.9329081835059722
39.05712381221939 0.977446697394603
39.2127298831844 0.9983657670793346
39.368335954149416 0.9951598951243161
39.52394202511444 0.9679065496042435
39.67954809607945 0.9172642921323472
39.83515416704447 0.8444568640930945
39.99076023800949 0.7512436156267929
40.14636630897451 0.6398769919328456
40.30197237993953 0.5130481042109915
40.45757845090454 0.37382170048788443
40.61318452186956 0.22556210772191582
40.76879059283458 0.0718519347534199
40.92439666379959 -0.08359449940289738
41.08000273476461 -0.23702091996700997
41.235608805729626 -0.38471986463985774
41.39121487669465 -0.5231222723238271
41.54682094765967 -0.6488837274567222
41.70242701862468 -0.7589652759140523
41.8580330895897 -0.8507068596091847
42.01363916055472 -0.9218915952859292
42.16924523151973 -0.9707993442431546
42.32485130248475 -0.9962482785093593
42.48045737344977 -0.9976234390442662
42.63606344441479 -0.9748915958747099
42.7916695153798 -0.9286020510780597
42.94727558634482 -0.8598733652095446
43.102881657309844 -0.7703663279218457
43.25848772827486 -0.6622438259265488
43.41409379923987 -0.5381185780653743
43.569699870204886 -0.40099000044353433
43.72530594116991 -0.25417172724335857
43.88091201213493 -0.10121153863660844
44.03651808309994 0.05419436930806905
44.19212415406496 0.2082907011035381
44.34773022502998 0.3573538064263759
44.503336295995 0.4977816600117735
44.65894236696002 0.6261809025478815
44.81454843792503 0.7394488392760058
44.97015450889005 0.8348484148469744
45.12576057985506 0.9100743527088482
45.28136665082008 0.9633088608052947
45.436972721785104 0.993265557488024
45.59257879275012 0.9992205561986014
45.74818486371514 0.9810299577759234
45.90379093468015 0.9391333276977055
46.059397005645174 0.8745430742304013
46.21500307661019 0.7888199841585575
46.3706091475752 0.6840355072587523
46.52621521854022 0.5627217008924366
46.68182128950524 0.42781004427814956
46.83742736047026 0.28256060096139063
46.99303343143528 0.1304832412309621
47.14863950240029 -0.02474717190279428
47.304245573365314 -0.17937958368515886
47.45985164433033 -0.3296773897243456
47.61545771529534 -0.4720087289141008
47.77106378626036 -0.6029342452942337
47.92666985722538 -0.7192901981336522
48.0822759281904 -0.8182649119280071
48.23788199915541 -0.8974667189410396
48.39348807012043 -0.9549817524968769
48.549094141085455 -0.9894201944810559
48.70470021205047 -0.9999498595057874
48.86030628301549 -0.9863163041971263
49.015912353980504 -0.9488489756745662
49.17151842494552 -0.8884532506485365
49.32712449591054 -0.8065885575064929
49.48273056687555 -0.7052331100549772
49.638336637840574 -0.5868361051066795
49.79394270880559 -0.45425853903076185
49.94954877977061 -0.3107040734007441
50.10515485073563 -0.15964162033246063
50.260760921700644 -0.004721518193280132
50.41636699266566 0.15031267675098234
50.57197306363067 0.3017146512466806
50.72757913459569 0.44582586258403145
50.883185205560714 0.5791639452034409
51.038791276525735 0.6985068600811152
51.19439734749074 0.8009707534717748
51.35000341845576 0.8840796435962727
51.505609489420785 0.9458252513347489
51.6612155603858 0.9847155291507974
51.81682163135082 0.999810715572621
51.972427702315834 0.9907460439951563
52.12803377328085 0.9577405570578869
52.28363984424587 0.9015918136038803
52.43924591521089 0.8236566161234072
52.59485198617591 0.7258182243924909
52.75045805714092 0.6104408475702171
52.90606412810594 0.4803125144273509
53.06167019907096 0.33857770221489375
53.217276270035974 0.18866135215750005
53.372882341000995 0.034186107694303455
53.528488411966 -0.12111522464189181
53.68409448293102 -0.2734898763741389
53.839700553896044 -0.4192558005997418
53.995306624861065 -0.5548906465621289
54.15091269582609 -0.6771168752559995
54.30651876679109 -0.7829809592955723
54.462124837756114 -0.869924753226148
54.61773090872113 -0.9358473096558078
54.77333697968615 -0.9791556474557458
54.92894305065117 -0.9988032452443264
55.08454912161618 -0.994315329981809
55.2401551925812 -0.9658003495911509
55.39576126354622 -0.9139473523755559
55.55136733451124 -0.8400093365576413
55.706973405476255 -0.7457729722891584
55.86257947644127 -0.6335154277816809
56.01818554740629 -0.5059493428303224
56.173791618371304 -0.3661572794140234
56.329397689336325 -0.21751723333633774
56.485003760301346 -0.06362100687575398
56.64060983126635 0.09181258507605235
56.796215902231374 0.24502757806365325
56.951821973196395 0.392321618815273
57.107428044161416 0.5301354305065353
57.26303411512643 0.6551388206630576
57.418640186091444 0.764311153369896
57.57424625705646 0.8550143412225384
57.72985232802148 0.9250565932104787
57.8854583989865 0.9727453781019283
58.04106446995152 0.9969283234996017
58.19667054091653 0.9970210622650886
58.35227661188155 0.973021353418801
58.50788268284657 0.925509136291973
58.663488753811585 0.8556325166221607
58.819094824776606 0.7650800232302617
58.97470089574161 0.6560398056807566
59.130306966706634 0.5311467588904089
59.285913037671655 0.3934188523894153
59.441519108636676 0.2461842028020288
59.5971251796017 0.093000651798879
59.75273125056671 -0.06243020712595908
59.908337321531725 -0.21635247555908052
60.06394339249674 -0.365046709319351
60.21954946346176 -0.5049197967137263
60.37515553442678 -0.6325917840402284
60.5307616053918 -0.7449775502491903
60.68636767635681 -0.8393613571409048
60.84197374732183 -0.9134624736365764
60.99757981828685 -0.9654902883492205
61.15318588925187 -0.9941875786907084
61.30879196021689 -0.9988608909414357
61.4643980311819 -0.9793972971655407
61.620004102146915 -0.9362671240503223
61.775610173111936 -0.8705125877290095
61.93121624407696 -0.7837226092199409
62.08682231504198 -0.6779944190527367
62.242428386006985 -0.5558828788838961
62.398034456972006 -0.42033874471611055
62.55364052793703 -0.2746373635557036
62.70924659890204 -0.12229952651274716
62.86485266986706 0.032993609116144976
63.02045874083207 0.18748947292275267
63.17606481179709 0.3374547601196
63.33167088276211 0.4792656447293493
63.48727695372713 0.6094953472810855
63.64288302469215 0.7249969409896343
63.79848909565716 0.8229793954537065
63.95409516662218 0.9010750203201331
64.1097012375872 0.9573966791762305
64.26530730855222 0.9905833911292623
64.42091337951724 0.9998332181365964
64.57651945048225 0.9849226433829679
64.73212552144727 0.9462119724373427
64.88773159241228 0.8846366266735304
65.0433376633773 0.8016845393440242
65.19894373434232 0.6993602005182092
65.35454980530733 0.5801362197184775
65.51015587627235 0.44689357671564506
65.66576194723737 0.3028520042893959
65.82136801820239 0.15149218521458852
65.97697408916741 -0.0035283564607866075
66.13258016013242 -0.15846363740655584
66.28818623109744 -0.3095697345696864
66.44379230206246 -0.45319525494804247
66.59939837302748 -0.5858695694281646
66.7550044439925 -0.7043866785662911
66.91061051495751 -0.8058826837437401
67.06621658592253 -0.8879049916502273
67.22182265688755 -0.9484715798079584
67.37742872785257 -0.9861188910189547
67.53303479881758 -0.9999371993933595
67.6886408697826 -0.9895925933587982
67.84424694074761 -0.9553350444438443
67.99985301171263 -0.8979923668580189
68.15545908267765 -0.8189502138316749
68.31106515364267 -0.7201185940927952
68.46667122460768 -0.603885717591075
68.6222772955727 -0.4730602857610665
68.77788336653772 -0.33080362084755893
68.93348943750274 -0.1805532743492822
69.08909550846776 -0.025939960539650888
69.24470157943277 0.12930017768121121
69.40030765039779 0.28141585055739293
69.55591372136281 0.4267312692631422
69.71151979232783 0.5617349692518648
69.86712586329286 0.6831646628021912
70.02273193425786 0.7880860703476124
70.17833800522288 0.8739638256754224
70.33394407618789 0.9387227416109725
70.48955014715291 0.9807979557369969
70.64515621811793 0.999172744404961
70.80076228908294 0.9934030912845043
70.95636836004796 0.96362841676583
71.11197443101298 0.9105682089451761
71.267580501978 0.8355046376036751
71.42318657294302 0.7402515713029293
71.57879264390803 0.6271107462815985
71.73439871487305 0.49881614630665166
71.89000478583807 0.3584679375087395
72.0456108568031 0.20945755462865717
72.20121692776812 0.0553857489233469
72.35682299873312 -0.10002442194280468
72.51242906969814 -0.2530175594716001
72.66803514066316 -0.3998966714024006
72.82364121162819 -0.5371125074300848
72.97924728259319 -0.6613493248224949
73.13485335355821 -0.769605011460096
73.29045942452322 -0.8592636301699188
73.44606549548824 -0.9281586313614394
73.60167156645326 -0.9746252064666642
73.75727763741828 -0.9975405170935155
73.91288370838329 -0.9963508277777401
74.06848977934831 -0.9710848866858504
74.22409585031333 -0.9223532309320116
74.37970192127835 -0.8513334332954964
74.53530799224337 -0.7597416468433914
74.69091406320838 -0.6497911350666044
74.8465201341734 -0.5241387896248078
75.00212620513842 -0.3858209280687913
75.15773227610345 -0.23817992295158855
75.31333834706847 -0.08478343529437689
75.46894441803347 0.07066179591547489
75.6245504889985 0.2243995249664798
75.78015655996352 0.37271476696683026
75.93576263092852 0.5120235683440556
76.09136870189354 0.6389596110472717
76.24697477285855 0.7504555577105576
76.40258084382357 0.843817172118093
76.55818691478859 0.9167884238917783
76.71379298575361 0.9676060041838253
76.86939905671863 0.9950419350334054
77.02500512768364 0.9984332427565213
77.18061119864866 0.9776979783284768
77.33621726961368 0.9333371976355065
77.4918233405787 0.8664228537439124
77.64742941154373 0.7785718937631386
