0.0 0.0
0.11726770687297346 0.1169991196008776
0.2345354137459469 0.23239114360535787
0.35180312061892044 0.34459105142294766
0.4690708274918938 0.4520576692534938
0.5863385343648673 0.5533148395937233
0.7036062412378409 0.646971697682324
0.8208739481108143 0.7317417763670634
0.9381416549837877 0.8064606769701975
1.055409361856761 0.8701020634258091
1.1726770687297345 0.9217917599941975
1.289944775602708 0.9608197589076327
1.4072124824756818 0.9866499730108957
1.524480189348655 0.9989275994346917
1.6417478962216285 0.9974839931547914
1.7590156030946018 0.9823389834938707
1.8762833099675753 0.9537006017466648
1.993551016840549 0.9119622236697682
2.110818723713522 0.8576971660867349
2.2280864305864956 0.7916508118293107
2.345354137459469 0.7147303711863194
2.4626218443324426 0.6279924204965572
2.579889551205416 0.5326283890551299
2.6971572580783896 0.4299481936845487
2.8144249649513635 0.3213622457655159
2.9316926718243366 0.2083620778781635
3.04896037869731 0.09249985616547847
3.1662280855702836 -0.024632940163648476
3.283495792443257 -0.14142737933420566
3.4007634993162306 -0.2562791772326458
3.5180312061892036 -0.36761073379436515
3.635298913062177 -0.47389280286007057
3.7525666199351506 -0.5736654978446818
3.869834326808124 -0.6655583446856805
3.987102033681098 -0.7483091066243431
4.104369740554071 -0.8207811222433532
4.221637447427044 -0.8819789186061582
4.338905154300018 -0.9310618850365454
4.456172861172991 -0.9673558197159245
4.5734405680459655 -0.9903621904946682
4.690708274918938 -0.9997649827113516
4.8079759817919125 -0.9954350399585011
4.925243688664885 -0.9774318381702479
5.042511395537859 -0.9460026686630874
5.159779102410832 -0.9015792413514676
5.277046809283806 -0.8447717547963088
5.394314516156779 -0.7763605145400514
5.511582223029753 -0.6972852148584722
5.628849929902727 -0.6086320311547324
5.7461176367757 -0.5116187002940596
5.863385343648673 -0.4075777938150227
5.980653050521647 -0.2979384137759801
6.09792075739462 -0.18420656266185273
6.215188464267594 -0.0679444569894754
6.332456171140567 0.049250931240923626
6.44972387801354 0.1657698104942819
6.566991584886514 0.2800116817379254
6.684259291759487 0.3904073228373068
6.801526998632461 0.49544034333344555
6.918794705505435 0.5936680135263939
7.036062412378407 0.6837410817572507
7.153330119251382 0.7644223076792392
7.270597826124354 0.834603456945522
7.387865532997329 0.8933205238753684
7.505133239870301 0.9397669730006619
7.622400946743275 0.9733048176073824
7.739668653616248 0.9934733830976011
7.856936360489222 0.9999956347987874
7.974204067362196 0.9927819833018643
8.091471774235169 0.9719315150580309
8.208739481108141 0.937730631330919
8.326007187981116 0.8906491141993865
8.443274894854088 0.8313336736481929
8.560542601727063 0.7605990643834689
8.677810308600035 0.6794168943920975
8.79507801547301 0.5889022789701929
8.912345722345982 0.4902985235404852
9.029613429218957 0.3849600456548294
9.146881136091931 0.27433377076462107
9.264148842964904 0.15993925730609976
9.381416549837876 0.04334782410164765
9.498684256710849 -0.07383903321765943
9.615951963583825 -0.19001164029704387
9.733219670456798 -0.3035742544856465
9.85048737732977 -0.41296698389881015
9.967755084202743 -0.5166872140355239
10.085022791075717 -0.6133102476358554
10.202290497948692 -0.7015088742700207
10.319558204821664 -0.7800716008519546
10.436825911694639 -0.84791929266371
10.554093618567611 -0.9041199963101797
10.671361325440584 -0.9479017409966033
10.788629032313558 -0.97866314229096
10.905896739186533 -0.9959816627183705
11.023164446059505 -0.9996194157202867
11.140432152932478 -0.9895264332554956
11.257699859805454 -0.9658413521592905
11.374967566678427 -0.9288895098330128
11.4922352735514 -0.879178475421489
11.609502980424372 -0.8173910778619594
11.726770687297346 -0.744376026570951
11.84403839417032 -0.6611362536030032
11.961306101043293 -0.5688151374129147
12.078573807916266 -0.4686807974514094
12.19584151478924 -0.3621086753230828
12.313109221662213 -0.25056264177120013
12.430376928535187 -0.13557488900308715
12.547644635408162 -0.01872488455443
12.664912342281134 0.09838232421860943
12.782180049154107 0.21413815701074898
12.89944775602708 0.32695259596739146
13.016715462900056 0.43527602611130145
13.133983169773028 0.5376205207968293
13.251250876646 0.6325802798155178
13.368518583518973 0.7188509394159602
13.485786290391948 0.7952474889962393
13.603053997264922 0.8607205483658936
13.720321704137895 0.9143707819935563
13.83758941101087 0.9554612522466822
13.954857117883842 0.983427541939714
14.072124824756814 0.9978855071477531
14.189392531629789 0.9986365537933571
14.306660238502763 0.9856703655274712
14.423927945375736 0.9591650454344207
14.541195652248708 0.9194846696145037
14.658463359121681 0.8671742862480922
14.775731065994657 0.8029524288339046
14.89299877286763 0.7277012464393467
15.010266479740602 0.6424543865334111
15.127534186613577 0.5483827968431294
15.24480189348655 0.4467786412587376
15.362069600359524 0.33903755071807556
15.479337307232496 0.2266394528714536
15.59660501410547 0.11112824384995851
15.713872720978443 -0.005909418634910253
15.831140427851416 -0.12286590956312261
15.948408134724392 -0.23813471888416193
16.065675841597365 -0.35013251847988036
16.182943548470337 -0.45732091070121805
16.30021125534331 -0.5582275597416197
16.417478962216283 -0.6514664155874338
16.53474666908926 -0.7357567527498374
16.65201437596223 -0.8099407622629579
16.769282082835204 -0.8729994553051865
16.886549789708177 -0.9240666599920817
17.00381749658115 -0.9624409190814641
17.121085203454125 -0.9875951251642535
17.238352910327098 -0.9991837609924176
17.35562061720007 -0.997047645491166
17.472888324073047 -0.9812161202643253
17.59015603094602 -0.9519066465591528
17.707423737818992 -0.9095218182266533
17.824691444691965 -0.854643831707275
17.94195915156494 -0.7880264890020504
18.059226858437913 -0.71058484347609
18.176494565310886 -0.6233826307192585
18.293762272183862 -0.5276176571133077
18.411029979056835 -0.424605346807555
18.528297685929807 -0.31576067310121453
18.64556539280278 -0.20257872242229924
18.762833099675753 -0.0866141578755252
18.88010080654873 0.030540135552822287
18.997368513421698 0.14727493080435808
19.114636220294674 0.26198676303222335
19.23190392716765 0.37309995473510177
19.34917163404062 0.4790882592053495
19.466439340913595 0.5784958249975596
19.583707047786564 0.669957193450337
19.70097475465954 0.7522160545762128
19.818242461532517 0.824142503689308
19.935510168405486 0.8847485617344908
20.052777875278462 0.9332017461312869
20.170045582151435 0.968836505723912
20.287313289024407 0.9911633627674469
20.404580995897383 0.9998756363760997
20.521848702770356 0.994853655080556
20.63911640964333 0.9761664006308738
20.7563841165163 0.9440705604657046
20.873651823389277 0.8990070018630921
20.99091953026225 0.8415947162037888
21.108187237135223 0.7726223165284463
21.225454944008195 0.6930372051779483
21.342722650881168 0.6039325603097588
21.459990357754144 0.5065323200430221
21.577258064627117 0.4021743704896625
21.69452577150009 0.29229216860002344
21.811793478373065 0.17839505225101615
21.929061185246034 0.062047508036663535
22.04632889211901 -0.0551523184621553
22.163596598991987 -0.1715945747464802
22.280864305864956 -0.28567981427390743
22.398132012737932 -0.3958409663973901
22.515399719610908 -0.5005648615898713
22.632667426483877 -0.5984130162851825
22.749935133356853 -0.6880413918353275
22.867202840229822 -0.768218856175796
22.9844705471028 -0.8378440946102869
23.101738253975775 -0.8959607374287673
23.219005960848744 -0.9417704965665928
23.33627366772172 -0.9746441308599592
23.453541374594693 -0.9941300892793276
23.570809081467665 -0.999960713417746
23.68807678834064 -0.992055914036858
23.80534449521361 -0.9705242711697354
23.922612202086587 -0.935661542669537
24.03987990895956 -0.8879466016905437
24.157147615832532 -0.8280348589041452
24.274415322705508 -0.7567492598020056
24.39168302957848 -0.6750689807471174
24.508950736451453 -0.5841159790433404
24.626218443324426 -0.48513958177121935
24.743486150197402 -0.37949932507722717
24.860753857070375 -0.26864627963535775
24.978021563943347 -0.15410311879378868
25.095289270816323 -0.03744320318987743
25.212556977689292 0.07973103087357362
25.32982468456227 0.19581008243437487
25.44709239143524 0.3091994939168201
25.564360098308214 0.41834175254224276
25.68162780518119 0.5217376842671477
25.79889551205416 0.6179670463826291
25.916163218927135 0.7057080359159287
26.03343092580011 0.7837554458673333
26.15069863267308 0.8510372198891419
26.267966339546057 0.9066291780121706
26.385234046419026 0.9497677111477341
26.502501753292 0.9798602699939819
26.619769460164978 0.9964935042712587
26.737037167037947 0.9994389404863275
26.854304873910923 0.9886561202358535
26.971572580783896 0.9642931559415404
27.08884028765687 0.9266846963833633
27.206107994529845 0.8763473299762538
27.323375701402817 0.8139724889306715
27.44064340827579 0.7404169517652253
27.557911115148762 0.6566910746285125
27.67517882202174 0.563944913084281
27.79244652889471 0.4634524249905862
27.909714235767684 0.3565939714615718
28.026981942640656 0.24483735627807074
28.14424964951363 0.12971766418894579
28.261517356386605 0.012816175043530406
28.378785063259578 -0.10426135661011036
28.49605277013255 -0.21990675811051485
28.613320477005526 -0.332531528483244
28.730588183878496 -0.4405886580317301
28.84785589075147 -0.5425938780055108
28.965123597624448 -0.63714604846106
29.082391304497417 -0.722946404268453
29.199659011370393 -0.7988163949013563
29.316926718243362 -0.8637138729636026
29.43419442511634 -0.9167474090874667
29.551462131989314 -0.9571885365745897
29.668729838862284 -0.9844817575877252
29.78599754573526 -0.9982521734485671
29.903265252608232 -0.9983106342321739
30.020532959481205 -0.9846563369233764
30.13780066635418 -0.9574768364469604
30.255068373227154 -0.9171454694201339
30.372336080100126 -0.8642162260145029
30.4896037869731 -0.7994161403674864
30.60687149384607 -0.7236353040681902
30.724139200719048 -0.6379146398921276
30.84140690759202 -0.5434316037243356
30.958674614464993 -0.44148401106870205
31.075942321337966 -0.33347221030202717
31.19321002821094 -0.22087984754030596
31.310477735083914 -0.10525348733035197
31.427745441956887 0.011818630903859794
31.545013148829863 0.12872840885939751
31.662280855702832 0.24386997813340225
31.77954856257581 0.35566175837234526
31.896816269448784 0.4625681818014507
32.01408397632176 0.5631207857271021
32.13135168319473 0.6559383832863038
32.2486193900677 0.7397460353785357
32.365887096940675 0.8133925631822709
32.48315480381365 0.8758663607048569
32.60042251068662 0.926309290165161
32.71769021755959 0.964028469342517
32.834957924432565 0.9885057889813815
32.952225631305545 0.9994050295209803
33.06949333817852 0.996576479394806
33.18676104505149 0.9800589914631842
33.30402875192446 0.9500794493318124
33.421296458797435 0.9070496508869113
33.53856416567041 0.8515606518546314
33.65583187254339 0.7843746470813695
33.77309957941635 0.7064145010534613
33.89036728628933 0.6187510714645468
34.0076349931623 0.5225884999538156
34.12490270003528 0.4192476720607282
34.24217040690825 0.31014807358999585
34.35943811378122 0.19678829260679734
34.476705820654196 0.08072543488635688
34.59397352752717 -0.03644626443362455
34.71124123440014 -0.15311733920808615
34.82850894127312 -0.2676851998522874
34.945776648146094 -0.37857614645327453
35.063044355019066 -0.4842669850539485
35.18031206189204 -0.5833059501891151
35.29757976876501 -0.6743326462824365
35.414847475637984 -0.7560967339899483
35.53211518251096 -0.8274751048152236
35.64938288938393 -0.8874873080863035
35.7666505962569 -0.9353090183900047
35.88391830312988 -0.970283358475428
36.001186010002854 -0.9919299220956682
36.11845371687583 -0.9999513728503351
36.2357214237488 -0.9942375283873862
36.35298913062177 -0.974866873863857
36.470256837494745 -0.9421054838766358
36.587524544367724 -0.8964033676716006
36.70479225124069 -0.8383882878332117
36.82205995811367 -0.7688571373607441
36.939327664986635 -0.6887649935754623
37.056595371859615 -0.5992119992136551
37.17386307873259 -0.5014282509066116
37.29113078560556 -0.396756902618558
37.40839849247853 -0.28663571613331396
37.525666199351505 -0.1725773120113948
37.64293390622448 -0.0561483922897197
37.76020161309746 0.061051779679854784
37.87746931997043 0.17741334665298786
37.994737026843396 0.2913379704326887
38.112004733716375 0.4012607865839106
38.22927244058935 0.5056718993537177
38.34654014746232 0.6031371215437881
38.4638078543353 0.6923176744529036
38.581075561208266 0.7719885772918478
38.69834326808124 0.8410554734744476
38.81561097495422 0.8985696626592751
38.93287868182719 0.943741132062598
39.05014638870016 0.9759494080448875
39.16741409557313 0.9947520789138561
39.28468180244611 0.9998908718751711
39.40194950931908 0.9912952006580354
39.519217216192054 0.9690831350856097
39.636484923065034 0.9335597792722651
39.753752629938 0.8852130807247224
39.87102033681097 0.8247071279130508
39.98828804368395 0.7528730283759305
40.105555750556924 0.6706974926581254
40.2228234574299 0.5793092808907692
40.34009116430287 0.47996369818380574
40.45735887117584 0.3740253518012432
40.574626578048814 0.262949406966049
40.691894284921794 0.14826159876425163
40.80916199179477 0.03153727470403693
40.92642969866773 -0.08562024419962017
41.04369740554071 -0.20160168658335623
41.160965112413685 -0.31481393562751453
41.27823281928666 -0.4237019120501575
41.39550052615964 -0.5267699346187621
41.5127682330326 -0.6226022647725039
41.630035939905575 -0.70988255315503
41.747303646778555 -0.7874119209406659
41.86457135365153 -0.8541254275898086
41.9818390605245 -0.9091066988329659
42.099106767397465 -0.9516005139539402
42.216374474270445 -0.9810231794737786
42.33364218114342 -0.9969705467428734
42.45090988801639 -0.999223563311946
42.56817759488937 -0.9877512818284071
42.685445301762336 -0.9627112851280603
42.80271300863531 -0.9244475216830634
42.91998071550829 -0.8734855811383947
43.03724842238126 -0.8105254748318598
43.15451612925423 -0.7364320204641286
43.271783836127206 -0.6522229629946713
43.38905154300018 -0.5590549949344878
43.50631924987315 -0.45820786806039154
43.62358695674613 -0.35106681479174395
43.7408546636191 -0.23910352068900323
43.85812237049207 -0.12385590943505313
43.97539007736505 -0.006907017972144931
44.09265778423802 0.11013674803515568
44.209925491110994 0.22566767972906468
44.32719319798397 0.3380988484881911
44.44446090485694 0.4458859039205892
44.56172861172991 0.5475482870039121
44.678996318602884 0.6416895669895306
44.796264025475864 0.7270166227238867
44.91353173234884 0.8023574049129925
45.030799439221816 0.8666770353483859
45.14806714609478 0.9190920219560369
45.265334852967754 0.958882394410968
45.38260255984073 0.9855015936230775
45.49987026671371 0.9985839792526835
45.61713797358668 0.9979498521327527
45.734405680459645 0.9836079226100446
45.851673387332625 0.9557551909000992
45.9689410942056 0.9147742410995474
46.08620880107857 0.8612279860250427
46.20347650795155 0.7958519350635518
46.320744214824515 0.7195440912425333
46.43801192169749 0.6333526162933931
46.55527962857047 0.5384614331405948
46.67254733544344 0.4361739635799894
46.78981504231641 0.32789522452501674
46.907082749189385 0.21511252874616887
47.02435045606236 0.09937505519756364
47.14161816293533 -0.017727430448094526
47.25888586980831 -0.13458641276223246
47.37615357668128 -0.24959672106904648
47.49342128355425 -0.36117857801080394
47.61068899042722 -0.4677992993114259
47.7279566973002 -0.567994346671209
47.84522440417317 -0.6603874446109577
47.96249211104615 -0.7437094849412967
48.07975981791912 -0.8168159591859557
48.19702752479209 -0.878702679508087
48.314295231665064 -0.9285195721973498
48.43156293853804 -0.9655823542511028
48.548830645411016 -0.9893819326605051
48.66609835228398 -0.9995913972933432
48.78336605915696 -0.9960705113195546
48.900633766029934 -0.9788676374991594
49.017901472902906 -0.9482190738731725
49.135169179775886 -0.9045458079824139
49.25243688664885 -0.848447734198173
49.369704593521824 -0.7806954135951955
49.486972300394804 -0.7022194895531748
49.60424000726778 -0.6140979044735794
49.72150771414075 -0.5175410932025136
49.838775421013715 -0.41387535654229124
49.956043127886694 -0.3045246432324412
50.07331083475967 -0.19099099064234654
50.19057854163265 -0.07483389284120431
50.30784624850562 0.04235112055499379
50.425113955378585 0.15895440051952656
50.54238166225156 0.27337428869467223
50.65964936912454 0.38403911771187377
50.77691707599751 0.48942879955681207
50.89418478287048 0.5880957054424014
51.011452489743455 0.6786845503844489
51.12872019661643 0.7599510093462728
51.2459879034894 0.8307788092415637
51.36325561036238 0.890195062020376
51.48052331723535 0.9373836282235255
51.59779102410832 0.9716963274441525
51.7150587309813 0.9926618417099038
51.83232643785427 0.9999921894892242
51.94959414472724 0.9935866813950808
52.06686185160022 0.9735333032506633
52.18412955847319 0.9401075075193692
52.30139726534616 0.8937684296998972
52.41866497221914 0.8351525816579651
52.53593267909211 0.7650651085227798
52.653200385965086 0.6844687292431848
52.77046809283805 0.5944705127156671
52.88773579971103 0.4963066711267488
53.005003506584 0.3913255793879949
53.122271213456976 0.2809692539078466
53.239538920329956 0.16675354510738347
53.35680662720292 0.050247315754814614
53.474074334075894 -0.06694910887577547
53.591342040948874 -0.1832259230133704
53.708609747821846 -0.2969859526227915
53.82587745469482 -0.4066665941284378
53.94314516156779 -0.5107612782794033
54.060412868440764 -0.6078401643292102
54.17768057531374 -0.6965697802756242
54.294948282186716 -0.7757313393829552
54.41221598905969 -0.8442374813917378
54.529483695932655 -0.9011472084592204
54.646751402805634 -0.9456788106710612
54.76401910967861 -0.977220603579887
54.88128681655158 -0.9953393302803569
54.99855452342456 -0.9997861126100367
55.115822230297525 -0.9904998697306732
55.2330899371705 -0.9676081571323363
55.35035764404348 -0.9314254145359061
55.46762535091645 -0.8824486467606596
55.58489305778942 -0.821350596884371
55.70216076466239 -0.7489705054691927
55.81942847153537 -0.6663025827841879
55.93669617840834 -0.5744823523697493
56.05396388528131 -0.47477105352803634
56.17123159215429 -0.3685383169864036
56.28849929902726 -0.25724335170021767
56.40576700590023 -0.1424149012123399
56.52303471277321 -0.02563024488820195
56.64030241964618 0.09150646753545284
56.757570126519155 0.2073862504922897
56.87483783339213 0.3204173835528157
56.9921055402651 0.4290472752375646
57.10937324713807 0.531783789356459
57.22664095401105 0.6272157409365496
57.343908660884026 0.7140322802067912
57.46117636775699 0.7910408983822338
57.57844407462997 0.8571838079207569
57.69571178150294 0.9115524722537401
57.812979488375916 0.9534000854109411
57.930247195248896 0.9821518301197689
58.04751490212186 0.9974127734741608
58.164782608994834 0.9989732917184431
58.28205031586781 0.9868119496315031
58.399318022740786 0.961095794960201
58.51658572961376 0.9221780638576796
