0.0 0.0
0.15095469865489752 0.15038204264565622
0.30190939730979505 0.29734378377189324
0.4528640959646926 0.43754271347774537
0.6038187946195901 0.5677901358001994
0.7547734932744876 0.6851236926768661
0.9057281919293853 0.7868747400608648
1.0566828905842827 0.8707290437800338
1.2076375892391802 0.9347794146688672
1.3585922878940777 0.9775690858354118
1.5095469865489752 0.9981248454870122
1.660501685203873 0.9959791717391915
1.8114563838587705 0.9711808659717602
1.9624110825136678 0.9242939428862292
2.1133657811685653 0.8563848025091509
2.264320479823463 0.7689979759023986
2.4152751784783604 0.6641209962219392
2.5662298771332583 0.5441391941006221
2.7171845757881554 0.41178144549250856
2.868139274443053 0.270058105894217
3.0190939730979505 0.12219254257245928
3.170048671752848 -0.02845217796560956
3.321003370407746 -0.17844977983302834
3.4719580690626435 -0.3243887052629874
3.622912767717541 -0.4629497073586575
3.773867466372438 -0.5909813433170119
3.9248221650273356 -0.7055716511025714
4.075776863682234 -0.8041143793509147
4.226731562337131 -0.8843682641636001
4.377686260992029 -0.9445080045982089
4.528640959646926 -0.9831657774627742
4.679595658301824 -0.9994623471987159
4.830550356956721 -0.9930270632865399
4.981505055611619 -0.9640062903516728
5.132459754266517 -0.913060079235409
5.283414452921413 -0.8413471547444086
5.434369151576311 -0.7504985615185975
5.585323850231209 -0.6425805674180263
5.736278548886106 -0.5200476681570848
5.887233247541004 -0.38568676205253777
6.038187946195901 -0.24255376457949956
6.189142644850799 -0.0939041043790702
6.340097343505696 0.05688131847783601
6.491052042160593 0.20637302795917165
6.642006740815492 0.35117097235607597
6.792961439470389 0.48798185533796934
6.943916138125287 0.6136940389545795
7.094870836780184 0.7254483149848374
7.245825535435082 0.8207029350033122
7.396780234089979 0.8972914201149886
7.547734932744876 0.953471835529058
7.698689631399774 0.9879664092667535
7.849644330054671 0.9999905939120993
8.00059902870957 0.9892709104227265
8.151553727364467 0.9560511681596552
8.302508426019363 0.9010869196671807
8.453463124674261 0.8256282763237958
8.60441782332916 0.7313914757064094
8.755372521984057 0.6205198473420469
8.906327220638955 0.49553506464519087
9.057281919293851 0.3592797917706956
9.20823661794875 0.2148530298269523
9.359191316603647 0.06553963294036223
9.510146015258545 -0.08526440273650081
9.661100713913441 -0.23412917784008216
9.81205541256834 -0.3776688997084615
9.963010111223237 -0.5126188891275089
10.113964809878134 -0.6359098324628604
10.264919508533033 -0.7447375903811146
10.41587420718793 -0.8366269754249462
10.566828905842826 -0.9094880478797838
10.717783604497725 -0.9616636495341855
10.868738303152622 -0.9919670942221972
11.01969300180752 -0.9997091579109068
11.170647700462418 -0.9847137544684053
11.321602399117314 -0.9473219405812257
11.472557097772212 -0.8883841587330719
11.62351179642711 -0.8092408946711782
11.774466495082008 -0.7116921892884625
11.925421193736906 -0.5979566983457326
12.076375892391802 -0.4706212311829855
12.227330591046698 -0.33258191611547944
12.378285289701598 -0.18697833065365524
12.529239988356496 -0.037122094694591753
12.680194687011392 0.11357844923272328
12.83114938566629 0.2616957555895855
12.982104084321186 0.4038610322045861
13.133058782976086 0.5368408603592416
13.284013481630984 0.6576107359286687
13.43496818028588 0.7634238589516283
13.585922878940778 0.8518736070742647
13.736877577595674 0.9209482719664202
13.887832276250574 0.9690768137810005
14.03878697490547 0.9951645930131813
14.189741673560368 0.9986182670711468
14.340696372215264 0.9793592853086878
14.491651070870164 0.9378256755875463
14.642605769525062 0.8749620817357826
14.793560468179958 0.7921982784910236
14.944515166834856 0.6914166525864889
15.095469865489752 0.574909389592655
15.246424564144652 0.4453263402605156
15.397379262799548 0.30561475209865063
15.548333961454446 0.15895223693399718
15.699288660109342 0.00867449904769741
15.85024335876424 -0.14180053235683987
16.00119805741914 -0.2890504408162303
16.152152756074038 -0.4297261623280354
16.303107454728934 -0.5606281567372734
16.45406215338383 -0.6787791783402977
16.605016852038727 -0.7814919906054036
16.755971550693626 -0.8664304849010465
16.906926249348523 -0.9316628131422674
17.057880948003422 -0.9757053259020937
17.20883564665832 -0.9975563166558525
17.359790345313215 -0.9967188046765842
17.510745043968114 -0.9732118384054771
17.66169974262301 -0.9275700622125614
17.81265444127791 -0.8608315564012758
17.963609139932807 -0.7745142270248612
18.114563838587703 -0.6705812825065053
18.265518537242603 -0.5513965822658533
18.4164732358975 -0.41967087290638083
18.567427934552395 -0.27840013477216385
18.718382633207295 -0.1307974411250673
18.86933733186219 0.019780120257200377
19.02029203051709 0.1699078009610357
19.171246729171987 0.31617108469589217
19.322201427826883 0.45524334733303784
19.473156126481783 0.583961517917736
19.62411082513668 0.6993980198146169
19.77506552379158 0.798927355750952
19.926020222446475 0.8802858223420713
20.07697492110137 0.9416229959469389
20.227929619756267 0.9815438188552936
20.378884318411167 0.9991403285947038
20.529839017066067 0.9940123087035527
20.680793715720963 0.9662763912870896
20.83174841437586 0.9165634043272535
20.982703113030755 0.8460040240792821
21.13365781168565 0.7562030588781711
21.28461251034055 0.6492029492461973
21.43556720899545 0.5274373144580694
21.586521907650347 0.39367560210442
21.737476606305243 0.2509600995485141
21.88843130496014 0.10253673989279544
22.03938600361504 -0.04821872378998791
22.19034070226994 -0.19787749686169903
22.341295400924835 -0.34303572790546205
22.49225009957973 -0.48039192620164034
22.643204798234628 -0.6068220511036984
22.794159496889527 -0.7194505654750553
22.945114195544424 -0.8157158371416969
23.096068894199323 -0.8934284008645864
23.24702359285422 -0.9508207557167265
23.397978291509116 -0.9865875652693122
23.548932990164015 -0.999915346270585
23.69988768881891 -0.9905009705756728
23.85084238747381 -0.9585585595179952
24.001797086128708 -0.9048146139160849
24.152751784783604 -0.8304914904793455
24.303706483438503 -0.7372796004267366
24.454661182093396 -0.6272989626352937
24.605615880748296 -0.5030509857567772
24.756570579403196 -0.36736157597404423
24.907525278058092 -0.22331686435889492
25.05847997671299 -0.07419301565369464
25.209434675367884 0.07661828508836555
25.360389374022784 0.22568697326650772
25.511344072677684 0.36962261840309846
25.66229877133258 0.5051515363727017
25.81325346998748 0.6291912463424962
25.964208168642372 0.7389205789692852
26.115162867297272 0.8318438413065975
26.26611756595217 0.9058475790498427
26.417072264607068 0.9592486451144817
26.568026963261968 0.9908324812714479
26.71898166191686 0.9998807421591777
26.86993636057176 0.9861876333894728
27.02089105922666 0.9500645921519503
27.171845757881556 0.8923332038610478
27.322800456536452 0.8143065159499265
27.47375515519135 0.7177591738118967
27.624709853846248 0.6048870581199469
27.775664552501148 0.4782573415365154
27.92661925115604 0.34075010072777356
28.07757394981094 0.1954928116635456
28.228528648465836 0.045789218047228464
28.379483347120736 -0.10495580930216745
28.530438045775636 -0.2533137131113283
28.68139274443053 -0.39591022904064155
28.83234744308543 -0.5295021302292771
28.983302141740328 -0.6510509915130329
29.134256840395224 -0.7577922956156512
29.285211539050124 -0.8472983095566293
29.436166237705017 -0.9175333012093485
29.587120936359916 -0.9668998401596517
29.738075635014816 -0.9942751297942585
29.889030333669712 -0.9990365442790963
30.039985032324612 -0.9810757896123646
30.190939730979505 -0.9408013666722008
30.341894429634404 -0.8791292802391758
30.492849128289304 -0.7974622053084007
30.643803826944197 -0.6976575845343234
30.794758525599097 -0.5819853824025413
30.945713224253993 -0.45307645697128185
31.096667922908892 -0.3138627234197879
31.247622621563792 -0.16751047032888802
31.398577320218685 -0.017348345353660415
31.549532018873585 0.13320835181203414
31.70048671752848 0.2807353472920287
31.85144141618338 0.42187727499395344
32.00239611483828 0.5534239913309765
32.15335081349318 0.6723835869910174
32.304305512148076 0.7760504351676579
32.45526021080297 0.8620667285582803
32.60621490945787 0.9284761055268693
32.75716960811277 0.9737681457535917
32.90812430676766 0.9969127233585235
33.05907900542256 0.9973834361692014
33.21003370407745 0.975169578254829
33.36098840273235 0.9307763834228456
33.51194310138725 0.8652135341397516
33.662897800042145 0.7799721972302285
33.813852498697045 0.6769911086564866
33.964807197351945 0.558612478748457
34.115761896006845 0.4275287207798123
34.266716594661744 0.286721214499515
34.41767129331664 0.13939249738613882
34.56862599197154 -0.011106574127395857
34.71958069062643 -0.16135303680748067
34.87053538928133 -0.30792967277657407
35.02149008793623 -0.4475027309970019
35.17244478659112 -0.5768977503781733
35.32339948524602 -0.6931717599801622
35.47435418390092 -0.7936802141862512
35.62530888255582 -0.8761371404654938
35.77626358121072 -0.9386671317195567
35.92721827986561 -0.9798480006956725
36.07817297852051 -0.9987431263302391
36.229127677175406 -0.9949227563351456
36.380082375830305 -0.9684737815190881
36.531037074485205 -0.9199977595358858
36.6819917731401 -0.8505972330078366
36.832946471795 -0.7618506532058197
36.98390117044989 -0.6557764796240748
37.13485586910479 -0.5347872719717834
37.28581056775969 -0.40163481871708223
37.43676526641459 -0.2593475501842923
37.58771996506949 -0.1111616596860916
37.73867466372438 0.039552500722768044
37.88962936237928 0.1893670758092191
38.04058406103418 0.3348746705825725
38.191538759689074 0.47276584836584423
38.342493458343974 0.5999044008951528
38.493448156998866 0.71339867849781
38.644402855653766 0.8106673580098338
38.795357554308666 0.8894981526017942
38.946312252963565 0.9480981282120413
39.097266951618465 0.9851344821861389
39.24822165027336 0.999764856649817
39.39917634892826 0.9916564971655958
39.55013104758316 0.9609938209270168
39.70108574623805 0.9084742223588638
39.85204044489295 0.835292211521121
40.00299514354784 0.7431122460741576
40.15394984220274 0.6340308747170748
40.30490454085764 0.5105290531120634
40.455859239512534 0.37541571682520697
40.606813938167434 0.23176389466542205
40.757768636822334 0.08284081546507076
40.908723335477234 -0.06796640204076126
41.05967803413213 -0.2172277861207418
41.210632732787026 -0.3615485236058324
41.361587431441926 -0.4976461717986357
41.51254213009682 -0.6224253146194408
41.66349682875172 -0.7330479650036242
41.81445152740662 -0.8269981123123112
41.96540622606151 -0.9021389466848514
42.11636092471641 -0.9567614588176581
42.2673156233713 -0.9896233098120416
42.4182703220262 -0.9999770870320973
42.5692250206811 -0.9875873033190208
42.720179719336 -0.9527357529303816
42.8711344179909 -0.8962151023884004
43.022089116645795 -0.8193108620075197
43.173043815300694 -0.7237721481422981
43.323998513955594 -0.6117719011415177
43.47495321261049 -0.48585746381455697
43.62590791126539 -0.34889264445745843
43.77686260992028 -0.20399258216206032
43.92781730857518 -0.054452895836789285
44.07877200723008 0.0963252716202097
44.22972670588498 0.24491260919429914
44.38068140453988 0.38792963428549454
44.53163610319477 0.5221235559380581
44.68259080184967 0.6444422565849697
44.83354550050457 0.7521037096603127
44.98450019915946 0.8426592542398255
45.13545489781436 0.9140492875859281
45.286409596469255 0.9646501089213847
45.437364295124155 0.9933108490130608
45.588318993779055 0.9993796456361915
45.73927369243395 0.9827184695823304
45.89022839108885 0.943706264006987
46.04118308974375 0.8832303257154034
46.19213778839865 0.8026661244111957
46.343092487053546 0.7038460189005338
46.49404718570844 0.5890175817730824
46.64500188436334 0.4607924804265464
46.79595658301823 0.3220870770890838
46.94691128167313 0.17605609883740198
47.09786598032803 0.0260208862252688
47.24882067898292 -0.12460614755863535
47.39977537763782 -0.2723991288963512
47.55073007629272 -0.41399664209131803
47.70168477494762 -0.5461781816828679
47.85263947360252 -0.6659373998867151
48.003594172257415 -0.7705504832156802
48.154548870912315 -0.8576381031171995
48.30550356956721 -0.9252195316171566
48.45645826822211 -0.9717576911595125
48.60741296687701 -0.9961941140243591
48.75836766553191 -0.9979730162046209
48.90932236418679 -0.9770539382031228
49.06027706284169 -0.9339126652467047
49.21123176149659 -0.8695304059879869
49.36218646015149 -0.7853714758152442
49.51314115880639 -0.6833499923430434
49.664095857461284 -0.5657863405641353
49.815050556116184 -0.43535439782273017
49.96600525477108 -0.29502071892877396
50.11695995342598 -0.14797706459187276
50.26791465208088 0.0024321922462217944
50.41886935073577 0.15278613110425016
50.56982404939067 0.2996650896576735
50.72077874804557 0.4397284408191417
50.87173344670047 0.5697905722351815
51.02268814535537 0.6868933401149855
51.17364284401026 0.7883733494955532
51.32459754266516 0.8719225307153263
51.47555224132006 0.9356406343399603
51.62650693997496 0.9780784505914273
51.77746163862986 0.9982707702941364
51.928416337284744 0.995758337671636
52.079371035939644 0.9705982956976812
52.230325734594544 0.9233628864317497
52.381280433249444 0.8551264358986804
52.53223513190434 0.7674409195293961
52.683189830559236 0.6623006639043411
52.834144529214136 0.5420969876260452
52.985099227869036 0.4095638129726086
53.136053926523935 0.2677154853450223
53.287008625178835 0.11977821474799369
53.43796332383372 -0.03088330139515427
53.58891802248862 -0.18084240519686792
53.73987272114352 -0.32668841449349006
53.89082741979842 -0.465104195680353
54.04178211845332 -0.592941608870698
54.19273681710821 -0.7072931094476151
54.34369151576311 -0.8055578774974455
54.494646214418005 -0.8855009710713055
54.645600913072904 -0.9453041578882249
54.796555611727804 -0.9836072693593338
54.9475103103827 -0.9995391363738907
55.0984650090376 -0.9927374032410284
55.249419707692496 -0.9633567691373214
55.400374406347396 -0.9120654696160208
55.551329105002296 -0.8400300782027907
55.70228380365718 -0.7488889737517116
55.85323850231208 -0.640715077022129
56.00419320096698 -0.5179687039988358
56.15514789962188 -0.3834416082633681
56.30610259827678 -0.24019348512144323
56.45705729693167 -0.09148238164183141
56.60801199558657 0.05930940463358445
56.75896669424147 0.20875225294263627
56.90992139289637 0.3534472228789739
57.06087609155127 0.49010336017160283
57.21183079020616 0.6156125464188935
57.36278548886106 0.727120190388629
57.51374018751596 0.8220901530751895
57.66469488617086 0.8983624298532795
57.815649584825756 0.9542022778003788
57.966604283480656 0.9883396708321388
58.11755898213555 0.9999981852798728
58.26851368079045 0.9889126589341969
58.41946837944535 0.955335221916078
58.57042307810025 0.9000295622086744
58.72137777675515 0.8242535562751715
58.87233247541003 0.7297306598132821
59.02328717406493 0.6186107093373807
59.17424187271983 0.49342102612044175
59.32519657137473 0.3570089345915625
59.47615127002963 0.2124770025554826
59.627105968684525 0.06311247613581986
59.778060667339425 -0.0876874856205695
59.929015365994324 -0.23649307600770708
60.079970064649224 -0.379919848465717
60.230924763304124 -0.5147056927111298
60.38187946195901 -0.6377850284408721
60.53283416061391 -0.7463585291423098
60.68378885926881 -0.8379567902051156
60.83474355792371 -0.9104964932624316
60.98569825657861 -0.9623277893547663
61.136652955233494 -0.992271823230126
61.287607653888394 -0.9996475453246216
61.43856235254329 -0.9842872016096247
61.58951705119819 -0.9465401490031747
61.74047174985309 -0.8872649095675614
61.891426448507985 -0.8078096442130862
62.042381147162885 -0.7099814900156632
62.193335845817785 -0.5960054585428795
62.344290544472685 -0.46847383000828585
62.495245243127584 -0.33028719423748226
62.64619994178247 -0.184588479415093
62.79715464043737 -0.03469146906814833
62.94810933909227 0.11599456689832632
63.09906403774717 0.264042412915875
63.25001873640207 0.40608485662474986
63.40097343505696 0.5388912730281543
63.55192813371186 0.6594411020923241
63.70288283236676 0.7649925486117873
63.85383753102166 0.8531449418245564
64.00479222967655 0.9218933364649459
64.15574692833145 0.9696741134032487
64.30670162698635 0.9954005427275249
64.45765632564125 0.9984875004179179
64.60861102429615 0.9788647764553784
64.75956572295105 0.9369786716840994
64.91052042160594 0.8737818471084958
65.06147512026084 0.7907116564931123
65.21242981891574 0.6896574550706774
65.36338451757064 0.5729176278916143
65.51433921622554 0.4431473151658355
65.66529391488042 0.3032980235359221
65.81624861353532 0.1565504967677679
65.96720331219022 0.006242372653411099
66.11815801084512 -0.14420772849687113
66.26911270950002 -0.2913779572354449
66.4200674081549 -0.4319210618019665
66.5710221068098 -0.5626405182921724
66.7219768054647 -0.6805632326598098
66.8729315041196 -0.7830071610116722
67.0238862027745 -0.8676423102340023
67.17484090142939 -0.9325437315470825
67.32579560008429 -0.9762353016982793
67.47675029873919 -0.9977232960304067
67.62770499739409 -0.9965189898369075
67.77865969604899 -0.972649773956681
67.92961439470389 -0.9266585317945955
68.08056909335879 -0.859591291936774
68.23152379201369 -0.7729734371905873
68.38247849066859 -0.6687750111528983
68.53343318932349 -0.5493659113768179
68.68438788797837 -0.41746198822727926
68.83534258663327 -0.27606327535740305
68.98629728528817 -0.12838575669696012
69.13725198394307 0.022211778150103566
69.28820668259797 0.17230412649205498
69.43916138125286 0.3184775756404793
69.59011607990776 0.4574075446718748
69.74107077856266 0.5859341989689345
69.89202547721756 0.7011343177584579
70.04298017587246 0.8003877800845042
70.19393487452734 0.8814371570544339
70.34488957318224 0.9424390549869341
70.49584427183714 0.9820060417091431
70.64679897049204 0.9992382024278849
70.79775366914694 0.9937436074655711
70.94870836780184 0.9656472263409527
71.09966306645674 0.9155880854521292
71.25061776511164 0.8447047340077074
71.40157246376654 0.7546093487701625
71.55252716242144 0.6473510665752451
71.70348186107633 0.5253693785956335
71.85443655973123 0.39143864635345177
72.00539125838613 0.24860500141419473
72.15634595704103 0.1001170639203687
72.30730065569593 -0.05064794429162477
72.45825535435081 -0.2002610115020827
72.60921005300571 -0.34531932583201996
72.76016475166061 -0.48252366907572114
72.91111945031551 -0.6087534543904266
73.06207414897041 -0.7211377011795689
73.2130288476253 -0.8171203329110672
73.3639835462802 -0.8945183127317786
73.5149382449351 -0.951571294636788
73.66589294359 -0.9869816609234492
73.8168476422449 -0.9999440353148962
73.96780234089978 -0.9901636005041814
74.11875703955468 -0.9578628035032944
74.26971173820958 -0.9037762962900707
74.42066643686448 -0.8291342268233152
74.57162113551938 -0.7356342604566717
74.72257583417428 -0.6254029680984968
74.87353053282918 -0.5009474593085976
75.02448523148408 -0.36509836039265076
75.17543993013898 -0.22094543440520384
75.32639462879388 -0.07176730732519344
