0.0 0.0
0.05871285822154576 0.058679131543791396
0.11742571644309152 0.11715604250296584
0.1761385746646373 0.17522920918742016
0.23485143288618304 0.23269849929443392
0.2935642911077288 0.28936586160652644
0.3522771493292746 0.3450360085174574
0.4109900075508204 0.399517089034244
0.4697028657723661 0.452621349935889
0.5284157239939119 0.5041657828103274
0.5871285822154576 0.5539727547397674
0.6458414404370034 0.6018706204609512
0.7045542986585492 0.6476943138907039
0.7632671568800949 0.6912859169782484
0.8219800151016408 0.7324952039239041
0.8806928733231865 0.7711801588886738
0.9394057315447322 0.8072074654105883
0.998118589766278 0.8404529658411725
1.0568314479878238 0.8708020892187219
1.1155443062093695 0.8981502461038471
1.1742571644309152 0.9224031890166008
1.232970022652461 0.9434773372330445
1.2916828808740068 0.9613000648219401
1.3503957390955525 0.9758099509289277
1.4091085973170985 0.986956991445663
1.467821455538644 0.9947027713344528
1.5265343137601899 0.9990205970145265
1.5852471719817356 0.999895588353709
1.6439600302032815 0.9973247299484742
1.7026728884248272 0.9913168815156586
1.761385746646373 0.9818927473600193
1.8200986048679186 0.9690848050228615
1.8788114630894643 0.9529371933576247
1.9375243213110103 0.9335055604181431
1.996237179532556 0.9108568716837911
2.0549500377541015 0.8850691792824065
2.1136628959756476 0.8562313530063005
2.1723757541971933 0.8244427740483308
2.231088612418739 0.7898129925134815
2.2898014706402847 0.7524613498862448
2.3485143288618304 0.7125165677548541
2.4072271870833766 0.6701163042097151
2.465940045304922 0.6254066794447793
2.5246529035264675 0.5785417721967293
2.5833657617480137 0.5296830887573658
2.6420786199695594 0.47899900638907866
2.700791478191105 0.42666419306151265
2.759504336412651 0.3728590055091402
2.818217194634197 0.3177688676841567
2.8769300528557427 0.26158363174668364
2.935642911077288 0.2044969237944359
2.994355769298834 0.14670547658661026
3.0530686275203798 0.08840845156157227
3.111781485741926 0.029806752484796754
3.170494343963471 -0.028897666907606777
3.229207202185017 -0.08750249888379685
3.287920060406563 -0.14580577891103733
3.3466329186281083 -0.2036065816678028
3.4053457768496544 -0.2607057134745484
3.4640586350712 -0.31690639875686855
3.522771493292746 -0.3720149581753688
3.5814843515142916 -0.4258414760852565
3.6401972097358373 -0.4782004550254539
3.6989100679573834 -0.5289114549817233
3.7576229261789287 -0.5777997152207692
3.8163357844004744 -0.6246967565523536
3.8750486426220205 -0.6694409619438894
3.9337615008435662 -0.7118781334866059
3.992474359065112 -0.7518620237938589
4.051187217286658 -0.7892548400002725
4.109900075508203 -0.82392771862483
4.168612933729749 -0.8557611696614377
4.227325791951295 -0.8846454883665235
4.286038650172841 -0.9104811333245767
4.344751508394387 -0.9331790694887258
4.403464366615932 -0.9526610750141694
4.462177224837478 -0.9688600108270461
4.520890083059023 -0.981720051999752
4.579602941280569 -0.9911968801353427
4.638315799502116 -0.9972578360980148
4.697028657723661 -0.9998820325633335
4.755741515945206 -0.9990604260003297
4.814454374166753 -0.9947958478374024
4.873167232388298 -0.987102994704624
4.931880090609844 -0.9760083777860722
4.99059294883139 -0.961550231456734
5.049305807052935 -0.9437783815188375
5.108018665274482 -0.9227540734916938
5.166731523496027 -0.8985497615468052
5.225444381717573 -0.8712488588156028
5.284157239939119 -0.8409454499303158
5.342870098160664 -0.807743966788614
5.40158295638221 -0.7717588286593988
5.460295814603756 -0.7331140478700272
5.519008672825302 -0.6919428024338417
5.577721531046847 -0.6483869770908245
5.636434389268394 -0.6025966743430498
5.695147247489939 -0.5547296971700091
5.753860105711485 -0.5049510052064654
5.812572963933031 -0.45343214625698886
5.871285822154576 -0.4003506651062656
5.929998680376123 -0.34588949166256333
5.988711538597668 -0.2902363105429369
6.047424396819213 -0.23358291427269504
6.1061372550407595 -0.17612454232817013
6.164850113262305 -0.1180592083005687
6.223562971483852 -0.05958701749963136
6.282275829705397 -0.0009094773488104353
6.340988687926942 0.0577711970515526
6.3997015461484885 0.1162527797998346
6.458414404370034 0.17433373110596626
6.51712726259158 0.23181389183979126
6.575840120813126 0.28849517332136987
6.634552979034671 0.3441822399760858
6.693265837256217 0.39868318250197426
6.751978695477763 0.4518101792293929
6.810691553699309 0.5033801433938557
6.869404411920855 0.5532153540913948
6.9281172701424 0.6011440687420386
6.986830128363946 0.6470011149507374
7.045542986585492 0.6906284597260489
7.104255844807038 0.731875754094945
7.162968703028583 0.7706008512368826
7.221681561250129 0.8066702963515383
7.2803944194716745 0.8399597865720146
7.33910727769322 0.8703545993385728
7.397820135914767 0.8977499877566145
7.456532994136312 0.9220515415764301
7.515245852357857 0.943175512550709
7.5739587105794035 0.9610491030485483
7.632671568800949 0.9756107169313444
7.691384427022496 0.9868101718259973
7.750097285244041 0.9946088720638827
7.808810143465586 0.9989799416896168
7.8675230016871325 0.9999083170812293
7.926235859908678 0.9973907988625621
7.984948718130224 0.99143606292899
8.04366157635177 0.9820646305484673
8.102374434573315 0.9693087976409375
8.16108729279486 0.9532125234798248
8.219800151016406 0.9338312791991658
8.278513009237953 0.9112318566284556
8.337225867459498 0.8854921381140091
8.395938725681043 0.8567008281200688
8.45465158390259 0.8249571475346341
8.513364442124136 0.7903704917334906
8.572077300345683 0.7530600535808117
8.630790158567228 0.713154412665579
8.689503016788773 0.6707910921893636
8.748215875010318 0.6261160850325583
8.806928733231864 0.5792833506323144
8.86564159145341 0.5304542844060551
8.924354449674956 0.4797971615490494
8.983067307896501 0.4274865571228151
9.041780166118047 0.37370274443287727
9.100493024339594 0.31863107376917454
9.159205882561139 0.26246133365012303
9.217918740782686 0.20538709677159647
9.276631599004231 0.1476050529148628
9.335344457225776 0.08931433111236603
9.394057315447322 0.030715813407356025
9.452770173668869 -0.027988557427734626
9.511483031890412 -0.08659647382839648
9.57019589011196 -0.14490596063232739
9.628908748333506 -0.20271607112814638
9.68762160655505 -0.25982757955988417
9.746334464776597 -0.3160436677006997
9.805047322998142 -0.3711706031297148
9.863760181219687 -0.4250184068745552
9.922473039441234 -0.4774015081186966
9.98118589766278 -0.5281393837173831
10.039898755884327 -0.5770571803182273
10.09861161410587 -0.6239863169424931
10.157324472327417 -0.6687650659504943
10.216037330548964 -0.7112391103889165
10.274750188770508 -0.7512620757993868
10.333463046992055 -0.7886960346555392
10.3921759052136 -0.8234119816901609
10.450888763435145 -0.8552902784743915
10.509601621656692 -0.8842210657168158
10.568314479878238 -0.9101046418616034
10.627027338099783 -0.9328518066809696
10.685740196321328 -0.9523841686778499
10.744453054542875 -0.9686344152394294
10.80316591276442 -0.9815465446105106
10.861878770985966 -0.9910760588873014
10.920591629207513 -0.9971901173665151
10.979304487429056 -0.9998676497213157
11.038017345650603 -0.9990994286140816
11.09673020387215 -0.9948881014957434
11.155443062093694 -0.9872481814821141
11.21415592031524 -0.976205997338649
11.272868778536788 -0.9617996027460045
11.331581636758333 -0.9440786451590787
11.390294494979878 -0.923104194711476
11.449007353201424 -0.8989485337550301
11.50772021142297 -0.8716949077596696
11.566433069644516 -0.8414372384320867
11.625145927866061 -0.8082798000418481
11.683858786087608 -0.7723368600704107
11.742571644309152 -0.7337322854214395
11.801284502530699 -0.6925991155494859
11.859997360752246 -0.6490791039781614
11.91871021897379 -0.6033222297877813
11.977423077195336 -0.5554861807560147
12.036135935416882 -0.5057358099327747
12.094848793638427 -0.4542425675220435
12.153561651859974 -0.4011839100285456
12.212274510081519 -0.34674268870544755
12.270987368303064 -0.29110651941061044
12.32970022652461 -0.23446713604303124
12.388413084746157 -0.17701972978764224
12.447125942967704 -0.11896227644558705
12.505838801189247 -0.06049485416811861
12.564551659410794 -0.0018189539453473918
12.623264517632338 0.056863214773912
12.681977375853885 0.11534942093830655
12.740690234075432 0.1734381088245043
12.799403092296977 0.23092909264046924
12.858115950518522 0.287624246407655
12.916828808740068 0.3433281867446427
12.975541666961615 0.39784894619922306
13.03425452518316 0.4509986348084604
13.092967383404705 0.5025940876068908
13.151680241626252 0.5524574958513737
13.210393099847796 0.6004170197872779
13.269105958069343 0.6463073808443047
13.32781881629089 0.6899704312210592
13.386531674512433 0.7312556988955262
13.44524453273398 0.7700209061831993
13.503957390955525 0.8061324600557822
13.56267024917707 0.8394659125307752
13.621383107398618 0.8699063895452975
13.680095965620163 0.8973489868361801
13.73880882384171 0.9216991314620473
13.797521682063254 0.9428729077214848
13.8562345402848 0.9607973463441416
13.914947398506348 0.975410675958119
13.973660256727891 0.9866625359670683
14.032373114949438 0.9945141501033609
14.091085973170983 0.9989384600592285
14.149798831392529 0.9999202187353661
14.208511689614076 0.9974560427856295
14.267224547835621 0.9915544242767562
14.325937406057166 0.9822357014229232
14.384650264278712 0.9695319884959984
14.443363122500259 0.9534870651530298
14.502075980721804 0.9341562255623742
14.560788838943349 0.9116060878484019
14.619501697164896 0.8859143645114804
14.67821455538644 0.8571695946144159
14.736927413607987 0.8254708386582778
14.795640271829534 0.7909273371991639
14.854353130051077 0.753658134382346
14.913065988272624 0.7137916676911894
14.97177884649417 0.6714653253246844
15.030491704715715 0.6268249727289069
15.089204562937262 0.5800244499141269
15.147917421158807 0.5312250412898981
15.206630279380354 0.48059491984517144
15.265343137601898 0.42830856758894564
15.324055995823445 0.37454617424867903
15.382768854044992 0.31949301629874727
15.441481712266535 0.2633388184588753
15.500194570488082 0.2062770998629821
15.558907428709627 0.14850450715171196
15.617620286931173 0.090220136786881
15.67633314515272 0.031624848923352
15.735046003374265 -0.027079424797147728
15.79375886159581 -0.08569037714479308
15.852471719817355 -0.14400602249476524
15.911184578038903 -0.20182539291204832
15.969897436260448 -0.25894923072904297
16.028610294481993 -0.3151806752292576
16.08732315270354 -0.37032594107058797
16.146036010925084 -0.424194986110211
16.20474886914663 -0.4766021663296539
16.263461727368178 -0.5273668756029656
16.32217458558972 -0.5763141681032865
16.380887443811268 -0.6232753612028396
16.43960030203281 -0.6680886167885955
16.49831316025436 -0.71059949899035
16.557026018475906 -0.7506615063990767
16.61573887669745 -0.7881365769414951
16.674451734918996 -0.8228955636709137
16.733164593140543 -0.8548186798346604
16.791877451362087 -0.883795911684343
16.850590309583634 -0.9097273976062865
16.90930316780518 -0.9325237722655707
16.968016026026724 -0.9521064745777091
17.02672888424827 -0.9684080184466124
17.08544174246982 -0.9813722253358115
17.144154600691365 -0.9909544178714725
17.20286745891291 -0.9971215738099886
17.261580317134456 -0.9998524398395524
17.320293175356 -0.9991376048235215
17.379006033577546 -0.9949795322331683
17.437718891799094 -0.9873925516580412
17.496431750020637 -0.9764028094231977
17.555144608242184 -0.9620481784834852
17.613857466463728 -0.9443781279054069
17.672570324685275 -0.9234535523863445
17.73128318290682 -0.8993465623986766
17.789996041128365 -0.8721402356819761
17.848708899349912 -0.8419283309397037
17.907421757571456 -0.8088149647270783
17.966134615793003 -0.772914252643594
18.02484747401455 -0.7343499160667631
18.083560332236093 -0.6932548557823146
18.14227319045764 -0.6497706939802276
18.200986048679187 -0.6040472861949994
18.25969890690073 -0.5562422048720621
18.318411765122278 -0.5065201963401037
18.377124623343825 -0.45505261306071154
18.435837481565372 -0.40201682311186765
18.494550339786915 -0.3475955989403876
18.553263198008462 -0.2919764874897521
18.61197605623001 -0.23535116387405552
18.670688914451553 -0.17791477082538396
18.7294017726731 -0.119865246191054
18.788114630894643 -0.061402640798333595
18.84682748911619 -0.002728429037338901
18.905540347337737 0.055955185461912145
18.964253205559285 0.1144459666655986
19.022966063780824 0.17254234308384087
19.08167892200237 0.23004410242832599
19.14039178022392 0.2867530815857693
19.199104638445466 0.3424738495295597
19.257817496667013 0.3970143808160267
19.316530354888556 0.4501867173443585
19.3752432131101 0.5018076160996173
19.433956071331647 0.5516991806465642
19.492668929553194 0.5996894741980503
19.55138178777474 0.6456131121452272
19.610094645996284 0.6893118320075635
19.66880750421783 0.730635038838529
19.727520362439375 0.7694403242073231
19.78623322066092 0.8055939569681914
19.84494607888247 0.8389713441259627
19.903658937104012 0.8694574602096298
19.96237179532556 0.8969472436742322
20.021084653547106 0.9213459589649471
20.079797511768653 0.9425695229956724
20.138510369990197 0.96054479491696
20.19722322821174 0.9752098281747135
20.255936086433287 0.9865140839909934
20.314648944654834 0.9944186055312363
20.37336180287638 0.998896152157673
20.43207466109793 0.9999312933062747
20.49078751931947 0.9975204616637104
20.549500377541015 0.9916719654610552
20.608213235762562 0.9824059598418857
20.66692609398411 0.9697543774034317
20.725638952205657 0.9537608181501536
20.7843518104272 0.9344803992389907
20.843064668648744 0.9119795650340852
20.90177752687029 0.8863358581255788
20.960490385091838 0.8576376521016013
21.019203243313385 0.8259838469943608
21.077916101534928 0.79148352844991
21.136628959756475 0.7542555917961404
21.195341817978022 0.714428332304578
21.254054676199566 0.6721390030579857
21.312767534421113 0.6275333419474675
21.371480392642656 0.5807650694291716
21.430193250864203 0.5319953587713631
21.48890610908575 0.48139228061758244
21.547618967307297 0.4291302237799758
21.60633182552884 0.37538929425890694
21.665044683750384 0.32035469455992616
21.72375754197193 0.2642160854471295
21.78247040019348 0.20716693233242564
21.841183258415025 0.14940383855317227
21.899896116636572 0.09112586783587674
21.958608974858112 0.03253385828088422
22.01732183307966 -0.02617026976783398
22.076034691301206 -0.08478420958245936
22.134747549522753 -0.14310596524273583
22.1934604077443 -0.20093454775623587
22.252173265965844 -0.25807066770854603
22.310886124187387 -0.3143174220563643
22.369598982408935 -0.36948097269664487
22.42831184063048 -0.42337121447331694
22.48702469885203 -0.4758024303195031
22.545737557073576 -0.5265939312774488
22.60445041529512 -0.5755706791905345
22.663163273516666 -0.6225638899214577
22.72187613173821 -0.6674116150177218
22.780588989959757 -0.7099592998199653
22.839301848181304 -0.7500603160896879
22.898014706402847 -0.7875764673208991
22.956727564624394 -0.8223784649942446
23.01544042284594 -0.8543463741323257
23.074153281067485 -0.8833700266207737
23.132866139289032 -0.9093494008706637
23.191578997510575 -0.9321949665138605
23.250291855732122 -0.9518279929434419
23.30900471395367 -0.9681808206358596
23.367717572175216 -0.9811970943198426
23.426430430396763 -0.9908319571884706
23.485143288618303 -0.9970522054851308
23.54385614683985 -0.9998364029306243
23.602569005061397 -0.9991749545970718
23.661281863282944 -0.9950701399740499
23.71999472150449 -0.9875361051129906
23.77870757972603 -0.9765988138769255
23.83742043794758 -0.9622959584635669
23.896133296169126 -0.9446768295101029
23.954846154390673 -0.9238021462273276
24.01355901261222 -0.8997438471485163
24.072271870833763 -0.872584842214166
24.13098472905531 -0.8424187270469581
24.189697587276854 -0.8093494604016398
24.2484104454984 -0.7734910059013548
24.307123303719948 -0.7349669392951271
24.36583616194149 -0.6939100225899282
24.424549020163038 -0.650461746524969
24.483261878384585 -0.6047718429649765
24.54197473660613 -0.5569977688928011
24.600687594827676 -0.5073041637796464
24.65940045304922 -0.4558622822029693
24.718113311270766 -0.4028494036672917
24.776826169492313 -0.34844822166189776
24.83553902771386 -0.29284621406077016
24.894251885935407 -0.23623499703455014
24.952964744156947 -0.1788096647010637
25.011677602378494 -0.12076811679007794
25.07039046060004 -0.06231037663940042
25.12910331882159 -0.0036379018725106868
25.187816177043135 0.05504710986662256
25.246529035264675 0.11354241772898986
25.305241893486222 0.17164643462491833
25.36395475170777 0.2291589219353865
25.422667609929317 0.2858816795762978
25.481380468150864 0.3416192290374995
25.540093326372407 0.39617948704269207
25.598806184593954 0.4493744275086665
25.657519042815498 0.5010207295225692
25.716231901037045 0.5509404091042113
25.77494475925859 0.5989614325761423
25.833657617480135 0.6449183094277656
25.892370475701682 0.6886526626303269
25.95108333392323 0.7300137744373301
26.009796192144776 0.7688591057894882
26.06850905036632 0.8050547875341892
26.127221908587863 0.8384760817666562
26.18593476680941 0.8690078117029046
26.244647625030957 0.8965447586030728
26.303360483252504 0.9209920243772571
26.36207334147405 0.9422653586242147
26.42078619969559 0.9602914489759008
26.47949905791714 0.9750081737472612
26.538211916138685 0.9863648160205647
26.596924774360232 0.9943222384265389
26.65563763258178 0.9988530180199454
26.71435049080332 0.9999415407847951
26.773063349024866 0.9975840554435202
26.831776207246413 0.9917886863846618
26.89048906546796 0.9825754056645255
26.949201923689508 0.9699759641792892
27.00791478191105 0.9540337822447625
27.066627640132598 0.9348037999608744
27.12534049835414 0.9123522878765821
27.18405335657569 0.8867566186076626
27.242766214797236 0.8581050001944726
27.30147907301878 0.8264961721185519
27.360191931240326 0.7920390650256716
27.418904789461873 0.7548524253280112
27.47761764768342 0.7150644059791296
27.536330505904964 0.6728121248320342
27.595043364126507 0.628241192102317
27.653756222348054 0.5815052085648398
27.7124690805696 0.532765236213281
27.77118193879115 0.48218924320674295
27.829894797012695 0.4299515250162781
27.888607655234235 0.3762321037661749
27.947320513455782 0.32121610783996457
28.00603337167733 0.26509313388925326
28.064746229898876 0.20805659344390118
28.123459088120423 0.15030304637536418
28.182171946341967 0.09203152351018738
28.24088480456351 0.03344284072805564
28.299597662785057 -0.025261093091805582
28.358310521006604 -0.08387797189093467
28.41702337922815 -0.142205789620719
28.475736237449695 -0.20004353639756567
28.534449095671242 -0.2571918912250996
28.593161953892785 -0.3134539088960643
28.651874812114333 -0.36863569870680707
28.71058767033588 -0.4225470926452534
28.769300528557423 -0.47500230074974054
28.82801338677897 -0.5258205513801699
28.886726245000517 -0.5748267141949447
28.945439103222064 -0.6218519036868406
29.004151961443608 -0.6667340611978521
29.06286481966515 -0.7093185134072977
29.121577677886698 -0.7494585053684921
29.180290536108245 -0.7870157062570432
29.239003394329792 -0.8218606860878704
29.29771625255134 -0.8538733617580551
