0.0 0.0
0.10078590570650124 0.10061536518687221
0.20157181141300248 0.20020956457800695
0.30235771711950377 0.2977717963969242
0.40314362282600497 0.39231188171912007
0.5039295285325062 0.48287031399926905
0.6047154342390075 0.5685279972982139
0.7055013399455087 0.6484155743744978
0.8062872456520099 0.7217222499677438
0.9070731513585111 0.7877040197245807
1.0078590570650123 0.8456912212500776
1.1086449627715136 0.8950953306475274
1.209430868478015 0.9354149355671182
1.310216774184516 0.9662408241418048
1.4110026798910174 0.9872601381617382
1.5117885855975186 0.9982595483358387
1.6125744913040199 0.9991274194141404
1.7133603970105211 0.9898549431966368
1.8141463027170222 0.9705362279294941
1.9149322084235236 0.9413673431813289
2.0157181141300247 0.9026443298932969
2.116504019836526 0.8547601957993973
2.217289925543027 0.7982009267110858
2.3180758312495287 0.7335405541484743
2.41886173695603 0.6614353293777384
2.5196476426625307 0.5826170629836048
2.620433548369032 0.49788569757495255
2.7212194540755337 0.4081011890046555
2.8220053597820347 0.31417477850280656
2.922791265488536 0.21705974430422267
3.023577171195037 0.11774172663384726
3.1243630769015382 0.01722872424373003
3.2251489826080397 -0.08345913597122596
3.3259348883145408 -0.18329995244850458
3.4267207940210422 -0.28128042044468365
3.5275066997275433 -0.37640611627127085
3.6282926054340443 -0.46771158990288114
3.729078511140546 -0.5542701635258127
3.8298644168470473 -0.6352033365795655
3.9306503225535483 -0.7096897018376235
4.031436228260049 -0.7769732820363847
4.132222133966551 -0.8363712024420937
4.233008039673052 -0.8872806214853372
4.333793945379552 -0.9291848491226884
4.434579851086054 -0.9616585908289972
4.535365756792555 -0.9843722639979826
4.636151662499057 -0.9970953429431095
4.736937568205558 -0.9996986985496437
4.83772347391206 -0.9921559088322889
4.93850937961856 -0.9745435270972875
5.039295285325061 -0.9470403049873516
5.140081191031563 -0.9099253782949026
5.240867096738064 -0.8635754339561683
5.341653002444566 -0.8084608869788871
5.442438908151067 -0.7451411061047649
5.5432248138575675 -0.6742587366623971
5.644010719564069 -0.5965331782291816
5.7447966252705704 -0.5127532832987647
5.845582530977072 -0.4237693510567069
5.946368436683573 -0.3304844975211948
6.047154342390074 -0.23384548963496976
6.1479402480965755 -0.13483313633515703
6.2487261538030765 -0.03445233412397039
6.349512059509578 0.06627813183017903
6.4502979652160795 0.1663359275504656
6.5510838709225805 0.26470554612701946
6.6518697766290815 0.3603886143029971
6.7526556823355826 0.45241402516772883
6.8534415880420845 0.5398477941181757
6.9542274937485855 0.6218025380585359
7.0550133994550865 0.6974464816316878
7.1557993051615885 0.7660118990763812
7.256585210868089 0.8268029060320606
7.3573711165745905 0.8792025222107144
7.458157022281092 0.9226789332552395
7.558942927987593 0.9567908882314711
7.6597288336940945 0.9811921779736147
7.7605147394005956 0.9956351488314519
7.861300645107097 0.9999732161575836
7.962086550813598 0.9941623520248158
8.062872456520099 0.9782615320745434
8.163658362226599 0.9524321369609761
8.264444267933102 0.9169363144660698
8.365230173639603 0.8721343189083999
8.466016079346105 0.8184808548488363
8.566801985052605 0.7565204622015251
8.667587890759105 0.6868819895875921
8.768373796465609 0.6102722120226461
8.869159702172109 0.5274686577134737
8.96994560787861 0.439311716766184
9.07073151358511 0.34669611189619254
9.171517419291613 0.25056181770547775
9.272303324998115 0.1518845206892658
9.373089230704615 0.051665716795435156
9.473875136411117 -0.04907745296146169
9.574661042117617 -0.1493225256711207
9.67544694782412 -0.248052093711439
9.77623285353062 -0.34426413062528294
9.87701875923712 -0.43698216089072983
9.977804664943623 -0.5252651703696387
10.078590570650123 -0.6082171568514376
10.179376476356627 -0.6849962237617222
10.280162382063127 -0.7548231247417246
10.380948287769627 -0.8169891723780425
10.481734193476129 -0.8708634308152583
10.582520099182629 -0.9158991192522011
10.683306004889133 -0.951639161331461
10.784091910595633 -0.9777208241002526
10.884877816302135 -0.993879399460903
10.985663722008635 -0.999950890747142
11.086449627715135 -0.9958736771596111
11.187235533421639 -0.9816891391678804
11.288021439128139 -0.9575412385316543
11.38880734483464 -0.9236750572036018
11.489593250541141 -0.8804343099427988
11.590379156247641 -0.8282578558837603
11.691165061954145 -0.7676752444658663
11.791950967660645 -0.6993013409284562
11.892736873367147 -0.6238300859185021
11.993522779073647 -0.5420274525459227
12.094308684780149 -0.4547236723667622
12.19509459048665 -0.36280480919435665
12.295880496193151 -0.2672037662575576
12.396666401899653 -0.16889081797620373
12.497452307606153 -0.06886376244879525
12.598238213312655 0.03186220540326731
12.699024119019157 0.1322647972553109
12.799810024725657 0.23132500679142695
12.900595930432159 0.3280374518067341
13.001381836138659 0.42142057803575134
13.102167741845161 0.5105266211461952
13.202953647551663 0.5944512257918515
13.303739553258163 0.6723426240988382
13.404525458964665 0.7434102804309207
13.505311364671165 0.8069329146963854
13.606097270377667 0.8622658227663317
13.706883176084169 0.9088474197079326
13.80766908179067 0.946204939424089
13.908454987497171 0.9739592328526581
14.009240893203671 0.9918286160273649
14.110026798910173 0.9996317289456389
14.210812704616675 0.9972893762281494
14.311598610323177 0.9848253308888114
14.412384516029677 0.9623660930576347
14.513170421736177 0.9301396061051859
14.61395632744268 0.8884729431989822
14.714742233149181 0.8377889877714232
14.815528138855683 0.7786021415898651
14.916314044562183 0.7115131039885105
15.017099950268683 0.637202775248744
15.117885855975185 0.5564253460037553
15.218671761681687 0.4700006428044842
15.319457667388189 0.37880580753328597
15.42024357309469 0.28376639511265245
15.521029478801191 0.18584697986013796
15.621815384507691 0.08604136582753028
15.722601290214193 -0.014637499518518421
15.823387195920695 -0.11516780590624427
15.924173101627195 -0.2145292508189525
16.024959007333695 -0.31171339475268384
16.125744913040197 -0.4057338960737458
16.2265308187467 -0.4956365216004667
16.327316724453198 -0.580508831309748
16.428102630159703 -0.6594894388763646
16.528888535866205 -0.7317767540578655
16.629674441572703 -0.7966371181969286
16.730460347279205 -0.8534122502722167
16.831246252985704 -0.9015259279262747
16.93203215869221 -0.9404898356633957
17.03281806439871 -0.9699085208628393
17.13360397010521 -0.989483407307888
17.23438987581171 -0.9990158254965641
17.33517578151821 -0.9984090289787909
17.435961687224715 -0.9876691762557843
17.536747592931217 -0.9669052682761738
17.637533498637715 -0.9363280421632142
17.738319404344217 -0.896247832400877
17.83910531005072 -0.8470714211860896
17.93989121575722 -0.7892979099135188
18.040677121463723 -0.7235136536940526
18.14146302717022 -0.6503863103175808
18.242248932876723 -0.5706580640583442
18.343034838583225 -0.48513809309586936
18.443820744289727 -0.3946943570011138
18.54460664999623 -0.30024478763833257
18.645392555702728 -0.20274797288798121
18.74617846140923 -0.10319342774342889
18.84696436711573 -0.002591551522149076
18.947750272822233 0.09803662688237477
19.048536178528735 0.19766981163045438
19.149322084235234 0.2952968052752931
19.250107989941736 0.3899267716114573
19.35089389564824 0.48059929187293776
19.45167980135474 0.566394112218452
19.55246570706124 0.6464404835747881
19.65325161276774 0.7199259990461332
19.75403751847424 0.7861048391968415
19.854823424180747 0.8443053415244908
19.955609329887245 0.8939368172991643
20.056395235593747 0.9344955465834716
20.157181141300246 0.9655698905885743
20.257967047006748 0.9868444694799534
20.358752952713253 0.9981033632314539
20.45953885841975 0.9992323030415307
20.560324764126253 0.9902198310705457
20.661110669832752 0.9711574167287107
20.761896575539254 0.9422385283344457
20.86268248124576 0.9037566695650868
20.963468386952258 0.856102400628403
21.06425429265876 0.7997593743876341
21.165040198365258 0.7352994276702762
21.265826104071763 0.6633767775798486
21.366612009778265 0.5847213817135379
21.467397915484764 0.5001315296741276
21.568183821191266 0.4104657410665317
21.668969726897764 0.3166340522078128
21.76975563260427 0.219588779983566
21.87054153831077 0.12031485659028421
21.97132744401727 0.019819833258235515
22.07211334972377 -0.08087634559079902
22.17289925543027 -0.18075169396678872
22.273685161136775 -0.27879255665506086
22.374471066843277 -0.3740038970091056
22.475256972549776 -0.4654193957798176
22.576042878256278 -0.5521112584859971
22.676828783962776 -0.6331996317891354
22.77761468966928 -0.7078615333038432
22.878400595375783 -0.7753392042133554
22.979186501082282 -0.8349477999178363
23.079972406788784 -0.8860823406614416
23.180758312495282 -0.928223851594838
23.281544218201788 -0.9609446299564686
23.38233012390829 -0.9839125859148135
23.483116029614788 -0.9968946130156151
23.58390193532129 -0.9997589540266658
23.684687841027788 -0.992476538168742
23.785473746734294 -0.975121276160853
23.886259652440796 -0.9478693100853308
23.987045558147294 -0.9109972256860265
24.087831463853796 -0.8648792452433631
24.188617369560298 -0.8099834295163431
24.2894032752668 -0.7468669272987456
24.3901891809733 -0.6761703208027557
24.4909750866798 -0.5986111242598691
24.591760992386302 -0.514976501723079
24.692546898092804 -0.42611527797889437
24.793332803799306 -0.33292932365200956
24.894118709505808 -0.23636440193699262
24.994904615212306 -0.13740056985535967
25.095690520918808 -0.03704223145761004
25.19647642662531 0.06369205607765002
25.29726233233181 0.16377991998759311
25.398048238038314 0.2622055481941789
25.498834143744812 0.357969998987439
25.599620049451314 0.45010133948798303
25.700405955157816 0.5376645099913593
25.801191860864318 0.6197708140791003
25.90197776657082 0.6955869381793364
26.002763672277318 0.7643434090356424
26.10354957798382 0.8253424032475544
26.204335483690322 0.8779648296221106
26.305121389396824 0.9216766124562351
26.405907295103326 0.9560341119796203
26.506693200809824 0.9806886269449443
26.607479106516326 0.9953899336677217
26.708265012222828 0.9999888255973408
26.80905091792933 0.9944386276446828
26.909836823635832 0.978795669897089
27.01062272934233 0.953218715912853
27.111408635048832 0.9179673513975894
27.212194540755334 0.8733993496161396
27.312980446461836 0.8199670402789714
27.413766352168338 0.7582127187559922
27.514552257874836 0.688763142210597
27.61533816358134 0.6123231685137894
27.71612406928784 0.5296686024983833
27.816909974994342 0.4416383221580018
27.917695880700844 0.34912576470381146
28.018481786407342 0.2530698588886255
28.119267692113848 0.15444549562809914
28.220053597820346 0.054253633634675384
28.320839503526848 -0.04648885951592461
28.42162540923335 -0.14675952778041165
28.52241131493985 -0.24554070376218481
28.623197220646354 -0.34182983722463833
28.723983126352852 -0.43464967017728734
28.824769032059354 -0.523058155265831
28.925554937765856 -0.6061580168022267
29.026340843472354 -0.683105857398072
29.12712674917886 -0.7531207177761668
29.22791265488536 -0.815492002884954
29.32869856059186 -0.8695866938721907
29.429484466298362 -0.9148557727219425
29.53027037200486 -0.9508397943500502
29.631056277711366 -0.9771735496056934
29.731842183417864 -0.993589771853296
29.832628089124366 -0.9999218495159571
29.933413994830868 -0.9961055170502069
30.034199900537367 -0.9821795071900767
30.134985806243872 -0.9582851578407034
30.23577171195037 -0.9246649776112043
30.336557617656872 -0.8816601845454918
30.437343523363374 -0.8297072430309883
30.538129429069873 -0.7693334340328253
30.638915334776378 -0.7011515036121249
30.739701240482876 -0.625853444041684
30.84048714618938 -0.544203470635686
30.94127305189588 -0.45703026557314486
31.042058957602382 -0.3652185674339915
31.142844863308884 -0.2697001918073674
31.243630769015382 -0.17144457410578126
31.344416674721884 -0.07144893056801414
31.445202580428386 0.029271862691195305
31.54598848613489 0.12969556986517058
31.64677439184139 0.22880297033431
31.74756029754789 0.32558820294335244
31.84834620325439 0.41906897469074095
31.949132108960892 0.5082965302199689
32.04991801466739 0.5923652809305796
32.15070392037389 0.6704219959809814
32.251489826080395 0.7416744619016971
32.3522757317869 0.8053995229309298
32.4530616374934 0.8609504204693992
32.5538475431999 0.9077633571648476
32.654633448906395 0.9453632190059819
32.755419354612904 0.9733683973511735
32.856205260319406 0.9914946619521179
32.95699116602591 0.9995580456644294
33.05777707173241 0.9974767115675778
33.158562977438905 0.985271783544435
33.25934888314541 0.9630671318906895
33.36013478885191 0.9310881161300384
33.46092069455841 0.8896592977945645
33.56170660026491 0.8392011463837666
33.66249250597141 0.7802257719341346
33.763278411677916 0.7133317275102584
33.86406431738442 0.6391979343681378
33.96485022309092 0.5585767914452905
34.06563612879742 0.4722865391109997
34.16642203450392 0.38120295467846554
34.26720794021042 0.2862504639627871
34.36799384591692 0.18839275909547404
34.46877975162342 0.08862301781706612
34.569565657329925 -0.012046176485656097
34.67035156303642 -0.11259311169430822
34.77113746874293 -0.2119973165229342
34.87192337444943 -0.3092499174884724
34.97270928015593 -0.40336387817290303
35.073495185862434 -0.4933840168564776
35.17428109156893 -0.578396700851176
35.27506699727543 -0.6575391191446169
35.37585290298193 -0.73000803924439
35.476638808688435 -0.7950679593479375
35.57742471439494 -0.852058573099866
35.67821062010144 -0.900401471175382
35.77899652580794 -0.9396060116741176
35.87978243151444 -0.9692742997445202
35.980568337220944 -0.9891052258995913
36.081354242927446 -0.9988975220382836
36.18214014863394 -0.9985518041563751
36.28292605434044 -0.9880715810149315
36.383711960046945 -0.9675632185291768
36.48449786575345 -0.9372348602391971
36.58528377145995 -0.8973943148188371
36.68606967716645 -0.8484459320628948
36.78685558287295 -0.7908864990588509
36.887641488579455 -0.7253001981937258
36.98842739428596 -0.6523526781682722
37.08921329999246 -0.5727842981929898
37.18999920569895 -0.487402613931993
37.290785111405455 -0.39707418145638146
37.39157101711196 -0.30271576239054465
37.49235692281846 -0.20528501951204076
37.59314282852496 -0.10577079723738649
37.69392873423146 -0.005183085639047923
37.794714639937965 0.09545723014912927
37.89550054564447 0.1951287311026827
37.99628645135097 0.29281983089586033
38.09707235705747 0.3875390426968896
38.197858262763965 0.4783250419693898
38.29864416847047 0.5642564231505479
38.39943007417697 0.6444610511834534
38.50021597988347 0.7181249129931159
38.60100188558998 0.7845003790706445
38.70178779129648 0.8429137913171044
38.80257369700298 0.8927723001365373
38.90335960270948 0.9335698813870279
39.00414550841598 0.9648924721225757
39.10493141412248 0.9864221730021245
39.205717319828985 0.9979404747145982
39.30650322553548 0.9993304756743208
39.40728913124198 0.9905780684789737
39.50807503694848 0.9717720830884903
39.60886094265499 0.9431033852717318
39.709646848361494 0.9048629394710064
39.81043275406799 0.857438855744784
39.91121865977449 0.8013124507598061
40.01200456548099 0.737053362810405
40.112790471187495 0.6653137704436383
40.213576376894 0.5868217733666332
40.31436228260049 0.5023740028146482
40.41514818830699 0.41282753637869135
40.515934094013495 0.3190911993508472
40.616719999720004 0.222116340871598
40.717505905426506 0.12288717849402776
40.818291811133 0.02241080915975659
40.9190777168395 -0.07829301203265722
41.019863622546005 -0.17820222152948634
41.12064952825251 -0.2763028204526485
41.22143543395901 -0.3715991658804523
41.322221339665504 -0.4631240758300113
41.423007245372006 -0.5499486453838354
41.52379315107851 -0.6311916743346403
41.62457905678502 -0.7060286106654247
41.72536496249152 -0.7736999190954895
41.82615086819801 -0.8335187897584383
41.926936773904515 -0.8848781087751301
42.02772267961102 -0.927256619975841
42.12850858531752 -0.9602242152351166
42.22929449102402 -0.9834462997265706
42.330080396730516 -0.9966871877937984
42.43086630243702 -0.9998124949720204
42.53165220814353 -0.9927905018833277
42.63243811385003 -0.9756924761631046
42.73322401955653 -0.9486919491503039
42.834009925263025 -0.9120629546826147
42.93479583096953 -0.8661772478713232
43.03558173667603 -0.8115005320831283
43.13636764238253 -0.7485877324219885
43.23715354808903 -0.6780773636814319
43.33793945379553 -0.600685049928116
43.43872535950203 -0.5171962614876714
43.53951126520854 -0.4284583430467121
43.64029717091504 -0.33537191377935544
43.74108307662154 -0.23888172678010133
43.84186898232804 -0.13996708057264606
43.94265488803454 -0.039631880010045833
44.04344079374104 0.06110555255968238
44.14422669944754 0.161222812454117
44.245012605154045 0.259703789249395
44.34579851086054 0.35554897949146613
44.44658441656704 0.44778563085986695
44.54737032227355 0.5354776148287415
44.64815622798005 0.6177349276255613
44.748942133686555 0.693722723060376
44.84972803939305 0.7626697855494833
44.95051394509955 0.8238763573391974
45.05129985080605 0.876721240489517
45.152085756512555 0.9206681015383255
45.25287166221906 0.9552709148587242
45.35365756792555 0.9801784894637942
45.45444347363206 0.9951380333153229
45.55522937933856 0.9999977189615783
45.656015285045065 0.9947082244649951
45.75680119075157 0.9793232339805392
45.85758709645806 0.9539988929043091
45.958373002164564 0.9189922231221592
46.059158907871065 0.8746585144423408
46.15994481357757 0.8214477186870027
46.26073071928407 0.759899883039678
46.361516624990564 0.6906396689966353
46.46230253069707 0.6143700125503377
46.563088436403575 0.5318649899492041
46.66387434211008 0.44396196144034794
46.76466024781658 0.35155307273022557
46.865446153523074 0.2555762004164948
46.966232059229576 0.15700543328773447
47.06701796493608 0.05684118609834323
47.16780387064258 -0.04389995384420725
47.26858977634908 -0.14419554423061492
47.369375682055576 -0.24302766472459347
47.470161587762085 -0.33939324804333637
47.57094749346859 -0.4323142602912185
47.67173339917509 -0.5208476272246995
47.77251930488159 -0.6040948057045079
47.873305210588086 -0.6812109031926317
47.97409111629459 -0.7514132527384687
48.07487702200109 -0.8139893564247868
48.17566292770759 -0.8683041166539545
48.27644883341409 -0.9138062818825651
48.377234739120595 -0.9500340413854161
48.4780206448271 -0.9766197122664431
48.5788065505336 -0.9932934711471784
48.6795924562401 -0.9998860926590739
48.7803783619466 -0.9963306669461678
48.8811642676531 -0.9826632787468168
48.9819501733596 -0.9590226411623463
49.0827360790661 -0.925648687829591
49.183521984772604 -0.882880137785635
49.284307890479106 -0.8311510577394451
49.38509379618561 -0.7709864566405991
49.48587970189211 -0.7029969572567252
49.58666560759861 -0.6278725988388977
49.68745151330511 -0.5463758337729976
49.788237419011615 -0.4593337892954463
49.88902332471811 -0.3676298728107403
49.98980923042461 -0.27219480601008567
50.090595136131114 -0.1739971787877832
50.191381041837616 -0.07403361882545738
50.29216694754412 0.026681323384886036
