0.0 0.0
0.13422496287021313 0.13382228533757168
0.26844992574042625 0.26523720038671805
0.40267488861063944 0.39188068178424657
0.5368998514808525 0.5114745009558199
0.6711248143510656 0.621867247871138
0.8053497772212789 0.7210730334212889
0.939574740091492 0.8073072141892893
1.073799702961705 0.8790184969499197
1.2080246658319183 0.9349168453611215
1.3422496287021313 0.9739966868248948
1.4764745915723445 0.9955550020423319
1.6106995544425577 0.999203971844211
1.7449245173127708 0.9848779537894227
1.879149480182984 0.9528346630270509
2.013374443053197 0.9036505361792184
2.14759940592341 0.8382103616452334
2.2818243687936235 0.7576913628706907
2.4160493316638365 0.6635420209124985
2.5502742945340495 0.5574560172672265
2.6844992574042625 0.44134176571326145
2.818724220274476 0.31728808126783736
2.952949183144689 0.18752660385064604
3.0871741460149025 0.0543916526263035
3.2213991088851155 -0.07972176678172421
3.355624071755328 -0.2124010467845921
3.4898490346255415 -0.34125937896871883
3.6240739974957545 -0.46397869112711915
3.758298960365968 -0.5783513477739636
3.892523923236181 -0.6823198639789548
4.026748886106394 -0.7740139180971433
4.1609738489766075 -0.8517839975607786
4.29519881184682 -0.9142310724686973
4.4294237747170335 -0.9602317631659109
4.563648737587247 -0.9889585490660519
4.69787370045746 -0.9998946551739578
4.832098663327673 -0.9928433485101491
4.966323626197886 -0.9679314772009616
5.100548589068099 -0.9256071885685508
5.2347735519383125 -0.8666318672707516
5.368998514808525 -0.7920664385180742
5.5032234776787385 -0.7032522827634824
5.637448440548952 -0.6017871051964812
5.771673403419165 -0.4894961941326042
5.905898366289378 -0.3683995853399846
6.040123329159591 -0.2406757229940543
6.174348292029805 -0.10862227097462637
6.3085732549000175 0.025385220516969724
6.442798217770231 0.15893604946179044
6.577023180640444 0.28962772888402627
6.711248143510656 0.4151092059288279
6.8454731063808705 0.5331231556758863
6.979698069251083 0.6415465888523423
7.1139230321212965 0.7384290429403919
7.248147994991509 0.8220276696479653
7.382372957861722 0.8908385875431978
7.516597920731936 0.9436239358404788
7.650822883602149 0.9794341426592004
7.785047846472362 0.9976250071646496
7.919272809342575 0.99786928829514
8.053497772212788 0.9801625916022123
8.187722735083002 0.9448234483037217
8.321947697953215 0.8924875851276983
8.456172660823428 0.8240964880285275
8.59039762369364 0.7408804655062785
8.724622586563854 0.6443365162083392
8.858847549434067 0.5362013989599005
8.99307251230428 0.41842038967478057
9.127297475174494 0.2931122871881547
9.261522438044706 0.16253129753203424
9.39574740091492 0.02902648232898739
9.529972363785133 -0.10500049920054266
9.664197326655346 -0.2371385944253173
9.79842228952556 -0.36501073047133187
9.932647252395771 -0.48631657611753204
10.066872215265985 -0.5988739231623175
10.201097178136198 -0.7006579428386687
10.335322141006412 -0.7898376110821911
10.469547103876625 -0.8648086473866932
10.603772066746837 -0.9242223747000925
10.73799702961705 -0.967009981191102
10.872221992487264 -0.9924017474342942
11.006446955357477 -0.9999408931298088
11.14067191822769 -0.9894917942647865
11.274896881097904 -0.9612424228954883
11.409121843968116 -0.9157009656601092
11.54334680683833 -0.8536866818528936
11.677571769708543 -0.7763151655164854
11.811796732578756 -0.6849782766772531
11.94602169544897 -0.5813191027467899
12.080246658319181 -0.4672024005166393
12.214471621189395 -0.3446810504742968
12.34869658405961 -0.21595912690414348
12.482921546929822 -0.08335224811661814
12.617146509800035 0.050754079922453524
12.751371472670247 0.1839473771930422
12.885596435540462 0.31383158846670006
13.019821398410675 0.4380701866816772
13.154046361280887 0.5544282054475561
13.2882713241511 0.6608124445436863
13.422496287021312 0.75530912514234
13.556721249891527 0.8362183173652188
13.690946212761741 0.9020845208453472
13.825171175631953 0.9517228481712648
13.959396138502166 0.9842403401914378
14.093621101372378 0.999052029731332
14.227846064242593 0.9958914647480033
14.362071027112806 0.9748155016179232
14.496295989983018 0.9362032823301217
14.630520952853232 0.8807494139842235
14.764745915723443 0.8094514732895008
14.898970878593659 0.7235920608503373
15.033195841463872 0.6247157280691151
15.167420804334084 0.5146011917355348
15.301645767204297 0.39522933614270267
15.435870730074509 0.26874757834977225
15.570095692944724 0.13743123763536547
15.704320655814938 0.003642604078626059
15.83854561868515 -0.13021155740426574
15.972770581555363 -0.26172330309509684
16.106995544425576 -0.3885268277144501
16.24122050729579 -0.5083410236212013
16.375445470166003 -0.6190105163601174
16.509670433036217 -0.7185444383564692
16.64389539590643 -0.8051522432457251
16.77812035877664 -0.8772759165633256
16.912345321646857 -0.9336180033465326
17.046570284517067 -0.9731649484511602
17.18079524738728 -0.9952053297071104
17.315020210257494 -0.9993426559107882
17.449245173127707 -0.9855024994274307
17.58347013599792 -0.9539338350927399
17.717695098868134 -0.9052045613279158
17.851920061738348 -0.8401912840401292
17.98614502460856 -0.7600635470889918
18.12036998747877 -0.6662627930020222
18.254594950348988 -0.5604764324212532
18.3888199132192 -0.4446074887537465
18.52304487608941 -0.32074036409764906
18.657269838959625 -0.19110334229116235
18.79149480182984 -0.05802850362861157
18.92571976470005 0.07609022764991805
19.059944727570265 0.2088401483987077
19.19416969044048 0.33783317942604946
19.328394653310692 0.4607488253860014
19.462619616180902 0.5753759188835325
19.59684457905112 0.6796523978455188
19.731069541921332 0.771702400590159
19.865294504791542 0.849870011280283
19.999519467661756 0.9127490487031177
20.13374443053197 0.95920836249701
20.267969393402183 0.9884121817635189
20.402194356272396 0.9998351500073983
20.53641931914261 0.993271775936323
20.670644282012823 0.968840130107007
20.804869244883033 0.9269797209176114
20.93909420775325 0.8684435881558603
21.073319170623463 0.7942847563344874
21.207544133493673 0.7058372915090894
21.341769096363887 0.6046923023531544
21.4759940592341 0.4926693172143202
21.610219022104314 0.3717835520587741
21.744443984974527 0.24420965813085044
21.87866894784474 0.11224260148232525
22.012893910714954 -0.02174362187839965
22.147118873585168 -0.15533869253133173
22.28134383645538 -0.2861393276229562
22.41556879932559 -0.4117925142613405
22.549793762195808 -0.5300378385894439
22.68401872506602 -0.6387481490658327
22.81824368793623 -0.7359678224486373
22.95246865080645 -0.8199479441040896
23.08669361367666 -0.8891777697702535
23.22091857654687 -0.9424119028006711
23.355143539417085 -0.9786926979880101
23.4893685022873 -0.9973674889385219
23.623593465157512 -0.9981003290887219
23.757818428027722 -0.9808780351515426
23.89204339089794 -0.9460104242745391
24.026268353768153 -0.8941247406438514
24.160493316638362 -0.826154371795436
24.29471827950858 -0.7433220576193305
24.42894324237879 -0.647117894115369
24.563168205249003 -0.5392725275974829
24.69739316811922 -0.421726021564397
24.83161813098943 -0.2965929563001032
24.965843093859643 -0.16612438903812324
25.100068056729853 -0.03266735899997792
25.23429301960007 0.10137733421594407
25.368517982470284 0.23359831935741437
25.502742945340493 0.3616170324181994
25.63696790821071 0.48313050535821345
25.771192871080924 0.5959527949045361
25.905417833951134 0.698054306157927
26.03964279682135 0.7875983036002794
26.17386775969156 0.862973952695275
26.308092722561774 0.9228252976867894
26.44231768543199 0.9660756543043997
26.5765426483022 0.9919469785681904
26.710767611172415 0.9999738632614383
26.844992574042625 0.9900119102843019
26.97921753691284 0.9622403282756948
27.113442499783055 0.9171587087739145
27.247667462653265 0.8555780389106565
27.381892425523482 0.7786061123138315
27.516117388393692 0.6876276006669765
27.650342351263905 0.5842791444240368
27.784567314134122 0.4704199107804178
27.918792277004332 0.34809814854196164
28.053017239874546 0.21951434154659283
28.187242202744756 0.08698162348316832
28.321467165614973 -0.0471158337825879
28.455692128485186 -0.18036570980971153
28.589917091355396 -0.3103709315570805
28.724142054225613 -0.43479279506829527
28.858367017095823 -0.5513930371370924
28.992591979966036 -0.6580741001132625
29.126816942836253 -0.7529168655129241
29.261041905706463 -0.8342151776317398
29.395266868576677 -0.9005065361051452
29.529491831446887 -0.9505984052776169
29.663716794317104 -0.9835896670937212
29.797941757187317 -0.998886831588212
29.932166720057527 -0.996214713359733
30.066391682927744 -0.975621381965713
30.200616645797954 -0.9374772971843042
30.334841608668167 -0.8824686446993778
30.469066571538384 -0.8115849920950201
30.603291534408594 -0.7261014872196268
30.737516497278808 -0.627555919158682
30.871741460149018 -0.5177210544735111
31.005966423019235 -0.39857274635783385
31.140191385889448 -0.27225439040642324
31.274416348759658 -0.14103836641187628
31.408641311629875 -0.0072851598249647235
31.542866274500085 0.1265991017447837
31.6770912373703 0.2582059330994341
31.811316200240515 0.3851678184342921
31.945541163110725 0.5052008013085607
32.07976612598094 0.6161455714409042
32.21399108885115 0.7160063092068146
32.348216051721366 0.802986589052271
32.48244101459158 0.8755216959460612
32.61666597746179 0.9323067735201791
32.750890940332006 0.9723202975327315
32.88511590320222 0.9948424523820045
33.01934086607243 0.999468080090919
33.15356582894265 0.9861139688186098
33.28779079181286 0.955020349783847
33.42201575468307 0.9067465756716868
33.55624071755328 0.8421610582658252
33.6904656804235 0.7624256463216599
33.824690643293714 0.6689747247113894
33.95891560616392 0.5634894108329368
34.093140569034134 0.44786731247153855
34.22736553190435 0.32418839114914294
34.36159049477456 0.19467754505624915
34.495815457644774 0.06166458467342385
34.63004042051499 -0.07245767890667101
34.7642653833852 -0.2052764789946564
34.898490346255414 -0.3344024973071869
35.03271530912563 -0.4575128461491069
35.16694027199584 -0.5723928555553048
35.301165234866055 -0.6769759136705065
35.43539019773627 -0.7693806436661508
35.56961516060648 -0.8479447484073447
35.703840123476695 -0.9112549140277647
35.83806508634691 -0.9581722344678901
35.97229004921712 -0.9878526996067222
36.106515012087335 -0.9997623784196812
36.24073997495754 -0.9936870240281808
36.37496493782776 -0.9697359278526784
36.509189900697976 -0.9283399535356758
36.64341486356818 -0.8702437860030068
36.7776398264384 -0.7964925350974404
36.91186478930861 -0.7084129347760187
37.04608975217882 -0.6075894760844116
37.18031471504904 -0.49583590325974614
37.31453967791925 -0.3751625857271692
37.44876464078946 -0.2477403529453048
37.58298960365968 -0.11586144268688943
37.71721456652989 0.018101734732222877
37.8514395294001 0.15173927447257798
37.98566449227032 0.2826471296911732
38.11988945514053 0.4084703586802073
38.254114418010744 0.5269454886384359
38.38833938088096 0.6359412339802087
38.52256434375117 0.7334968366879903
38.656789306621384 0.8178573389919612
38.7910142694916 0.8875051538456075
38.925239232361804 0.9411873652662899
39.059464195232025 0.977938267426581
39.19368915810224 0.9970967370336653
39.327914120972444 0.9983181264798062
39.462139083842665 0.9815804638142487
39.59636404671287 0.9471848480034133
39.730589009583085 0.8957500323688841
39.864813972453305 0.82820129364343
39.99903893532351 0.7457537868830244
40.133263898193725 0.6498906856684165
40.26748886106394 0.5423365008390284
40.40171382393415 0.4250260577365507
40.535938786804365 0.30006969003623435
40.67016374967458 0.1697152763047356
40.80438871254479 0.03630780222056623
40.938613675415006 -0.09775282409518647
41.07283863828522 -0.23005494476486685
41.20706360115543 -0.3582185362102463
41.341288564025646 -0.4799380241293677
41.47551352689586 -0.5930237591824392
41.609738489766066 -0.6954414072678913
41.74396345263629 -0.7853485457848296
41.8781884155065 -0.8611278075403453
42.012413378376706 -0.9214159760659069
42.14663834124693 -0.9651285089380697
42.28086330411713 -0.9914790479459867
42.41508826698735 -0.9999935651313783
42.54931322985757 -0.9905188902233804
42.683538192727774 -0.9632254660657158
42.81776315559799 -0.9186042824678949
42.9519881184682 -0.8574580436383904
43.086213081338414 -0.7808867280915118
43.22043804420863 -0.6902678007952814
43.35466300707885 -0.5872314335300632
43.488887969949054 -0.4736311792265832
43.62311293281927 -0.3515106278315799
43.75733789568948 -0.22306664353918676
43.891562858559695 -0.09060984472460558
44.02578782142991 0.04347696248116848
44.160012784300115 0.17678164922438236
44.294237747170335 0.3069061564570893
44.42846271004055 0.43150963435954076
44.56268767291076 0.5483505526082991
44.696912635780976 0.6553270239552513
44.83113759865118 0.7505146157243878
44.965362561521395 0.8322009690236725
45.099587524391616 0.8989166028962766
45.23381248726183 0.9494613492659031
45.36803745013204 0.9829259431298
45.50226241300225 0.9987083796067998
45.63648737587246 0.9965247435884614
45.770712338742676 0.9764143171753547
45.9049373016129 0.9387388730192616
46.03916226448311 0.8841761662835798
46.17338722735332 0.81370774229703
46.30761219022353 0.72860127923256
46.44183715309374 0.6303877834544535
46.57606211596396 0.5208340477735054
46.71028707883417 0.40191086806724136
46.84451204170438 0.2757575900261692
46.9787370045746 0.14464362380551615
47.11296196744481 0.010927618907371676
47.247186930315024 -0.12298496629138926
47.38141189318524 -0.25468513707033935
47.515636856055444 -0.38180369851313944
47.64986181892566 -0.502053875684277
47.78408678179588 -0.613272451127335
47.91831174466609 -0.7134586796497709
48.052536707536305 -0.8008102803441481
48.18676167040651 -0.8737558583741875
48.320986633276725 -0.9309831732802561
48.45521159614694 -0.9714627452769486
48.58943655901716 -0.9944663748818912
48.72366152188737 -0.9995802427203994
48.85788648475758 -0.9867123538496136
48.99211144762779 -0.9560941926838373
49.126336410498006 -0.9082765587501508
49.26056137336822 -0.8441196581861518
49.39478633623844 -0.7647776292269259
49.52901129910864 -0.6716777800570595
49.66323626197886 -0.5664949125242352
49.79746122484907 -0.4511211936133007
49.931686187719286 -0.3276321166717951
50.0659111505895 -0.19824916472120577
50.200136113459706 -0.0652998475150081
50.33436107632992 0.06882416875084711
50.46858603920014 0.20171008585737707
50.602811002070354 0.33096737813251365
50.73703596494057 0.454270796353382
50.87126092781077 0.5694021973703699
51.00548589068099 0.6742904469671375
51.1397108535512 0.7670486781316015
51.27393581642142 0.8460082344875206
51.408160779291634 0.9097486882677253
51.54238574216185 0.9571233928265275
51.676610705032054 0.9872801100192099
51.81083566790227 0.9996763413763842
51.94506063077248 0.9940890872759566
52.0792855936427 0.9706188585519867
52.213510556512915 0.9296878683743546
52.34773551938312 0.8720324369260645
52.481960482253335 0.7986897455127863
52.61618544512355 0.7109791783890665
52.75041040799376 0.6104785879487866
52.88463537086398 0.4989959102527006
53.01886033373418 0.37853664151009836
53.1530852966044 0.25126776059000594
53.287310259474616 0.11947874657132825
53.42153522234483 -0.01445960740121855
53.55576018521504 -0.14813784304480257
53.68998514808525 -0.27915118142528283
53.82421011095546 -0.40514278326579944
53.95843507382568 -0.5238461468540481
54.0926600366959 -0.6331258808393329
54.22688499956611 -0.7310161184449903
54.361109962436316 -0.815755882051001
54.49533492530653 -0.885820761962541
54.62955988817674 -0.9399503394852479
54.763784851046964 -0.9771708609851564
54.89800981391718 -0.9968127550425807
55.032234776787384 -0.9985226775785238
55.1664597396576 -0.9822698682700833
55.30068470252781 -0.9483467039073716
55.434909665398024 -0.8973634387374313
55.569134628268245 -0.8302372264127115
55.70335959113845 -0.7481756210316872
55.837584554008664 -0.6526548540763933
55.97180951687888 -0.5453932780298727
56.10603447974909 -0.4283204544043408
56.240259442619305 -0.303542442265126
56.37448440548951 -0.17330391168579581
56.50870936835973 -0.03994776368714183
56.642934331229945 0.09412701693048092
56.77715929410016 0.22650851766333002
56.91138425697037 0.35481528694078324
57.04560921984058 0.4767391747907783
57.17983418271079 0.5900868548602549
57.31405914558101 0.6928192808381066
57.448284108451226 0.7830883674870015
57.58250907132144 0.8592702364176796
57.716734034191646 0.9199944285371864
57.85095899706186 0.9641685576594133
57.98518395993207 0.990997961776473
58.11940892280229 0.9999999984782123
58.25363388567251 0.9910127273551055
58.38785884854271 0.9641978231941403
58.52208381141293 0.9200376675612933
58.65630877428314 0.859326671091047
58.79053373715335 0.7831569825889194
58.92475870002357 0.6928988420303833
59.05898366289377 0.590175930892121
59.193208625763994 0.47683616324605765
59.32743358863421 0.3549184430642949
59.46165855150442 0.22661598574781747
59.595883514374634 0.09423686369948808
59.73010847724484 -0.03983751430095211
59.864333440115054 -0.17319524299257227
59.998558402985275 -0.3034373091394656
60.13278336585549 -0.42822074811839256
60.2670083287257 -0.5453007922307093
60.40123329159591 -0.6525712525195224
60.53545825446612 -0.7481024076512583
60.669683217336335 -0.8301757182667681
60.803908180206555 -0.8973147423149412
60.93813314307677 -0.9483116952232706
61.072358105946975 -0.9822491771063656
61.20658306881719 -0.9985166761549057
61.3408080316874 -0.9968215513205186
61.475032994557615 -0.9771942967256984
61.609257957427836 -0.9399879930956423
61.743482920298035 -0.8858719560804055
61.877707883168256 -0.81581969572958
62.01193284603847 -0.7310914037203731
62.14615780890868 -0.633211283381528
62.280382771778896 -0.5239401303304326
62.4146077346491 -0.40524365697869685
62.548832697519316 -0.27925713072640534
62.68305766038954 -0.14824696197954154
62.81728262325975 -0.014569932995478095
62.951507586129964 0.11936919899862723
63.08573254900017 0.25116096172386637
63.21995751187038 0.378434512588202
63.3541824747406 0.49890028850368323
63.48840743761082 0.6103911935417154
63.62263240048103 0.710901583488835
63.75685736335124 0.7986233459979382
63.89108232622145 0.8719784272779185
64.02530728909167 0.9296472201891036
64.15953225196188 0.9705923030623401
64.2937572148321 0.9940771021967955
64.4279821777023 0.9996791423109872
64.56220714057251 0.9872976465807043
64.69643210344273 0.9571553495443055
64.83065706631295 0.9097944902625522
64.96488202918316 0.8460670578132171
65.09910699205336 0.7671194645972588
65.23333195492359 0.6743719231732204
65.36755691779379 0.5694928976163349
65.50178188066401 0.4543690890045643
65.63600684353423 0.33107149497215643
65.77023180640444 0.20181815389561272
65.90445676927465 0.06893424391847429
66.03868173214487 -0.06518974539408773
66.17290669501507 -0.19814101630793354
66.3071316578853 -0.3275278674812778
66.4413566207555 -0.4510227190163066
66.57558158362572 -0.5664039840106179
66.70980654649593 -0.6715960333678259
66.84403150936615 -0.7647065349284602
66.97825647223635 -0.8440604952156521
