0.0 0.0
0.12905978835528845 0.1287018074199742
0.2581195767105769 0.2552628762243318
0.38717936506586537 0.37757807539234756
0.5162391534211538 0.4936128968204843
0.6452989417764422 0.6014372959509621
0.7743587301317307 0.6992577948245237
0.9034185184870192 0.7854473135769822
1.0324783068423076 0.858572234182658
1.161538095197596 0.9174162462847462
1.2905978835528844 0.9610005784772343
1.419657671908173 0.9886002785249465
1.5487174602634615 0.9997562717275655
1.6777772486187499 0.9942829968569848
1.8068370369740383 0.9722714926569814
1.9358968253293267 0.9340878835664685
2.064956613684615 0.8803672898537802
2.1940164020399036 0.8120032634566863
2.323076190395192 0.7301329252452128
2.4521359787504804 0.6361180509239615
2.581195767105769 0.5315224201782099
2.7102555554610572 0.4180858058227373
2.839315343816346 0.2976950356002425
2.9683751321716345 0.1723526079677847
3.097434920526923 0.044143383894971674
3.226494708882211 -0.08480009130004611
3.3555544972374998 -0.21233305926371374
3.484614285592788 -0.3363342230635546
3.6136740739480766 -0.4547410314032886
3.742733862303365 -0.5655839857028557
3.8717936506586534 -0.6670193994026432
4.000853439013942 -0.7573600645958528
4.12991322736923 -0.835103315901038
4.258973015724519 -0.8989560247793781
4.388032804079807 -0.94785610855816
4.5170925924350955 -0.980990196393954
4.646152380790384 -0.997807158331826
4.775212169145672 -0.9980272724273879
4.904271957500961 -0.981646877451993
5.033331745856249 -0.9489384337911312
5.162391534211538 -0.9004459915230817
5.291451322566827 -0.8369761410587311
5.4205111109221145 -0.7595845968634812
5.549570899277403 -0.6695586374185126
5.678630687632692 -0.5683956935031995
5.80769047598798 -0.4577784409466586
5.936750264343269 -0.33954681213871335
6.0658100526985566 -0.21566739184185205
6.194869841053846 -0.08820070635345514
6.323929629409134 0.040733049891759146
6.452989417764422 0.168989280198657
6.582049206119711 0.29443465737925956
6.7111089944749995 0.41498260807096327
6.840168782830288 0.528628019383341
6.969228571185576 0.6334805905866591
7.098288359540864 0.7277962750927505
7.227348147896153 0.8100062897436491
7.356407936251442 0.8787432088871298
7.48546772460673 0.9328637092080138
7.6145275129620185 0.9714675869931135
7.743587301317307 0.9939127315095362
7.872647089672595 0.9998258054393167
8.001706878027884 0.9891084547192742
8.130766666383172 0.9619389444958231
8.25982645473846 0.9187691939833759
8.388886243093749 0.8603172595464946
8.517946031449037 0.787555391037104
8.647005819804326 0.7016938600495585
8.776065608159614 0.6041608290834041
8.905125396514903 0.49657859645653507
9.034185184870191 0.38073661209475596
9.16324497322548 0.25856171303481246
9.292304761580768 0.13208607372335562
9.421364549936056 0.0034134042048398253
9.550424338291345 -0.12531604156521814
9.679484126646633 -0.25196106525362283
9.808543915001922 -0.37441513939102217
9.93760370335721 -0.4906414459217839
10.066663491712498 -0.5987067552547416
10.195723280067787 -0.696813582293647
10.324783068423075 -0.7833300845857172
10.453842856778364 -0.8568172052827423
10.582902645133654 -0.9160526094371395
10.711962433488942 -0.9600510154928277
10.841022221844229 -0.9880805837906983
10.970082010199517 -0.9996750894933766
11.099141798554806 -0.9946416774531038
11.228201586910096 -0.9730640700335275
11.357261375265384 -0.935301174528661
11.486321163620671 -0.8819811133422643
11.61538095197596 -0.8139907762255906
11.744440740331248 -0.7324610683545059
11.873500528686538 -0.6387480996194473
12.002560317041826 -0.5344106280128411
12.131620105397113 -0.4211841323053561
12.260679893752402 -0.30095194526854097
12.389739682107692 -0.17571392759424923
12.51879947046298 -0.04755320356762952
12.647859258818269 0.08139848821005927
12.776919047173555 0.20899625271619315
12.905978835528844 0.3331177152365396
13.035038623884134 0.45169832350745337
13.164098412239422 0.5627656880786378
13.29315820059471 0.6644723897021548
13.422217988949999 0.7551267080517935
13.551277777305286 0.8332207606521327
13.680337565660576 0.8974555839734246
13.809397354015864 0.946762739510351
13.938457142371153 0.9803220854638184
14.067516930726441 0.9975754184236525
14.196576719081728 0.9982357581457091
14.325636507437018 0.9822921209867059
14.454696295792306 0.9500097025987004
14.583756084147595 0.9019254668443923
14.712815872502883 0.8388392143042488
14.84187566085817 0.7618002789358473
14.97093544921346 0.6720900741641799
15.099995237568749 0.5712007787194435
15.229055025924037 0.4608105167476031
15.358114814279325 0.34275544503097943
15.487174602634614 0.2189992116010915
15.616234390989904 0.09160029374848648
15.74529417934519 -0.03732224129302777
15.874353967700479 -0.16562398347421797
16.003413756055767 -0.29117084859343717
16.132473544411056 -0.4118745752065137
16.261533332766344 -0.5257274593519466
16.390593121121633 -0.630835749337546
16.51965290947692 -0.7254511451222772
16.64871269783221 -0.8079998783539422
16.777772486187498 -0.8771088893650678
16.906832274542786 -0.9316286657165956
17.035892062898075 -0.9706523624085198
17.164951851253363 -0.9935308857248533
17.29401163960865 -0.9998836898184675
17.42307142796394 -0.9896051064527369
17.55213121631923 -0.9628661026153512
17.681191004674517 -0.9201114367693446
17.810250793029805 -0.8620522610423298
17.939310581385094 -0.7896542924041092
18.068370369740382 -0.7041217495852736
18.19743015809567 -0.606877322919197
18.32648994645096 -0.49953851027549573
18.455549734806247 -0.38389071269699254
18.584609523161536 -0.2618575372491225
18.713669311516824 -0.13546880104404999
18.842729099872113 -0.006826768638870911
18.9717888882274 0.12192881560787183
19.10084867658269 0.24865631859328136
19.229908464937978 0.37124784094329316
19.358968253293266 0.48766427838188475
19.488028041648555 0.5959692388092617
19.617087830003843 0.6943612509353343
19.74614761835913 0.7812037287319115
19.87520740671442 0.8550521932952252
20.00426719506971 0.9146782993287809
20.133326983424997 0.9590902666063041
20.262386771780285 0.9875493765716816
20.391446560135574 0.9995822596826335
20.520506348490862 0.9949887691187754
20.64956613684615 0.9738453098881463
20.778625925201442 0.936503567958099
20.907685713556727 0.8835846605493394
21.036745501912016 0.81596880489313
21.165805290267308 0.7347806772945883
21.294865078622593 0.6413707060294697
21.423924866977885 0.537292609235679
21.55298465533317 0.42427755141909435
21.682044443688458 0.30420534843671826
21.81110423204375 0.1790731999140982
21.940164020399035 0.0509624691806913
22.069223808754327 -0.07799593671680385
22.19828359710961 -0.20565701107763373
22.3273433854649 -0.32989732613436856
22.456403173820192 -0.44865035271084475
22.585462962175477 -0.5599408334675497
22.71452275053077 -0.66191763799318
22.843582538886054 -0.7528845532529468
22.972642327241342 -0.8313284972463493
23.101702115596634 -0.8959446865874005
23.23076190395192 -0.9456583393869415
23.35982169230721 -0.9796425524459884
23.488881480662496 -0.9973320554029528
23.617941269017784 -0.9984326130576469
23.747001057373076 -0.9829259194801268
23.87606084572836 -0.951069902499128
24.005120634083653 -0.9033944335054073
24.134180422438938 -0.8406925139302507
24.263240210794226 -0.7640070849972358
24.392299999149518 -0.6746136801449585
24.521359787504803 -0.5739992086685249
24.650419575860095 -0.4638372234783087
24.779479364215383 -0.34596008435540637
24.90853915257067 -0.22232847972119676
25.03759894092596 -0.0949988138753191
25.166658729281245 0.03391099783934303
25.295718517636537 0.16225675700475867
25.424778305991826 0.2879036472705962
25.55383809434711 0.4087617434422042
25.682897882702402 0.5228207738795041
25.811957671057687 0.6281835579926247
25.94101745941298 0.7230975626577512
26.070077247768268 0.8059840526649926
26.199137036123556 0.8754643503296443
26.328196824478844 0.9303827674821541
26.45725661283413 0.969825828401677
26.58631640118942 0.9931374639519599
26.71537618954471 0.9999299241905864
26.844435977899998 0.9900902279386649
26.973495766255287 0.9637820420331632
27.10255555461057 0.921442959003696
27.231615342965863 0.8637772184550317
27.360675131321152 0.7917439932229364
27.48973491967644 0.7065414351434471
27.61879470803173 0.6095867458074857
27.747854496387014 0.5024926037903398
27.876914284742305 0.38704034044948704
28.005974073097594 0.26515031046641835
28.135033861452882 0.13884994996867425
28.26409364980817 0.010240053531746124
28.393153438163456 -0.11854016901372999
28.522213226518748 -0.24534867474810929
28.651273014874036 -0.3680762169525034
28.780332803229324 -0.4846814288888457
28.909392591584613 -0.5932247785103192
29.038452379939898 -0.6919008293225852
29.16751216829519 -0.7790682707905082
29.296571956650478 -0.8532772187849015
29.425631745005767 -0.9132933319722578
29.554691533361055 -0.9581183430116988
29.68375132171634 -0.9870066630571837
29.81281111007163 -0.9994777833769299
29.94187089842692 -0.9953242678099088
30.07093068678221 -0.974615203118328
30.199990475137497 -0.9376950498452624
30.329050263492782 -0.8851779127914972
30.458110051848074 -0.8179373264125751
30.587169840203366 -0.7370917250388602
30.71622962855865 -0.6439858395970862
30.84528941691394 -0.5401683302677202
30.974349205269228 -0.4273660271214043
31.103408993624516 -0.30745520719819475
31.232468781979808 -0.1824303857872339
31.361528570335093 -0.05437114101156228
31.49058835869038 0.07459247646463577
31.61964814704567 0.20231537325475016
31.748707935400958 0.32667309327896227
31.87776772375625 0.44559715452647364
32.006827512111535 0.557109454783001
32.13588730046683 0.6593551740420556
32.26494708882211 0.7506336263234745
32.394006877177404 0.8294265477311368
32.52306666553269 0.8944233502253164
32.65212645388797 0.9445429210556986
32.781186242243265 0.9789516052579484
32.91024603059855 0.9970770721052378
33.03930581895384 0.9986178348695735
33.168365607309134 0.98354826554764
33.29742539566442 0.952119021139639
33.42648518401971 0.9048528743906641
33.555544972374996 0.8425360183432683
33.68460476073029 0.766204989335347
33.81366454908557 0.6771294259574046
33.94272433744086 0.5767909507449213
34.07178412579615 0.46685852587352294
34.200843914151434 0.3491606927735889
34.329903702506726 0.22565515741165304
34.45896349086202 0.09839622713656053
34.5880232792173 -0.030499359276343313
34.717083067572595 -0.15888764002305344
34.84614285592788 -0.2846330914780776
34.97520264428317 -0.40564414904677304
35.10426243263846 -0.5199079968328542
35.23332222099374 -0.6255240474535385
35.362382009349034 -0.7207355551216112
35.49144179770432 -0.8039588361639104
35.62050158605961 -0.8738096109419765
35.7495613744149 -0.9291260290211002
35.87862116277019 -0.9689879946028332
36.00768095112548 -0.9927324707747555
36.136740739480764 -0.9999645080169796
36.265800527836056 -0.9905638135247324
36.39486031619134 -0.9646867520773185
36.52392010454663 -0.9227637451723787
36.65297989290192 -0.8654921116864996
36.7820396812572 -0.7938244691457299
36.911099469612495 -0.7089528885314501
37.04015925796779 -0.612289066179804
37.16921904632307 -0.5054408425818491
37.298278834678364 -0.3901854586547874
37.42733862303365 -0.2684399943214119
37.55639841138894 -0.14222948110223943
37.685458199744225 -0.013653219114052201
37.81451798809952 0.11515014126515029
37.9435777764548 0.24203817225665797
38.07263756481009 0.36490030437238463
38.20169735316538 0.4816929321969219
38.33075714152067 0.5904734063346139
38.459816929875956 0.6894323461226668
38.58887671823125 0.7769237356425002
38.71793650658653 0.8514923024326392
38.846996294941825 0.9118977235043254
38.97605608329711 0.9571352560332437
39.1051158716524 0.9864524495705577
39.234175660007686 0.9993616617935572
39.36323544836297 0.9956481696174879
39.49229523671826 0.9753737407537693
39.621355025073555 0.9388756063077618
39.75041481342884 0.8867608515051761
39.87947460178413 0.8198963178479699
40.00853439013942 0.7393941846604708
40.13759417849471 0.6465934698524312
40.266653966849994 0.5430377576028941
40.395713755205286 0.43044952342733855
40.52477354356057 0.31070148368769396
40.653833331915855 0.1857854460978782
40.78289312027115 0.05777917934457943
40.91195290862644 -0.07118814710851022
41.041012696981724 -0.19897137818216984
41.170072485337016 -0.3234450542370238
41.2991322736923 -0.44253876452825164
41.42819206204759 -0.5542715850144071
41.557251850402885 -0.6567850277049773
41.68631163875817 -0.7483739534897395
41.815371427113455 -0.827514934266789
41.94443121546875 -0.8928915926128166
42.07349100382403 -0.9434164975127661
42.20255079217932 -0.9782492519501761
42.331610580534615 -0.996810471501411
42.46067036888989 -0.9987914214234028
42.589730157245185 -0.9841591519380671
42.71878994560048 -0.9531570462965733
42.84784973395577 -0.90630077250734
42.976909522311054 -0.8443697060639663
43.10596931066634 -0.7683939663416116
43.23502909902163 -0.679637282289647
43.364088887376916 -0.5795759724210314
43.49314867573221 -0.46987438873095094
43.6222084640875 -0.3523572329940592
43.75126825244278 -0.22897920591214396
43.88032804079807 -0.10179249394772713
44.00938782915336 0.027087365354261674
44.13844761750865 0.15551667178390452
44.26750740586394 0.2813592193223183
44.39656719421922 0.40252182834442557
44.525626982574515 0.5169891621498234
44.6546867709298 0.6228572487072108
44.78374655928509 0.7183651500344678
44.912806347640384 0.8019242524472393
45.04186613599566 0.8721446904820325
45.17092592435095 0.9278584649761462
45.299985712706246 0.9681388707738929
45.42904550106154 0.9923159109119623
45.55810528941682 0.9999874408946985
45.68716507777211 0.9910258576930232
45.8162248661274 0.9655802222067109
45.945284654482684 0.9240737798864417
46.074344442837976 0.8671969207558875
46.20340423119327 0.7958956959320982
46.332464019548546 0.7113560816525656
46.46152380790384 0.6149842525504444
46.59058359625913 0.5083831922990286
46.71964338461442 0.39332603066798205
46.84870317296971 0.2717265504847981
46.97776296132499 0.1456073550686112
47.10682274968028 0.017066225617753575
47.23588253803557 -0.11175877186055626
47.36494232639086 -0.2387248496907979
47.49400211474615 -0.36172014020666443
47.62306190310143 -0.47869882312617074
47.75212169145672 -0.5877151543393737
47.881181479812014 -0.6869558300967685
48.010241268167306 -0.7747701482746431
48.13930105652259 -0.8496974650351491
48.268360844877876 -0.9104914901857203
48.39742063323317 -0.9561410171252431
48.52648042158845 -0.9858867425691427
48.655540209943744 -0.99923389628549
48.784599998299036 -0.9959604707676135
48.913659786654314 -0.9761209139564734
49.042719575009606 -0.9400452235905098
49.1717793633649 -0.8883334582469858
49.30083915172019 -0.8218457563743956
49.429898940075475 -0.7416880293326193
49.55895872843077 -0.6491935664130601
49.68801851678605 -0.5459008578084606
49.81707830514134 -0.4335280044099711
49.94613809349663 -0.31394414008166605
50.07519788185192 -0.1891383417549803
50.20425767020721 -0.061186544471439536
50.33331745856249 0.06778298831349099
50.46237724691778 0.1956250648219975
50.591437035273074 0.32021324661960526
50.720496823628366 0.4394752183506075
50.84955661198365 0.5514272572268168
50.978616400338936 0.6542072289276455
51.10767618869422 0.7461055610800033
51.23673597704951 0.8255936791262167
51.365795765404805 0.8913494315969621
51.4948555537601 0.9422790818825142
51.623915342115374 0.9775355007060418
51.752975130470666 0.9965322566977307
51.88203491882596 0.9989533706966139
52.01109470718125 0.9847585715337461
52.140154495536535 0.9541839658755237
52.26921428389182 0.9077381109854525
52.39827407224711 0.8461935557273846
52.5273338606024 0.7705739905114544
52.65639364895769 0.6821372199217461
52.78545343731298 0.5823542412475563
52.91451322566826 0.4728847769116917
53.04357301402355 0.3555496677727959
53.17263280237884 0.23230058649295576
53.301692590734135 0.10518757473766295
53.43075237908942 -0.023675055827475134
53.559812167444704 -0.15214389156367683
53.688871955799996 -0.27808206894838516
53.81793174415528 -0.39939481771446755
53.94699153251057 -0.5140643038388087
54.076051320865865 -0.6201831928254825
54.20511110922114 -0.7159863750147613
54.334170897576435 -0.7998803252206342
54.46323068593173 -0.870469608348412
54.59229047428702 -0.9265800901161478
54.721350262642304 -0.9672784668083053
54.85041005099759 -0.9918877892170691
54.97946983935288 -0.999998722556544
55.108529627708165 -0.9914763550600912
55.23758941606346 -0.9664624420111971
55.36664920441875 -0.9253730478821864
55.49570899277403 -0.8688916257998529
55.62476878112932 -0.7979576494494451
55.75382856948461 -0.7137509865063075
55.8828883578399 -0.6176722735167972
56.01194814619519 -0.5113196186594963
56.14100793455047 -0.3964620198971357
56.270067722905765 -0.2750099406637241
56.39912751126105 -0.14898353251094243
56.52818729961634 -0.02047903327667882
56.65724708797163 0.10836610031404591
56.78630687632691 0.23540874565524006
56.9153666646822 0.35853576150856087
57.044426453037495 0.47569913656205715
57.17348624139279 0.5849500546620089
57.30254602974807 0.6844713100996754
57.43160581810336 0.772607533779159
57.56066560645865 0.8478927275047299
57.689725394813934 0.9090746484009822
57.818785183169226 0.9551356378719338
57.94784497152452 0.9853095486442002
58.076904759879795 0.9990944883413703
58.20596454823509 0.9962611676215545
58.33502433659038 0.9768567140208507
58.46408412494567 0.9412038880658646
58.593143913300956 0.8898957146939155
58.72220370165624 0.8237856192782419
58.85126349001153 0.7439732323288958
58.98032327836682 0.6517860989843115
59.10938306672211 0.5487575975254053
59.2384428550774 0.4366014342007858
59.36750264343268 0.31718313859875685
59.49656243178797 0.19248903369276987
59.62562222014326 0.06459319669172217
59.754682008498555 -0.06437703975433781
59.88374179685384 -0.19227647216333876
60.012801585209125 -0.31697770808166104
60.14186137356442 -0.4364065516880018
60.2709211619197 -0.5485765045605174
60.399980950274994 -0.6516218077449382
60.529040738630286 -0.7438284755241419
60.658100526985564 -0.8236628046946514
60.787160315340856 -0.8897968851460265
60.91622010369615 -0.941130687417377
61.04527989205144 -0.9768103598417244
61.17433968040673 -0.9962424309357807
61.30339946876201 -0.9991036808022787
61.4324592571173 -0.985346517350627
61.56151904547259 -0.9551997679114782
61.69057883382788 -0.9091648730780444
61.81963862218317 -0.8480075460831905
61.948698410538455 -0.7727450364446286
62.07775819889374 -0.6846292097260281
62.20681798724903 -0.5851257248538968
62.335877775604324 -0.47588965534060323
62.464937563959616 -0.35873795991355856
62.593997352314894 -0.23561926045550793
62.723057140670186 -0.10858142994908025
62.85211692902548 0.020262470454037947
62.98117671738076 0.1487693386598684
63.110236505736054 0.27480167853954424
63.23929629409134 0.3962631535908258
63.368356082446624 0.5111334559783878
63.497415870801916 0.6175019109647305
63.62647565915721 0.7135992577784762
63.7555354475125 0.7978270782986484
63.88459523586778 0.8687843840580901
64.01365502422307 0.925290919335903
64.14271481257836 0.9664067927309485
64.27177460093365 0.9914481106782798
64.40083438928895 0.9999983528710693
