0.0 0.0
0.09556646629918289 0.09542106542721156
0.19113293259836578 0.18997131814459156
0.2866993988975487 0.28278789247970754
0.38226586519673156 0.373023744310256
0.4778323314959144 0.4598553811893154
0.5733987977950974 0.5424903775379927
0.6689652640942803 0.6201746063218102
0.7645317303934631 0.6921991212145501
0.860098196692646 0.7579066264429233
0.9556646629918288 0.8166974752682562
1.0512311292910117 0.8680351423630472
1.1467975955901948 0.911451120141481
1.2423640618893774 0.9465491943599836
1.3379305281885605 0.9730090599686878
1.4334969944877431 0.9905892442155408
1.5290634607869262 0.9991293103268095
1.624629927086109 0.9985513216531889
1.720196393385292 0.9888605529197189
1.8157628596844748 0.9701454420886392
1.9113293259836577 0.9425767832744847
2.0068957922828408 0.9064061680768764
2.1024622585820234 0.8619636895554076
2.1980287248812065 0.8096549298001504
2.2935951911803896 0.7499572585892192
2.389161657479572 0.6834154769118411
2.484728123778755 0.6106368451141467
2.580294590077938 0.5322855410408267
2.675861056377121 0.449076598747658
2.771427522676304 0.3617693831002088
2.8669939889754863 0.2711606598095463
2.9625604552746694 0.17807732414779612
3.0581269215738525 0.08336885470131594
3.1536933878730355 -0.012100438971481275
3.249259854172218 -0.1074593040297606
3.344826320471401 -0.2018374954043013
3.440392786770584 -0.29437371765460635
3.535959253069767 -0.3842234851516941
3.6315257193689496 -0.47056682885453965
3.7270921856681327 -0.5526157793481185
3.8226586519673154 -0.6296215578528356
3.918225118266499 -0.700881409580196
4.0137915845656815 -0.7657450170734913
4.109358050864864 -0.8236204350053689
4.204924517164047 -0.8739794922713019
4.30049098346323 -0.916362612079457
4.396057449762413 -0.9503830060488198
4.491623916061596 -0.97573020404023
4.587190382360779 -0.992172887507089
4.682756848659961 -0.9995610005085771
4.778323314959144 -0.9978271191202753
4.8738897812583275 -0.9869870667449459
4.96945624755751 -0.9671397697081483
5.065022713856694 -0.9384663544565223
5.160589180155876 -0.9012284945977108
5.256155646455059 -0.8557660228668308
5.351722112754242 -0.8024938298126976
5.447288579053424 -0.7418980775063853
5.542855045352608 -0.6745317628258235
5.63842151165179 -0.6010096708059094
5.733987977950973 -0.522002764109841
5.829554444250157 -0.4382320598233868
5.925120910549339 -0.35046204945246195
6.020687376848523 -0.2594937221730996
6.116253843147705 -0.16615725500368275
6.211820309446887 -0.07130443660888273
6.307386775746071 0.02419910612428604
6.402953242045253 0.1194818077980366
6.498519708344436 0.2136741184102509
6.5940861746436195 0.3059164388683977
6.689652640942802 0.3953669656914556
6.785219107241986 0.48120937330907315
6.880785573541168 0.5626602638492859
6.976352039840351 0.6389763164280547
7.071918506139534 0.7094610706961655
7.167484972438716 0.7734712827368658
7.263051438737899 0.830422795310301
7.358617905037082 0.8797958688728904
7.454184371336265 0.9211399247207674
7.5497508376354485 0.954077656971346
7.645317303934631 0.9783084758570688
7.740883770233813 0.9936112509078365
7.836450236532998 0.9998463289878323
7.93201670283218 0.9969568087701367
8.027583169131363 0.9849690600182774
8.123149635430545 0.9639924829357494
8.218716101729727 0.9342185097796797
8.314282568028911 0.8959188578499153
8.409849034328094 0.8494430497967578
8.505415500627278 0.7952152238770062
8.60098196692646 0.7337302632679361
8.696548433225642 0.6655492797630711
8.792114899524826 0.5912944930655647
8.887681365824008 0.5116435524107589
8.983247832123192 0.427323352338779
9.078814298422374 0.33910339905446313
9.174380764721558 0.24778878791318676
9.26994723102074 0.15421285612009902
9.365513697319923 0.0592295776941942
9.461080163619107 -0.03629422989917807
9.556646629918289 -0.13148681632510248
9.652213096217473 -0.2254794539732765
9.747779562516655 -0.3174143659667758
9.843346028815837 -0.406452554234445
9.93891249511502 -0.4917814562078751
10.034478961414203 -0.5726223602679743
10.130045427713387 -0.6482375122677437
10.22561189401257 -0.7179368482771429
10.321178360311752 -0.7810842921069999
10.416744826610934 -0.8371035601407546
10.512311292910118 -0.8854834204991487
10.607877759209302 -0.9257823585427108
10.703444225508484 -0.9576326061346677
10.799010691807666 -0.9807434978932181
10.894577158106848 -0.9949041238040083
10.990143624406032 -0.9999852539850718
11.085710090705216 -0.9959405180388219
11.181276557004399 -0.9828068282283333
11.27684302330358 -0.9607040426160033
11.372409489602763 -0.9298338712387897
11.467975955901945 -0.8904780353022733
11.563542422201131 -0.8429956961927365
11.659108888500313 -0.7878201777701083
11.754675354799495 -0.7254550118541049
11.850241821098678 -0.6564693429924972
11.94580828739786 -0.5814927344475688
12.041374753697045 -0.5012094228013404
12.136941219996228 -0.41635207361205606
12.23250768629541 -0.32769509510776834
12.328074152594592 -0.23604757093631892
12.423640618893774 -0.14224587646739983
12.51920708519296 -0.04714604603034101
12.614773551492142 0.048384039255763754
12.710340017791324 0.1434725717657779
12.805906484090507 0.23725177348550489
12.901472950389689 0.3288658153544561
12.997039416688873 0.417478627562457
13.092605882988057 0.5022815295233151
13.188172349287239 0.582500609894418
13.283738815586421 0.6574037892921911
13.379305281885603 0.726307501249059
13.474871748184787 0.7885829304415091
13.570438214483971 0.8436617512591709
13.666004680783153 0.8910413143447364
13.761571147082336 0.930289233772348
13.857137613381518 0.961047333001857
13.952704079680702 0.9830349135981814
14.048270545979886 0.996051316885419
14.143837012279068 0.9999777551580664
14.23940347857825 0.9947783957377011
14.334969944877432 0.98050068798203
14.430536411176616 0.9572749302620178
14.526102877475799 0.9253130808588633
14.621669343774983 0.8849068236325746
14.717235810074165 0.8364249061148625
14.812802276373347 0.780309774318904
14.90836874267253 0.717073534976718
15.003935208971713 0.6472932820527743
15.099501675270897 0.5716058301840625
15.19506814157008 0.49070190310927947
15.290634607869261 0.4053198301234969
15.386201074168445 0.3162388080845024
15.481767540467626 0.224271790461737
15.577334006766812 0.13025806832234443
15.672900473065996 0.03505561096033407
15.768466939365176 -0.0604667639318166
15.86403340566436 -0.15543731909403521
15.95959987196354 -0.24898935317347667
16.055166338262726 -0.3402691102417051
16.15073280456191 -0.42844357117186105
16.24629927086109 -0.5127080557718253
16.341865737160276 -0.5922935662962022
16.437432203459455 -0.6664738053202712
16.53299866975864 -0.7345718039308238
16.628565136057823 -0.7959660997449006
16.724131602357005 -0.8500964083759625
16.819698068656187 -0.8964687365895805
16.91526453495537 -0.9346598904860419
17.010831001254555 -0.9643213375681755
17.106397467553737 -0.9851823874491605
17.20196393385292 -0.9970526621731932
17.2975304001521 -0.9998238336048392
17.393096866451284 -0.9934706120316749
17.48866333275047 -0.9780509769582202
17.584229799049652 -0.9537056479849418
17.679796265348834 -0.920656800601078
17.775362731648016 -0.8792060386109702
17.8709291979472 -0.829731641697533
17.966495664246384 -0.7726851132416014
18.062062130545566 -0.7085870599017698
18.15762859684475 -0.6380224405576497
18.25319506314393 -0.5616352279747319
18.348761529443117 -0.48012253190847454
18.4443279957423 -0.39422823728019907
18.53989446204148 -0.30473621548275925
18.635460928340663 -0.21246317076967436
18.731027394639845 -0.11825118701153683
18.82659386093903 -0.02296004283801701
18.922160327238213 0.07254063470249857
19.017726793537395 0.1673793063599802
19.113293259836578 0.2606904743505462
19.20885972613576 0.3516225808898477
19.304426192434946 0.4393457795100073
19.399992658734128 0.5230595082390522
19.49555912503331 0.6019997955300508
19.591125591332492 0.6754462322659698
19.686692057631674 0.7427285462137849
19.78225852393086 0.8032327189293494
19.87782499023004 0.8564065892901348
19.973391456529225 0.9017648925180436
20.068957922828407 0.9388936887060864
20.16452438912759 0.9674541404342829
20.260090855426775 0.9871856050001854
20.355657321725953 0.9979080130443625
20.45122378802514 0.9995235118635049
20.54679025432432 0.9920173584142581
20.642356720623503 0.9754580538582508
20.73792318692269 0.9499967184204422
20.833489653221868 0.9158657122658503
20.929056119521054 0.87337651498051
21.024622585820236 0.8229168830085708
21.120189052119418 0.7649473109867015
21.215755518418604 0.6999968292697183
21.311321984717782 0.6286581759992079
21.406888451016968 0.5515823877748047
21.50245491731615 0.46947285829376406
21.598021383615333 0.383078919179559
21.69358784991452 0.29318900158097116
21.789154316213697 0.20062344094888948
21.884720782512883 0.10622699065437406
21.980287248812065 0.010861112768849237
22.075853715111247 -0.08460388363940097
22.171420181410433 -0.17929678494638485
22.26698664770961 -0.2723534236685309
22.362553114008797 -0.36292456485578556
22.45811958030798 -0.4501836562103133
22.55368604660716 -0.5333343712033822
22.649252512906347 -0.6116178763518081
22.744818979205526 -0.6843197563328421
22.84038544550471 -0.7507765337389366
22.93595191180389 -0.8103817239729899
23.031518378103076 -0.8625913700272437
23.127084844402262 -0.9069290066352839
23.22265131070144 -0.9429900084944108
23.318217777000626 -0.9704452828764405
23.413784243299805 -0.9890442729281546
23.50935070959899 -0.9986172442533346
23.604917175898176 -0.9990768339089697
23.700483642197355 -0.9904188476795418
23.79605010849654 -0.9727222983534354
23.89161657479572 -0.946148684652181
23.987183041094905 -0.9109405173929994
24.08274950739409 -0.8674191063349262
24.17831597369327 -0.8159816279057228
24.273882439992455 -0.7570975005695048
24.369448906291634 -0.6913041009135378
24.46501537259082 -0.6192018595490922
24.560581838890005 -0.541448781581297
24.656148305189184 -0.45875444165407736
24.75171477148837 -0.3718735083714379
24.84728123778755 -0.28159885719129824
24.942847704086734 -0.1887543346434581
25.03841417038592 -0.09418723990563634
25.1339806366851 0.0012394076494370186
25.229547102984284 0.09665474436944177
25.325113569283463 0.19118800982471826
25.42068003558265 0.28397649336861375
25.51624650188183 0.37417340723539483
25.611812968181013 0.460955614326028
25.7073794344802 0.5435311401579068
25.802945900779378 0.6211464004245226
25.898512367078563 0.6930930782064054
25.994078833377745 0.7587145880717859
26.089645299676928 0.8174120680757361
26.185211765976113 0.8686498449746853
26.280778232275292 0.9119603227808101
26.376344698574478 0.9469482500433641
26.47191116487366 0.9732943269136728
26.567477631172842 0.9907581190757909
26.663044097472028 0.9991802519502322
26.758610563771207 0.998483865146493
26.854177030070392 0.9886753138910314
26.949743496369575 0.9698441110294658
27.045309962668757 0.9421621101322823
27.140876428967943 0.9058819371590296
27.23644289526712 0.8613346849936423
27.332009361566307 0.8089268918905339
27.42757582786549 0.7491368314062259
27.52314229416467 0.6825101476745166
27.618708760463857 0.6096548758577413
27.714275226763036 0.5312358932174672
27.80984169306222 0.44796885144410864
27.905408159361404 0.3606136456191398
28.000974625660586 0.2699674794120174
28.09654109195977 0.17685758979894708
28.19210755825895 0.08213369769767456
28.287674024558136 -0.013339746586242868
28.383240490857318 -0.10869145233348015
28.4788069571565 -0.20305123981069725
28.574373423455686 -0.29555798153137997
28.669939889754865 -0.3853674609058708
28.76550635605405 -0.4716600765625938
28.861072822353233 -0.5536483220306979
28.956639288652415 -0.6305839725246976
29.052205754951597 -0.7017649132443711
29.14777222125078 -0.7665415468749232
29.243338687549965 -0.8243227218125349
29.338905153849147 -0.8745811270143058
29.43447162014833 -0.9168581042392134
29.53003808644751 -0.9507678337635325
29.625604552746694 -0.9760008553719056
29.72117101904588 -0.9923268924914858
29.81673748534506 -0.9995969536960991
29.912303951644244 -0.9977446924021083
30.007870417943426 -0.9867870123473774
30.10343688424261 -0.9668239133277508
30.199003350541794 -0.9380375785988433
30.294569816840976 -0.900690712271528
30.39013628314016 -0.8551241418740295
30.48570274943934 -0.8017537079596672
30.581269215738523 -0.7410664691456738
30.67683568203771 -0.6736162572159111
30.77240214833689 -0.6000186228516338
30.867968614636077 -0.520945218115523
30.96353508093525 -0.437117666954521
31.059101547234437 -0.34930097965913826
31.154668013533623 -0.2582965713790655
31.250234479832805 -0.16493494840792364
31.34580094613199 -0.07006812898224285
31.441367412431166 0.02543813223752882
31.536933878730352 0.12071224504471857
31.632500345029538 0.21488473781919726
31.72806681132872 0.3070961923260321
31.823633277627906 0.39650508676690266
31.91919974392708 0.4822954755085911
32.01476621022626 0.5636844354034504
32.11033267652545 0.639929210746551
32.205899142824634 0.7103339916647705
32.30146560912382 0.7742562640782102
32.397032075423 0.8311126732841143
32.49259854172218 0.880384347652301
32.58816500802136 0.921621633848023
32.68373147432055 0.9544482003686166
32.779297940619735 0.9785644719450493
32.87486440691891 0.9937503634660481
32.97043087321809 0.9998672884749729
33.06599733951728 0.9968594239099117
33.16156380581646 0.9847542195449895
33.257130272115646 0.9636621474837079
33.35269673841483 0.933775693990451
33.44826320471401 0.8953676028607025
33.54382967101319 0.8487883863609773
33.639396137312374 0.794463126453632
33.734962603611564 0.7328875954985743
33.83052906991074 0.6646237318343837
33.92609553620992 0.590294511528593
34.02166200250911 0.5105782630977013
34.11722846880829 0.4262024770806589
34.212794935107475 0.3379371669596687
34.30836140140666 0.24658784201663242
34.40392786770584 0.15298815625487514
34.49949433400502 0.0579923004721274
34.5950608003042 -0.037532793085292004
34.69062726660339 -0.13271536234676953
34.78619373290257 -0.22668677111862795
34.88176019920175 -0.31858943625870745
34.97732666550094 -0.40758465398065724
35.07289313180012 -0.4928602538652855
35.168459598099304 -0.5736380107284051
35.264026064398486 -0.6491807467043831
35.35959253069767 -0.7187990587318637
35.45515899699685 -0.7818576100465892
35.55072546329603 -0.8377809282651548
35.64629192959522 -0.8860586571463852
35.7418583958944 -0.9262502141027324
35.83742486219358 -0.9579888109573105
35.93299132849277 -0.9809848012530228
36.02855779479195 -0.9950283235663425
36.12412426109113 -0.9999912167028177
36.219690727390315 -0.9958281892962133
36.3152571936895 -0.9825772331375541
36.41082365998868 -0.9603592764620124
36.50639012628786 -0.9293770803577495
36.60195659258705 -0.8899133883680804
36.69752305888623 -0.842328346173712
36.79308952518541 -0.7870562149029954
36.8886559914846 -0.7246014080645542
36.98422245778378 -0.6555338882692938
37.07978892408296 -0.580483965751171
37.175355390382144 -0.5001365461555801
37.270921856681326 -0.4152248800899501
37.36648832298051 -0.32652387147818784
37.46205478927969 -0.2348430057869266
37.55762125557888 -0.14101896266058458
37.65318772187806 -0.04590798038237246
37.74875418817724 0.04962195815691269
37.84432065447643 0.14469904667136363
37.93988712077561 0.23845561158467404
38.03545358707479 0.33003603041987356
38.13102005337397 0.41860454021061577
38.226586519673155 0.5033528646746006
38.32215298597234 0.583507590543492
38.41771945227152 0.6583372257329457
38.51328591857071 0.7271588749398878
38.60885238486989 0.7893444717455077
38.704418851169066 0.8443265103498628
38.799985317468256 0.8916032246302038
38.89555178376744 0.9307431672589287
38.99111825006662 0.9613891470922351
39.0866847163658 0.9832614888967286
39.182251182664984 0.9961605856658027
39.27781764896417 0.9999687202333206
39.37338411526335 0.9946511395605554
39.46895058156254 0.9802563718924447
39.56451704786172 0.9569157838887985
39.660083514160895 0.9248423817720656
39.75564998046008 0.8843288674323925
39.85121644675927 0.8357449672299787
39.94678291305845 0.7795340578720609
40.04234937935763 0.7162091201567531
40.13791584565681 0.6463480575099382
40.233482311955996 0.5705884220381958
40.32904877825518 0.4896215962278315
40.42461524455437 0.404186483387817
40.52018171085355 0.31506276441770087
40.615748177152724 0.22306378243914335
40.71131464345191 0.1290291202260162
40.806881109751096 0.03381693817144917
40.90244757605028 -0.0617038572845169
40.99801404234946 -0.15666154329574536
41.09358050864864 -0.25018953595327903
41.189146974947825 -0.3414342987307066
41.28471344124701 -0.42956313185909956
41.380279907546196 -0.5137717715456921
41.47584637384538 -0.5932917296857917
41.57141284014455 -0.6673973070857921
41.666979306443736 -0.7354122161945187
41.762545772742925 -0.79671575290387
41.85811223904211 -0.8507484610949484
41.95367870534129 -0.8970172382350134
42.04924517164047 -0.935099835431522
42.144811637939654 -0.9646487108758216
42.240378104238836 -0.9853942015099394
42.33594457053802 -0.997146983971838
42.43151103683721 -0.9997998023605493
42.52707750313638 -0.9933284470536029
42.622643969435565 -0.9777919756440558
42.718210435734754 -0.953332173980857
42.813776902033936 -0.9201722622310967
42.90934336833312 -0.8786148577725956
43.0049098346323 -0.8290392135075098
43.10047630093148 -0.7718977568000782
43.196042767230665 -0.7077119606241808
43.29160923352985 -0.6370675846006141
43.38717569982904 -0.5606093293543757
43.48274216612821 -0.4790349529763395
43.578308632427394 -0.3930889032823718
43.67387509872658 -0.303555523982094
43.769441565025765 -0.21125189675763859
43.86500803132495 -0.11702038457561162
43.96057449762413 -0.021720944282097043
44.05614096392331 0.07377672136412879
44.151707430222494 0.16860110059958203
44.247273896521676 0.2618868260730345
44.342840362820866 0.3527825721885729
44.43840682912004 0.4404588243035493
44.53397329541922 0.5241154488798568
44.62953976171841 0.6029889955030969
44.725106228017594 0.6763596641316055
44.82067269431678 0.7435578739921656
44.91623916061596 0.8039703741745873
45.01180562691514 0.8570458401599501
45.10737209321432 0.9022999052085477
45.202938559513505 0.9393195806910932
45.298505025812695 0.9677670250232413
45.39407149211187 0.9873826268081135
45.48963795841105 0.9979873740501063
45.58520442471024 0.9994844878184697
45.68077089100942 0.9918603054519061
45.776337357308606 0.9751844052440262
45.87190382360778 0.9496089714717931
45.96747028990697 0.9153674055616948
46.06303675620615 0.8727721960681837
46.158603222505334 0.8222120669028888
46.254169688804524 0.7641484298399328
46.3497361551037 0.6991111736717787
46.44530262140288 0.627693828443694
46.54086908770207 0.5505481488981824
46.63643555400125 0.4683781665607473
46.732002020300435 0.38193376474766916
46.82756848659961 0.2920038351303648
46.9231349528988 0.1994090783094035
47.01870141919798 0.10499451410031953
47.11426788549716 0.009621769882117057
47.20983435179635 -0.0858387826147667
47.30540081809553 -0.18051597032145358
47.40096728439471 -0.273545769156731
47.4965337506939 -0.3640791891113576
47.59210021699308 -0.4512900221314899
47.687666683292264 -0.5343823820939928
