0.0 0.0
0.07742280828037576 0.07734548231613081
0.15484561656075152 0.1542275648338446
0.2322684248411273 0.2301856241207996
0.30969123312150304 0.3047645728427691
0.3871140414018788 0.37751758632727045
0.4645368496822546 0.44800877962312924
0.5419596579626303 0.5158158190169169
0.6193824662430061 0.5805324523598924
0.6968052745233818 0.6417709430455042
0.7742280828037575 0.6991643930547692
0.8516508910841334 0.7523689411514741
0.9290736993645092 0.8010658230571556
1.0064965076448849 0.8449632812627403
1.0839193159252607 0.8837983130345931
1.1613421242056363 0.9173382461421492
1.2387649324860122 0.9453821328664787
1.316187740766388 0.9677619539378617
1.3936105490467636 0.9843436251892269
1.4710333573271395 0.9950278008942928
1.548456165607515 0.9997504689773734
1.625878973887891 0.9984833345287706
1.7033017821682668 0.9912339893279972
1.7807245904486426 0.9780458663591668
1.8581473987290185 0.9589979795910625
1.9355702070093939 0.9342044505809404
2.0129930152897697 0.9038138247383222
2.0904158235701455 0.868008181345249
2.1678386318505214 0.8270020426651251
2.2452614401308972 0.7810410886760073
2.3226842484112726 0.7304006851287559
2.4001070566916485 0.675384233748886
2.4775298649720243 0.6163213544665557
2.5549526732524 0.5535659105654854
2.632375481532776 0.4874938885827362
2.7097982898131514 0.4185011456614917
2.7872210980935272 0.34700103785312686
2.864643906373903 0.2734219435781135
2.942066714654279 0.19820469708343963
3.019489522934655 0.12179994727346719
3.09691233121503 0.04466545773825778
3.1743351394954065 -0.032736635844303516
3.251757947775782 -0.10994259450085626
3.3291807560561573 -0.1864898543607436
3.4066035643365336 -0.2619197980137929
3.484026372616909 -0.33578050222367734
3.5614491808972852 -0.40762944553449887
3.6388719891776606 -0.47703615954849443
3.716294797458037 -0.5435848079902977
3.7937176057384123 -0.6068766781057892
3.8711404140187877 -0.6665325694688466
3.948563222299164 -0.7221950658839258
4.025986030579539 -0.7735306767728334
4.103408838859916 -0.8202318352160147
4.180831647140291 -0.8620187406774794
4.2582544554206665 -0.8986410353730698
4.335677263701043 -0.9298793042384372
4.413100071981418 -0.9555463895099775
4.4905228802617945 -0.9754885120426836
4.56794568854217 -0.989586192646757
4.645368496822545 -0.9977549679229866
4.7227913051029216 -0.9999458963081035
4.800214113383297 -0.9961458512982501
4.877636921663673 -0.9863776000937694
4.955059729944049 -0.9706996671941347
5.032482538224424 -0.9492059837602582
5.1099053465048 -0.9220253248449578
5.187328154785176 -0.8893205378632997
5.264750963065552 -0.8512875669252781
5.342173771345927 -0.808154278876353
5.419596579626303 -0.7601790980793749
5.497019387906679 -0.7076494581173345
5.5744421961870545 -0.650880079693245
5.651865004467431 -0.5902110850447617
5.729287812747806 -0.5260059601706591
5.806710621028182 -0.4586493770780538
5.884133429308558 -0.38854488909795387
5.961556237588933 -0.31611251307717986
6.03897904586931 -0.24178621293245506
6.116401854149685 -0.16601129964346292
6.19382466243006 -0.089241763262261
6.271247470710436 -0.011937552923799588
6.348670278990813 0.06543817884620463
6.426093087271188 0.14242185101585234
6.503515895551564 0.21855223149897113
6.580938703831939 0.2933732005337746
6.6583615121123145 0.36643648343207375
6.735784320392692 0.4373043363263179
6.813207128673067 0.505552168823348
6.8906299369534425 0.5707710878517867
6.968052745233818 0.6325703474620874
7.045475553514193 0.6905796899017848
7.1228983617945705 0.7444515639398591
7.200321170074946 0.7938632071495699
7.277743978355321 0.8385185796741981
7.355166786635697 0.8781501378899083
7.432589594916074 0.9125204373392078
7.510012403196449 0.9414235553313396
7.587435211476825 0.964686324686398
7.6648580197572 0.9821693712314262
7.7422808280375754 0.9937679488325576
7.819703636317953 0.9994125669602698
7.897126444598328 0.9990694070278247
7.974549252878703 0.9927405250084833
8.051972061159079 0.9804638391175591
8.129394869439455 0.9623129026331065
8.206817677719831 0.938396463216348
8.284240486000206 0.9088578113720776
8.361663294280582 0.8738739219526093
8.439086102560957 0.833654393848783
8.516508910841333 0.7884401942206384
8.59393171912171 0.7385022147914656
8.671354527402086 0.6841396488548851
8.74877733568246 0.625678198718804
8.826200143962836 0.5634681243259725
8.90362295224321 0.4978821447424573
8.981045760523589 0.4293132050868034
9.058468568803963 0.35817212227892753
9.13589137708434 0.28488512371369196
9.213314185364714 0.20989129360577854
9.29073699364509 0.13363994230549614
9.368159801925467 0.05658791434679288
9.445582610205843 -0.020803148644285816
9.523005418486218 -0.09806957378193519
9.600428226766594 -0.17474843492282122
9.67785103504697 -0.25038032619433664
9.755273843327346 -0.32451211443188543
9.832696651607721 -0.3966996540344964
9.910119459888097 -0.46651044797327923
9.987542268168472 -0.533526239009801
10.064965076448848 -0.5973455155996652
10.142387884729224 -0.6575859174676316
10.2198106930096 -0.7138865264418013
10.297233501289975 -0.7659100288217716
10.374656309570351 -0.8133447363253867
10.452079117850726 -0.8559064535059692
10.529501926131104 -0.893340180451812
10.606924734411479 -0.9254216405665125
10.684347542691855 -0.9519586242768069
10.76177035097223 -0.9727921406173043
10.839193159252606 -0.9877973697926747
10.916615967532982 -0.9968844110101774
10.994038775813358 -0.9999988211020631
11.071461584093733 -0.9971219407107901
11.148884392374109 -0.9882710060827876
11.226307200654485 -0.9734990458009748
11.303730008934862 -0.9528945630747419
11.381152817215236 -0.9265810054908895
11.458575625495612 -0.894716025402403
11.535998433775987 -0.8574905353863003
11.613421242056363 -0.8151275644295725
11.69084405033674 -0.767880921696167
11.768266858617116 -0.7160336758807625
11.84568966689749 -0.6598964592599961
11.923112475177867 -0.5998056066020605
12.000535283458241 -0.5361211400850423
12.07795809173862 -0.469224612296917
12.155380900018994 -0.39951682024048285
12.23280370829937 -0.3274154040392399
12.310226516579744 -0.2533523447311618
12.38764932486012 -0.17777137614174818
12.465072133140497 -0.10112532634265643
12.542494941420872 -0.023873404623982224
12.619917749701248 0.053521549765238936
12.697340557981626 0.1305958406246799
12.774763366262 0.20688769294462742
12.852186174542377 0.2819400195374806
12.929608982822751 0.35530315958307707
13.007031791103127 0.4265375726804771
13.084454599383504 0.4952164722652774
13.161877407663878 0.5609283826149123
13.239300215944255 0.6232796041221453
13.316723024224629 0.6818965720665493
13.394145832505005 0.7364280947519108
13.471568640785383 0.7865474576001695
13.548991449065756 0.8319543805956668
13.626414257346134 0.8723768173520816
13.703837065626509 0.9075725850232554
13.781259873906885 0.937330815292703
13.858682682187261 0.9614732177484282
13.936105490467636 0.9798551480738361
14.013528298748012 0.992366474654873
14.090951107028387 0.9989322384112926
14.168373915308763 0.9995131018988119
14.245796723589141 0.994105584991443
14.323219531869515 0.9827420857319649
14.400642340149892 0.9654906862256077
14.478065148430266 0.9424547447399046
14.555487956710643 0.9137722764545544
14.632910764991019 0.8796151265714168
14.710333573271393 0.840187940738776
14.78775638155177 0.7957269389583662
14.865179189832148 0.7464985003210594
14.94260199811252 0.6927975670504757
15.020024806392898 0.6349458774163452
15.097447614673271 0.5732900381048293
15.17487042295365 0.5081994475947008
15.252293231234026 0.4400640829811752
15.3297160395144 0.36929216350707716
15.407138847794776 0.2963077047998945
15.484561656075151 0.22154797846800003
15.561984464355527 0.1454608922763237
15.639407272635905 0.06850230659766972
15.716830080916278 -0.008866696782412564
15.794252889196656 -0.08618257714382402
15.87167569747703 -0.16298211204225746
15.949098505757407 -0.23880517261272521
16.026521314037783 -0.3131974803384777
16.103944122318158 -0.38571332876877334
16.181366930598536 -0.4559182538788497
16.25878973887891 -0.5233916370731511
16.336212547159285 -0.5877292252365092
16.413635355439663 -0.6485455527348294
16.491058163720037 -0.7054762508543914
16.568480972000412 -0.7581802308432458
16.645903780280786 -0.8063417274754061
16.723326588561164 -0.8496721908942761
16.800749396841542 -0.8879120154006929
16.878172205121913 -0.9208320948279176
16.95559501340229 -0.9482351951848604
17.033017821682666 -0.9699571363435882
17.110440629963044 -0.9858677756913379
17.18786343824342 -0.995871787853624
17.265286246523793 -0.9999092358169265
17.34270905480417 -0.9979559300291693
17.420131863084546 -0.990023573326526
17.49755467136492 -0.9761596908182455
17.574977479645298 -0.9564473451495806
17.652400287925673 -0.9310046388487693
17.72982309620605 -0.8999840067396402
17.80724590448642 -0.8635713026592376
17.8846687127668 -0.8219846859521657
17.962091521047178 -0.7754733144130627
18.039514329327552 -0.724315851508108
18.116937137607927 -0.668818796819276
18.1943599458883 -0.6093146497141504
18.27178275416868 -0.5461599172432727
18.349205562449058 -0.47973297820033506
18.42662837072943 -0.41043181614223906
18.504051179009807 -0.33867163495116565
18.58147398729018 -0.26488237122461555
18.65889679557056 -0.18950611839728937
18.736319603850934 -0.11299447802780659
18.813742412131308 -0.03580585411937186
18.891165220411686 0.04159729331499451
18.96858802869206 0.11875121898798703
19.046010836972435 0.19519367077403826
19.123433645252813 0.2704666591993337
19.200856453533188 0.3441192013930124
19.278279261813566 0.4157100230597581
19.35570207009394 0.4848102022853758
19.433124878374315 0.5510057393356264
19.510547686654693 0.6139000370518082
19.587970494935067 0.6731162769823333
19.665393303215442 0.7282996770142084
19.742816111495817 0.779119616978227
19.820238919776195 0.8252716194927819
19.897661728056573 0.8664791741784492
19.975084536336944 0.9024953943139491
20.05250734461732 0.9331044960079639
20.129930152897696 0.9581230910246153
20.207352961178074 0.9774012855169711
20.28477576945845 0.9908235780856706
20.362198577738823 0.9983095517821823
20.4396213860192 0.9998143559106668
20.517044194299576 0.9953289747418411
20.59446700257995 0.9848802815288966
20.67188981086033 0.968530877501841
20.749312619140703 0.9463787168049063
20.82673542742108 0.9185565196241188
20.904158235701452 0.8852309770211845
20.98158104398183 0.8466017522377228
21.059003852262208 0.8029002844533969
21.136426660542583 0.7543884021649141
21.213849468822957 0.7013567544935936
21.29127227710333 0.644123069820004
21.36869508538371 0.5830302521786922
21.446117893664088 0.5184443268180909
21.52354070194446 0.4507522472343442
21.600963510224837 0.38035957681775284
21.67838631850521 0.30768805900186974
21.75580912678559 0.23317309047306353
21.833231935065964 0.15726111257944939
21.91065474334634 0.08040693656791163
21.988077551626716 0.0030710186746065703
22.06550035990709 -0.07428329860534472
22.142923168187465 -0.15119256254063174
22.220345976467843 -0.2271959868469557
22.297768784748218 -0.3018382123947538
22.375191593028596 -0.37467203540125893
22.45261440130897 -0.44526108676139886
22.530037209589345 -0.5131824464649682
22.607460017869723 -0.5780291774362375
22.684882826150098 -0.6394127636150478
22.762305634430472 -0.6969654376721469
22.839728442710847 -0.7503423844126742
22.917151250991225 -0.7992238066665971
22.994574059271603 -0.8433168412887039
23.071996867551974 -0.8823573137888516
23.149419675832352 -0.9161113210799514
23.226842484112726 -0.9443766328609376
23.304265292393104 -0.9669839032386945
23.38168810067348 -0.9837976853296776
23.459110908953853 -0.9947172427625022
23.53653371723423 -0.9996771532195149
23.613956525514606 -0.9986477004013642
23.69137933379498 -0.991635052066194
23.76880214207536 -0.9786812230767667
23.846224950355733 -0.9598638236769234
23.92364775863611 -0.9352955945055137
24.001070566916482 -0.9051237311336929
24.07849337519686 -0.8695290021724419
24.15591618347724 -0.8287246662340495
24.233338991757613 -0.7829551942363034
24.310761800037987 -0.7324948047044769
24.38818460831836 -0.6776458208465568
24.46560741659874 -0.6187368592449444
24.543030224879118 -0.5561208610167402
24.62045303315949 -0.49017297723849346
24.697875841439867 -0.4212883213044555
24.77529864972024 -0.34987960168471
24.85272145800062 -0.27637464926589167
24.930144266280994 -0.20121385408907405
25.007567074561372 -0.12484752684197017
25.084989882841743 -0.04773320091364505
25.16241269112212 0.029667108824197475
25.239835499402496 0.10688967408573262
25.317258307682874 0.18347183150519802
25.39468111596325 0.2589547545907535
25.472103924243623 0.33288620269052327
25.549526732524 0.4048232305009272
25.626949540804375 0.4743348418837478
25.704372349084753 0.5410045720922749
25.781795157365128 0.6044329829354926
25.859217965645502 0.6642400559311541
25.936640773925877 0.7200674691095699
26.014063582206255 0.7715807438271508
26.091486390486633 0.8184712487274776
26.168909198767007 0.860458048843595
26.24633200704738 0.8972895887629915
26.323754815327757 0.9287451997709267
26.401177623608135 0.9546364219423483
26.47860043188851 0.9748081332613895
26.556023240168887 0.9891394790035218
26.633446048449258 0.9975445958121639
26.710868856729636 0.9999731261316056
26.78829166501001 0.996410519914102
26.86571447329039 0.9868781217935422
26.943137281570767 0.9714330432033961
27.020560089851138 0.9501678202051252
27.097982898131512 0.923209859077098
27.17540570641189 0.8907206729856728
27.25282851469227 0.8528949143117612
27.330251322972643 0.8099592084304946
27.407674131253017 0.7621707959311662
27.485096939533392 0.7098159914123239
27.56251974781377 0.6532084680858151
27.639942556094148 0.5926873784672497
27.717365364374523 0.5286153224123611
27.794788172654894 0.4613761746733769
27.87221098093527 0.3913727849911506
27.94963378921565 0.31902456450252314
28.027056597496024 0.24476497292338986
28.104479405776402 0.16903892156256023
28.181902214056773 0.09230010772575284
28.25932502233715 0.015008296479999085
28.336747830617526 -0.06237343393562569
28.414170638897904 -0.139381466549562
28.491593447178282 -0.21555442332496197
28.569016255458653 -0.29043592941279694
28.64643906373903 -0.3635773474293943
28.723861872019405 -0.4345404653764491
28.801284680299784 -0.5029001220995347
28.878707488580158 -0.5682467545550548
28.956130296860533 -0.6301888516243239
29.033553105140907 -0.6883552997731589
29.110975913421285 -0.7423976065034918
29.188398721701663 -0.7919919882756109
29.265821529982038 -0.8368413103916932
29.34324433826241 -0.8766768672181925
29.420667146542787 -0.9112599920812446
29.498089954823165 -0.9403834871897105
29.57551276310354 -0.9638728650188068
29.652935571383917 -0.981587393716784
29.730358379664295 -0.9934209402713194
29.807781187944666 -0.9993026063839766
29.88520399622504 -0.999197153243008
29.96262680450542 -0.9931052126495573
30.040049612785797 -0.9810632832323543
30.11747242106617 -0.9631435117735695
30.194895229346542 -0.9394532609559751
30.27231803762692 -0.9101344661211617
30.3497408459073 -0.8753627848926849
30.427163654187673 -0.8353465447589714
30.50458646246805 -0.7903254949213422
30.582009270748422 -0.7405693698852273
30.6594320790288 -0.686376273400459
30.73685488730918 -0.6280708924330368
30.814277695589553 -0.566002551868889
30.89170050386993 -0.500543121604534
30.969123312150302 -0.4320847885639052
31.04654612043068 -0.36103770698975923
31.123968928711054 -0.28782754108761177
31.201391736991432 -0.21289291474478886
31.27881454527181 -0.13668278360423355
31.35623735355218 -0.05965374523765757
31.433660161832556 0.01773269646639113
31.511082970112934 0.09501289630961522
31.588505778393312 0.17172384562031387
31.665928586673687 0.24740594627610507
31.74335139495406 0.3216057642930355
31.820774203234436 0.39387874648348536
31.898197011514814 0.4637918839065974
31.975619819795188 0.5309263061536689
32.053042628075566 0.5948797909254256
32.13046543635594 0.6552691738654722
32.207888244636315 0.7117326442119813
32.28531105291669 0.7639319125136111
32.36273386119707 0.811554237422272
32.440156669477446 0.8543142994195817
32.51757947775782 0.8919559102510211
32.595002286038195 0.9242535478259776
32.67242509431857 0.9510137073876975
32.749847902598944 0.9720760608578605
32.827270710879326 0.9873144174098029
32.90469351915969 0.996637479515302
32.982116327440075 0.9999893899352449
33.05953913572045 0.9973500663769553
33.136961944000824 0.9887353218131927
33.214384752281205 0.9741967697419219
33.29180756056157 0.9538215149544992
33.369230368841954 0.9277316316649298
33.44665317712233 0.8960834321269558
33.5240759854027 0.8590665301208115
33.601498793683085 0.8169027049206531
33.67892160196345 0.7698445725489568
33.75634441024383 0.7181740722787215
33.83376721852421 0.6622007774514308
33.91119002680458 0.6022600407310511
33.98861283508496 0.5387109849064128
34.06603564336533 0.4719343512797471
34.14345845164571 0.40233021853225054
34.22088125992609 0.33031560573365804
34.29830406820646 0.2563219738569397
34.37572687648684 0.18079264076719298
34.45314968476721 0.10418012517243104
34.530572493047586 0.02694343544935167
34.60799530132797 -0.050454680412431036
34.68541810960834 -0.12755050727125297
34.76284091788872 -0.20388214108883299
34.84026372616909 -0.2789922563347758
34.917686534449466 -0.3524308459599071
34.99510934272984 -0.423757917522403
35.07253215101022 -0.49254612931343356
35.149954959290596 -0.5583833506884691
35.22737776757097 -0.6208751312646373
35.304800575851345 -0.6796470641903094
35.38222338413172 -0.734347029327957
35.4596461924121 -0.7846473029106735
35.537069000692476 -0.830246521032756
35.61449180897284 -0.8708714852105582
35.691914617253225 -0.9062787991958944
35.7693374255336 -0.936256327235353
35.846760233813974 -0.960624465038751
35.924183042094356 -0.9792372158418606
36.00160585037472 -0.9919830651164615
36.079028658655105 -0.9987856486870739
36.15645146693548 -0.9996042102514401
36.233874275215854 -0.994433845563669
36.311297083496235 -0.9833055318170264
36.3887198917766 -0.9662859420503609
36.466142700056984 -0.943477045690074
36.54356550833736 -0.9150154976209681
36.62098831661773 -0.8810718194461514
36.698411124898115 -0.8418493778413808
36.77583393317848 -0.7975831661248137
36.85325674145886 -0.7485383963420796
36.93067954973924 -0.6950089103020346
37.00810235801961 -0.6373154190830543
37.08552516629999 -0.5758035815575111
37.16294797458036 -0.5108419334466392
37.24037078286074 -0.442819679313368
37.31779359114112 -0.37214436072197266
37.39521639942149 -0.2992394145353256
37.47263920770187 -0.22454163597862078
37.55006201598224 -0.14849856166923806
37.627484824262616 -0.0715657882916993
37.704907632543 0.005795757017636691
37.78233044082337 0.08312257822216695
37.85975324910375 0.1599513873277537
37.93717605738412 0.23582188007891855
38.014598865664496 0.31027949377860586
38.09202167394487 0.38287813070855425
38.16944448222525 0.453182830833468
38.24686729050563 0.5207723777759834
38.324290098786 0.5852418224493555
38.401712907066376 0.6462049092279025
38.47913571534675 0.7032963901193938
38.55655852362713 0.7561742130744553
38.633981331907506 0.8045215713221533
