0.0 0.0
0.1660510165133791 0.16528898206069298
0.3321020330267582 0.3260309232824769
0.4981530495401374 0.47780387029526816
0.6642040660535165 0.6164326035550601
0.8302550825668955 0.7381034961417775
0.9963060990802748 0.8394694252732426
1.1623571155936538 0.9177418504569893
1.328408132107033 0.9707675252428685
1.494459148620412 0.9970877322635386
1.660510165133791 0.9959784120280439
1.8265611816471703 0.9674700815397036
1.9926121981605496 0.9123469947842552
2.158663214673928 0.8321255681829202
2.3247142311873077 0.7290126645184687
2.4907652477006863 0.605844882928578
2.656816264214066 0.46601052507706503
2.822867280727445 0.31335638418575607
2.988918297240824 0.15208192112740562
3.154969313754203 -0.013376261242448223
3.321020330267582 -0.17846646744484648
3.487071346780961 -0.3386471248937194
3.6531223632943406 -0.4895117209350303
3.8191733798077196 -0.6269100244354446
3.985224396321099 -0.7470622571579367
4.151275412834478 -0.8466630741105774
4.317326429347856 -0.9229724924062679
4.483377445861236 -0.9738912672129695
4.649428462374615 -0.9980186412289744
4.815479478887995 -0.9946908790157878
4.981530495401373 -0.9639995261228889
5.147581511914752 -0.9067888907023725
5.313632528428132 -0.8246328168933568
5.479683544941511 -0.7197913889320486
5.64573456145489 -0.5951487570419316
5.811785577968268 -0.45413379549162014
5.977836594481648 -0.30062577548886404
6.143887610995027 -0.1388476478156848
6.309938627508406 0.026750129038783647
6.4759896440217855 0.19161201940118916
6.642040660535164 0.3512027315726414
6.8080916770485445 0.501131982082901
6.974142693561922 0.6372752708199911
7.140193710075301 0.7558873445546127
7.306244726588681 0.8537052275182963
7.47229574310206 0.9280379847009363
7.638346759615439 0.9768407485114562
7.804397776128818 0.9987709723546044
7.970448792642198 0.9932253636081023
8.136499809155577 0.960356479987126
8.302550825668956 0.9010685327360709
8.468601842182336 0.8169925121002908
8.634652858695713 0.7104413193672049
8.800703875209093 0.5843461397782658
8.966754891722472 0.4421758066702931
9.13280590823585 0.2878413751097745
9.29885692474923 0.1255885301654068
9.46490794126261 -0.0401192103711589
9.63095895777599 -0.2047232857649677
9.797009974289368 -0.36369549671479656
9.963060990802745 -0.5126625744980209
10.129112007316126 -0.64752648803061
10.295163023829504 -0.7645771792380132
10.461214040342885 -0.8605946254272069
10.627265056856263 -0.9329374209604575
10.793316073369642 -0.9796154413806519
10.959367089883022 -0.9993445910240384
11.1254181063964 -0.9915821280331315
11.29146912290978 -0.9565415949912917
11.457520139423158 -0.895186944442554
11.623571155936537 -0.8092060209015617
11.789622172449917 -0.700964128854032
11.955673188963296 -0.5734389640754799
12.121724205476676 -0.43013869828435247
12.287775221990055 -0.2750054705915315
12.453826238503433 -0.11230694066190491
12.619877255016812 0.053481113078178155
12.78592827153019 0.21779792050622637
12.951979288043571 0.3761231849601194
13.11803030455695 0.5241014349841788
13.284081321070328 0.6576618417927188
13.450132337583707 0.77313020631543
13.616183354097089 0.8673300351010205
13.782234370610466 0.9376699245170944
13.948285387123844 0.9822148493381885
14.114336403637223 0.9997393945983285
14.280387420150602 0.9897614663189098
14.446438436663984 0.9525555537417947
14.612489453177362 0.8891451782283475
14.778540469690741 0.8012747365524817
14.94459148620412 0.6913615131686834
15.110642502717498 0.562429181580361
15.276693519230879 0.4180246241621204
15.442744535744257 0.2621203586929427
15.608795552257636 0.0990052558114525
15.774846568771014 -0.06683344628293628
15.940897585284397 -0.23083358414960548
16.106948601797775 -0.38848357259291394
16.272999618311154 -0.535446516758966
16.439050634824532 -0.66767951856346
16.60510165133791 -0.7815448953734675
16.771152667851293 -0.8739102513569275
16.937203684364672 -0.9422346485727758
17.103254700878047 -0.9846385072658421
17.269305717391426 -0.9999553124343362
17.435356733904804 -0.9877637042407503
17.601407750418186 -0.9483990694704397
17.767458766931565 -0.8829443151609947
17.933509783444944 -0.793200078216552
18.099560799958322 -0.6816351905299313
18.2656118164717 -0.5513187622993736
18.431662832985083 -0.4058357519035748
18.59771384949846 -0.2491883449776017
18.76376486601184 -0.08568585571603013
18.92981588252522 0.08017382082082271
19.095866899038597 0.24382794419291712
19.26191791555198 0.4007744479397374
19.427968932065358 0.5466957898200235
19.594019948578737 0.6775777258561955
19.760070965092115 0.789819740751877
19.92612198160549 0.880334096781241
20.092172998118873 0.9466307763506094
20.25822401463225 0.9868859814927583
20.42427503114563 0.9999923058973716
20.59032604765901 0.9855891992629544
20.756377064172387 0.9440728859068046
20.92242808068577 0.8765854647756127
21.088479097199148 0.7849834907115156
21.254530113712526 0.6717869012917259
21.420581130225905 0.540109694246159
21.586632146739284 0.39357426249250954
21.752683163252666 0.23621174340136059
21.918734179766044 0.0723511236474526
22.084785196279423 -0.09349984966701591
22.2508362127928 -0.2567786755245434
22.41688722930618 -0.41299361176514326
22.58293824581956 -0.55784724130827
22.748989262332937 -0.6873546925612428
22.915040278846316 -0.7979532618129693
23.081091295359695 -0.8866004219400879
23.247142311873073 -0.9508575212410392
23.413193328386456 -0.988956869873049
23.579244344899834 -0.9998503683681065
23.745295361413213 -0.9832383404748495
23.91134637792659 -0.9395777771451612
24.07739739443997 -0.8700697648763678
24.243448410953352 -0.7766264442508413
24.40949942746673 -0.6618184076317929
24.57555044398011 -0.5288039830858197
24.741601460493488 -0.3812423499062662
24.907652477006867 -0.2231928758982847
25.073703493520245 -0.05900344562092279
25.239754510033624 0.10680914836360125
25.405805526547002 0.2696834608394397
25.57185654306038 0.4251388776652041
25.73790755957376 0.5688988758680754
25.903958576087142 0.6970086692627926
26.07000959260052 0.8059440032065569
26.2360606091139 0.8927081055850591
26.402111625627278 0.9549141269425898
26.568162642140656 0.9908508018577499
26.73421365865404 0.9995295252437594
26.900264675167413 0.9807115485211685
27.066315691680796 0.9349145475059706
27.232366708194178 0.8633983813328735
27.398417724707553 0.7681304341806522
27.56446874122093 0.6517314932363211
27.73051975773431 0.5174036517760403
27.89657077424769 0.368842220723185
28.06262179076107 0.21013407196517156
28.228672807274446 0.04564520996808743
28.394723823787828 -0.12009933544623994
28.560774840301203 -0.2825399910538014
28.726825856814585 -0.4372080724587231
28.892876873327968 -0.5798487160042923
29.058927889841343 -0.7065379285519182
29.224978906354725 -0.8137905351303496
29.3910299228681 -0.898656054853849
29.557080939381482 -0.9587998675971917
29.723131955894864 -0.9925674385611255
29.88918297240824 -0.9990298339335507
30.05523398892162 -0.9780092755267796
30.221285005434996 -0.9300840313919606
30.387336021948375 -0.8565725078716009
30.553387038461757 -0.7594969807121533
30.719438054975132 -0.6415279629807966
30.885489071488514 -0.5059107402051038
31.05154008800189 -0.35637609372775364
31.21759110451527 -0.19703766824475238
31.383642121028654 -0.03227880690969077
31.54969313754203 0.13336803287026547
31.71574415405541 0.2953459657182264
31.881795170568793 0.4491990365760837
32.047846187082165 0.5906948024360702
32.21389720359555 0.7159407653356875
32.37994822010892 0.8214914535857978
32.54599923662231 0.9044432054658089
32.712050253135686 0.962514047920064
32.878101269649065 0.9941064728213019
33.04415228616244 0.99835138384843
33.21020330267582 0.9751320050157943
33.3762543191892 0.9250870931388206
33.542305335702586 0.8495933658622463
33.70835635221596 0.7507276286496309
33.874407368729344 0.6312096426070525
34.040458385242715 0.4943273048269106
34.206509401756094 0.3438461995136046
34.37256041826948 0.1839060081075602
34.53861143478285 0.018906628127915125
34.70466245129624 -0.1466128664362244
34.87071346780961 -0.3080990934293136
35.036764484322994 -0.46110962444565984
35.20281550083637 -0.6014351944474863
35.36886651734975 -0.7252154971422291
35.53491753386313 -0.8290453806293286
35.70096855037651 -0.9100685219123638
35.86701956688989 -0.9660560033241219
36.03307058340327 -0.9954676292552348
36.199121599916644 -0.9974942963850789
36.36517261643003 -0.9720802518250384
36.5312236329434 -0.9199246268605529
36.69727464945679 -0.8424622040992361
36.863325665970166 -0.7418239471140176
37.02937668248354 -0.6207783783966193
37.19542769899692 -0.4826554182929851
37.361478715510295 -0.33125478008439985
37.52752973202368 -0.17074144123266644
37.69358074853706 -0.005531066338367639
37.85963176505044 0.15983146621465544
38.025682781563816 0.32079709223972924
38.191733798077195 0.472937704877754
38.35778481459057 0.6120679702347396
38.52383583110396 0.7343604644218187
38.68988684761733 0.8364509646188708
38.855937864130716 0.9155309976423213
39.02198888064409 0.9694251000388948
39.18803989715747 0.9966506643079772
39.35409091367085 0.9964587249041866
39.52014193018423 0.9688545620119433
39.68619294669761 0.9145975562894741
39.85224396321098 0.835180298578237
40.01829497972437 0.7327875292621528
40.184345996237745 0.6102360368402895
40.350397012751124 0.47089716908164814
40.5164480292645 0.31860408845263727
40.68249904577788 0.15754632318720233
40.84855006229126 -0.007845485137975899
41.014601078804645 -0.17302146697019904
41.18065209531802 -0.3334376900664476
41.3467031118314 -0.48468116144591966
41.512754128344774 -0.6225912272500749
41.67880514485816 -0.7433740308437866
41.84485616137154 -0.8437068804557448
42.01090717788492 -0.9208296552419524
42.176958194398296 -0.9726207352239277
42.343009210911674 -0.9976553662962654
42.50906022742505 -0.9952448547030128
42.67511124393843 -0.9654555127568273
42.84116226045181 -0.9091068346109475
43.00721327696519 -0.8277489522678428
43.17326429347857 -0.7236199920016857
43.339315309991946 -0.5995845043042293
43.50536632650533 -0.45905466112427423
43.6714173430187 -0.30589638823655374
43.83746835953209 -0.1443230150048922
44.00351937604546 0.021220632803077556
44.169570392558846 0.1861805085847586
44.335621409072225 0.346018625097367
44.5016724255856 0.4963378928656401
44.66772344209898 0.6330030825421901
44.83377445861236 0.7522545835893445
44.99982547512574 0.8508118298217329
45.16587649163912 0.9259635466099032
45.331927508152496 0.975642337076643
45.497978524665875 0.9984815554463922
45.664029541179254 0.9938529029822277
45.83008055769263 0.9618837122596261
45.99613157420602 0.9034534442928046
46.16218259071939 0.820169494876466
46.328233607232775 0.7143229757017713
46.49428462374615 0.5888256866923837
46.66033564025953 0.44713001342888
46.82638665677291 0.2931339532550402
46.99243767328629 0.13107388276360954
47.15848868979967 -0.03459198341008666
47.32453970631305 -0.1993062364798509
47.490590722826425 -0.3585376461959645
47.656641739339804 -0.5079058133703536
47.82269275585318 -0.6433016730931407
47.98874377236656 -0.7610005336401513
48.15479478887994 -0.8577645414114169
48.32084580539332 -0.930931753126829
48.486896821906704 -0.9784893649346663
48.652947838420076 -0.999129083926376
48.81899885493346 -0.9922831188070494
48.98504987144683 -0.9581397996310644
49.15110088796022 -0.8976383969095743
49.3171519044736 -0.8124432826143652
49.483202920986976 -0.7048981438995711
49.649253937500355 -0.5779615091054701
49.81530495401373 -0.43512535970092103
49.98135597052711 -0.2803190671208361
50.14740698704049 -0.11780129716196676
50.31345800355387 0.04795714439154784
50.47950902006725 0.21239630203788856
50.645560036580626 0.3709925133041438
50.811611053094005 0.5193828530846395
50.97766206960739 0.6534851561517329
51.14371308612076 0.7696103160626451
51.30976410263415 0.8645637711596448
51.47581511914752 0.9357333858197678
51.641866135660905 0.9811613093725552
51.807917152174284 0.9995978358724118
51.97396816868766 0.990535783062681
52.14001918520104 0.9542244447782962
52.30607020171442 0.8916627329614576
52.4721212182278 0.8045716979510124
52.63817223474118 0.6953471830025619
52.804223251254555 0.566993915496533
52.970274267767934 0.4230428479615282
53.13632528428131 0.2674540228318693
53.30237630079469 0.10450763309514866
53.46842731730808 -0.0613137242875585
53.634478333821455 -0.22544836302243748
53.80052935033483 -0.38338099784302726
53.966580366848206 -0.5307669583945922
54.13263138336159 -0.6635517095632071
54.29868239987497 -0.7780823902880647
54.464733416388356 -0.8712083024641263
54.63078443290172 -0.9403675855212067
54.796835449415106 -0.983657692292963
54.962886465928484 -0.9998877274096032
55.12893748244186 -0.9886112084040457
55.29498849895525 -0.9501383482850425
55.46103951546862 -0.8855275216881615
55.627090531982 -0.7965561493676953
55.79314154849538 -0.6856718019868038
55.95919256500876 -0.555924868323068
56.12524358152214 -0.41088464016314435
56.29129459803551 -0.2545411223609922
56.45734561454889 -0.09119526922995971
56.62339663106228 0.07465933317362158
56.789447647575656 0.2384600839972912
56.95549866408904 0.3957008831117408
57.121549680602406 0.5420560923152796
57.28760069711579 0.673499532095319
57.45365171362917 0.7864152403880893
57.619702730142556 0.8776969464031306
57.785753746655935 0.9448335230228193
57.95180476316931 0.9859780670121797
58.117855779682685 0.9999987066669708
58.283906796196064 0.9865097391998466
58.44995781270945 0.9458822412862316
58.61600882922283 0.87923386087757
58.7820598457362 0.788398071105511
58.94811086224958 0.675873732091143
59.114161878762964 0.5447563481959201
59.28021289527634 0.3986529118027068
59.44626391178973 0.24158267624406304
59.61231492830309 0.07786658757920364
59.77836594481648 -0.08799158308833013
59.94441696132986 -0.25142913674439754
60.11046797784324 -0.407949964684001
60.27651899435662 -0.5532482348552369
60.44257001086999 -0.6833268437606164
60.60862102738337 -0.7946073753461146
60.77467204389675 -0.8840285419482262
60.940723060410136 -0.9491303992238189
61.106774076923514 -0.9881220183400612
61.272825093436886 -0.9999307537867331
61.438876109950264 -0.984231751470947
61.60492712646365 -0.9414568853371692
61.77097814297703 -0.8727828766693287
61.937029159490415 -0.7800989229087206
62.10308017600378 -0.6659547265074378
62.269131192517165 -0.5334903535248485
62.43518220903054 -0.38634985153234197
62.60123322554393 -0.2285810031665721
62.76728424205731 -0.06452397307545
62.93333525857068 0.10130808846062248
63.09938627508406 0.2643532006804245
63.26543729159744 0.42012605080263693
63.43148830811082 0.564341383377861
63.5975393246242 0.6930318861349468
63.763590341137586 0.8026573293240333
63.92964135765095 0.8902019561720294
64.09569237416433 0.9532574452739703
64.26174339067772 0.9900891626543157
64.4277944071911 0.9996838809278599
64.59384542370448 0.9817776528230849
64.75989644021784 0.9368630722772816
64.92594745673124 0.8661757233533175
65.09199847324462 0.7716601897635895
65.258049489758 0.655916560066845
65.42410050627137 0.522128900160963
65.59015152278475 0.3739776607677637
65.75620253929813 0.21553842954867058
65.92225355581151 0.051169813144349284
66.08830457232489 -0.1146064665366523
66.25435558883827 -0.27722996327200133
66.42040660535164 -0.43222696277171385
66.58645762186502 -0.5753335529598188
66.7525086383784 -0.7026129226720765
66.91855965489178 -0.8105636619244887
67.08461067140517 -0.896216084450914
67.25066168791854 -0.957213922711153
67.41671270443192 -0.9918791479691491
67.5827637209453 -0.9992581322638971
67.74881473745869 -0.9791478823739492
67.91486575397207 -0.93210162408841
68.08091677048543 -0.8594135831631424
68.24696778699881 -0.763083381632627
68.41301880351219 -0.645761028922293
68.57906982002558 -0.5106740210360357
68.74512083653896 -0.36153855329438195
68.91117185305232 -0.2024572891289611
69.0772228695657 -0.03780649727736721
69.2432738860791 0.12788433780611919
69.40932490259247 0.29005712044948534
69.57537591910585 0.44425053534639225
69.74142693561922 0.5862227767461605
69.90747795213261 0.7120682390144504
70.07352896864599 0.8183249584486791
70.23957998515937 0.9020698506626375
70.40563100167275 0.9609991235934818
70.57168201818612 0.9934916539982523
70.7377330346995 0.9986535839750611
70.90378405121288 0.9763429106745981
71.06983506772626 0.9271733927477789
71.23588608423964 0.8524976660645529
71.40193710075302 0.7543700331844165
71.5679881172664 0.6354899502270017
71.73403913377977 0.49912776579873724
71.90009015029315 0.34903475487117885
72.06614116680655 0.18933992254685367
72.23219218331991 0.024436416604248577
72.39824319983329 -0.14113932642804722
72.56429421634667 -0.30283237701924137
72.73034523286006 -0.4561946171203407
72.89639624937344 -0.597007106302306
73.0624472658868 -0.7213961432999005
73.22849828240018 -0.8259398301494144
73.39454929891357 -0.9077622073789624
73.56060031542695 -0.9646123706259955
73.72665133194033 -0.9949263922120997
73.8927023484537 -0.9978703442346104
74.05875336496707 -0.97336323962526
74.22480438148047 -0.9220792600754818
74.39085539799385 -0.8454292095389867
74.55690641450722 -0.7455217035190473
74.72295743102059 -0.625105161809436
74.88900844753398 -0.48749220044784636
75.05505946404736 -0.33646850283240154
75.22111048056074 -0.17618867692388193
75.38716149707412 -0.011061963465216483
75.5532125135875 0.15436906065594908
75.71926353010087 0.31555344707437355
75.88531454661425 0.46805707091069904
76.05136556312763 0.6076846119625736
76.21741657964101 0.7305949664644348
76.38346759615439 0.8334069144796776
76.54951861266777 0.9132921360530044
76.71556962918115 0.9680530172818391
76.88162064569453 0.9961831058895821
77.04767166220792 0.9969085531894847
77.21372267872128 0.9702094023855313
77.37977369523466 0.9168201375767566
77.54582471174804 0.8382094783621228
77.71187572826143 0.7365399758891084
77.87792674477481 0.6146085218443561
78.04397776128818 0.4757694069626609
78.21002877780155 0.3238420456873238
78.37607979431495 0.1630059054435389
78.54213081082833 -0.0023144690171445067
78.7081818273417 -0.16757117326212365
78.87423284385507 -0.3282180544036535
79.04028386036846 -0.47983577414053324
79.20633487688184 -0.6182533831756143
79.37238589339522 -0.7396630625408221
79.5384369099086 -0.8407248753363714
79.70448792642196 -0.9186586472015312
79.87053894293535 -0.9713204479179629
80.03658995944873 -0.997261570163947
80.20264097596211 -0.9957683829352382
80.36869199247549 -0.9668819632789839
80.53474300898887 -0.91139696627884
80.70079402550225 -0.8308397643775493
80.86684504201563 -0.7274264574164119
81.032896058529 -0.6040019085204623
81.19894707504238 -0.46396148293036577
81.36499809155576 -0.311157642717808
81.53104910806914 -0.14979396693038396
81.69710012458252 0.015690487366067016
81.8631511410959 0.18074330196127225
82.02920215760929 0.3408239328989292
82.19525317412266 0.4915286192185454
82.36130419063603 0.6287115288461349
82.52735520714941 0.7485988089531397
82.6934062236628 0.8478924032994235
82.85945724017618 0.9238607805820007
