0.0 0.0
0.10385705555305308 0.10367045086828262
0.20771411110610616 0.2062236871559765
0.31157116665915924 0.30655453405282884
0.4154282222122123 0.40358176654151623
0.5192852777652653 0.49625976132299215
0.6231423333183185 0.5835897650764947
0.7269993888713715 0.6646306576207268
0.8308564444244246 0.7385090939859695
0.9347134999774777 0.8044289161001098
1.0385705555305307 0.8616797326626479
1.1424276110835838 0.9096445747448431
1.246284666636637 0.9478065446146889
1.3501417221896899 0.9757543861350175
1.453998777742743 0.9931869167047985
1.557855833295796 0.9999162729823948
1.6617128888488493 0.9958699354129253
1.7655699444019024 0.9810915097422196
1.8694269999549553 0.9557402570953057
1.9732840555080084 0.9200893776835853
2.0771411110610614 0.8745230666364904
2.1809981666141147 0.8195323736857336
2.2848552221671676 0.7557099113206673
2.388712277720221 0.6837434684428161
2.492569333273274 0.6044085983426587
2.596426388826327 0.5185602608750298
2.7002834443793797 0.42712360890205
2.804140499932433 0.3310840182943633
2.907997555485486 0.23147646893333526
3.0118546110385394 0.12937439115085628
3.115711666591592 0.0258780978041749
3.219568722144645 -0.07789707335139677
3.3234257776976985 -0.18083277920702542
3.4272828332507514 -0.2818197232323886
3.531139888803805 -0.37976960991638165
3.6349969443568573 -0.4736268728883178
3.7388539999099106 -0.562380050330408
3.8427110554629635 -0.6450726850932763
3.946568111016017 -0.7208136320483877
4.05042516656907 -0.7887866615991967
4.154282222122123 -0.8482592558578678
4.258139277675176 -0.8985905026947186
4.361996333228229 -0.9392380025893995
4.465853388781282 -0.969763713851472
4.569710444334335 -0.9898386732187998
4.673567499887388 -0.9992465409617678
4.777424555440442 -0.9978859322891778
4.8812816109934944 -0.985771509931198
4.985138666546548 -0.9630338261250414
5.0889957220996 -0.929917915706231
5.192852777652654 -0.8867806554671354
5.296709833205707 -0.8340869182399087
5.4005668887587595 -0.7724045631497204
5.504423944311814 -0.7023983160262982
5.608280999864866 -0.624822605922123
5.712138055417919 -0.5405134349352073
5.815995110970972 -0.45037936895211733
5.919852166524025 -0.35539174640034826
6.023709222077079 -0.25657421052637486
6.127566277630131 -0.15499167800579458
6.231423333183184 -0.05173886276639026
6.335280388736238 0.05207152130175694
6.43913744428929 0.1553207516144733
6.542994499842344 0.2568961529149857
6.646851555395397 0.3557030881257881
6.7507086109484495 0.45067675481034897
6.854565666501503 0.5407936601189399
6.958422722054555 0.6250826505577234
7.06227977760761 0.7026353777177516
7.166136833160662 0.7726160871789154
7.2699938887137145 0.8342706250978101
7.373850944266769 0.8869345654191281
7.477707999819821 0.9300403701269196
7.581565055372875 0.9631235053725895
7.685422110925927 0.9858274475685721
7.78927916647898 0.9979075254990512
7.893136222032034 0.9992335570428382
7.996993277585086 0.989791252093518
8.10085033313814 0.9696823665581533
8.204707388691192 0.9391236057749716
8.308564444244245 0.8984442891674499
8.412421499797299 0.8480828013018918
8.516278555350352 0.7885818675939995
8.620135610903406 0.7205827055762556
8.723992666456459 0.6448181147555373
8.82784972200951 0.5621045795287821
8.931706777562564 0.4733334702603812
9.035563833115617 0.3794614373437611
9.13942088866867 0.2815001017664412
9.243277944221724 0.18050515327920671
9.347134999774775 0.07756497365401782
9.450992055327829 -0.026211092366799194
9.554849110880884 -0.12970469203081056
9.658706166433936 -0.23180051661142742
9.762563221986989 -0.3313983206396388
9.866420277540042 -0.42742477880506774
9.970277333093096 -0.5188450527493761
10.074134388646149 -0.6046739431013198
10.1779914441992 -0.6839865065724889
10.281848499752254 -0.755928023697583
10.385705555305307 -0.8197232098008935
10.48956261085836 -0.8746845699261522
10.593419666411414 -0.9202198076920214
10.697276721964467 -0.9558382082309905
10.801133777517519 -0.9811559264253221
10.904990833070572 -0.9959001234508676
11.008847888623627 -0.9999119070508836
11.112704944176679 -0.9931480438537144
11.216561999729732 -0.9756814252813775
11.320419055282784 -0.947700282028147
11.424276110835837 -0.9095061555743786
11.528133166388892 -0.8615106485957583
11.631990221941944 -0.804230989287499
11.735847277494997 -0.7382844574049614
11.83970433304805 -0.664381732089033
11.943561388601102 -0.5833192331640402
12.047418444154157 -0.49597053844293754
12.15127549970721 -0.4032769695320354
12.255132555260262 -0.30623744758819915
12.358989610813316 -0.20589772834896694
12.462846666366367 -0.1033391324453161
12.566703721919422 0.00033310755408916184
12.670560777472476 0.10400175778791129
12.774417833025527 0.20654962308027192
12.87827488857858 0.30687158650196933
12.982131944131634 0.4038865187693025
13.085988999684687 0.49654892913774273
13.18984605523774 0.5838602322334534
13.293703110790794 0.6648795094045742
13.397560166343846 0.7387336486215311
13.501417221896899 0.8046267536527685
13.605274277449954 0.8618487211169982
13.709131333003006 0.9097828929805584
13.81298838855606 0.9479127020320052
13.91684544410911 0.9758272387183207
14.020702499662164 0.993225679351221
14.12455955521522 0.9999205279625508
14.22841661076827 0.9958396368726121
14.332273666321324 0.9810269841965696
14.436130721874378 0.955642199910065
14.539987777427429 0.9199588455814386
14.643844832980484 0.8743614663091841
14.747701888533538 0.819341446634732
14.85155894408659 0.7554917150896918
14.955415999639643 0.6835003544445264
15.059273055192694 0.6041431865184314
15.16313011074575 0.5182754114609021
15.266987166298803 0.4268223916051199
15.370844221851854 0.3307696792117921
15.474701277404908 0.23115239557046463
15.57855833295796 0.12904407591543776
15.682415388511014 0.02554510037009839
15.786272444064068 -0.07822916440526793
15.890129499617121 -0.18116038506952217
15.993986555170173 -0.2821393134274367
16.097843610723224 -0.38007774034951863
16.20170066627628 -0.47392022296231306
16.305557721829334 -0.5626554587299827
16.409414777382384 -0.6453271838533323
16.513271832935438 -0.7210444785385726
16.61712888848849 -0.7889913680801156
16.720985944041544 -0.8484356162904492
16.824842999594598 -0.898736616513805
16.92870005514765 -0.9393522951853721
17.032557110700704 -0.9698449535391828
17.136414166253758 -0.9898859845109435
17.24027122180681 -0.9992594140036559
17.34412827735986 -0.9978642283532372
17.447985332912918 -0.9857154629119803
17.55184238846597 -0.962944040018638
17.65569944401902 -0.9297953581012502
17.759556499572078 -0.8866266471173878
17.863413555125128 -0.8339031188311846
17.96727061067818 -0.7721929534140164
18.071127666231234 -0.7021611763962761
18.174984721784288 -0.6245624919558028
18.27884177733734 -0.5402331497757542
18.38269883289039 -0.45008193311950245
18.486555888443448 -0.3550803652404108
18.5904129439965 -0.256252239668124
18.69426999954955 -0.15466258719914094
18.798127055102608 -0.0514061984900433
18.901984110655658 0.05240417405923223
19.00584116620871 0.1556498079886603
19.109698221761768 0.2572180667982352
19.213555277314818 0.35601439038218197
19.31741233286787 0.4509740906611969
19.421269388420924 0.5410738252958588
19.525126443973978 0.62534262583375
19.62898349952703 0.7028723614443286
19.732840555080084 0.772827525478131
19.836697610633138 0.8344542393845054
19.94055466618619 0.8870883769562887
20.044411721739245 0.930162721349729
20.148268777292298 0.9632130777513318
20.252125832845348 0.9858832758178959
20.3559828883984 0.9979290079804611
20.459839943951458 0.999220462248308
20.563696999504508 0.9897437211403599
20.66755405505756 0.9696009116682537
20.771411110610615 0.9390091047547816
20.875268166163668 0.8982979759482225
20.97912522171672 0.8479062526421001
21.082982277269775 0.7883769860872492
21.186839332822828 0.7203516991478012
21.290696388375878 0.6445634728683667
21.394553443928935 0.5618290463556666
21.498410499481988 0.4730400151110544
21.602267555035038 0.3791532226658557
21.706124610588095 0.2811804490650586
21.809981666141145 0.18017750732242138
21.913838721694198 0.07723286534997754
22.017695777247255 -0.02654408402102908
22.121552832800305 -0.13003497851864582
22.225409888353358 -0.23212453856878545
22.32926694390641 -0.33171258621274313
22.433123999459465 -0.4277259012807565
22.536981055012518 -0.5191297870523403
22.640838110565568 -0.6049392207649668
22.744695166118625 -0.6842294688065794
22.848552221671675 -0.7561460521962365
22.952409277224728 -0.819913954959036
23.056266332777785 -0.8748459761602504
23.160123388330835 -0.9203501355922727
23.263980443883888 -0.95593605330625
23.36783749943694 -0.9812202342387297
23.471694554989995 -0.9959302009830892
23.575551610543048 -0.9999074301685016
23.6794086660961 -0.993109060802282
23.783265721649155 -0.9756083561654965
23.887122777202205 -0.94759391428417
23.99097983275526 -0.9093676354845228
24.094836888308315 -0.8613414689350912
24.198693943861365 -0.8040329732368992
24.30255099941442 -0.7380597389034316
24.40640805496747 -0.6641327328371142
24.510265110520525 -0.5830486365261055
24.61412216607358 -0.49568126052967043
24.71797922162663 -0.4029721277746839
24.821836277179685 -0.30592032714326384
24.925693332732735 -0.20557174669541542
25.02955038828579 -0.10300780255576893
25.133407443838845 0.0006662150712164943
25.237264499391895 0.10433305316743395
25.34112155494495 0.20687553608569073
25.444978610498 0.3071886049004397
25.548835666051055 0.40419122618157877
25.65269272160411 0.4968380418551053
25.75654977715716 0.5841306346049023
25.860406832710215 0.6651282874129605
25.964263888263268 0.7389581212867311
26.06812094381632 0.8048245019235236
26.171977999369375 0.8620176139400565
26.275835054922428 0.9099211102661766
26.37969211047548 0.948018754268316
26.48354916602853 0.9758999830232032
26.58740622158159 0.9932643317886811
26.69126327713464 0.9999246719908794
26.79512033268769 0.9958092278332898
26.89897738824075 0.9809623497955317
27.002834443793798 0.9555440366861494
27.10669149934685 0.9198282114000637
27.21054855489991 0.8741997689621642
27.31440561045296 0.8191504286690756
27.41826266600601 0.7552734350288672
27.52211972155906 0.6832571646045982
27.62597677711212 0.6038777076580828
27.72983383266517 0.5179905045386002
27.83369088821822 0.4265211269477054
27.93754794377128 0.3304553034268009
28.041404999324328 0.23082829655877582
28.14526205487738 0.12871374636120617
28.24911911043044 0.025212100101519273
28.35297616598349 -0.07856124677877874
28.45683322153654 -0.1814879708303439
28.560690277089595 -0.28245887231612565
28.66454733264265 -0.3803858286089886
28.7684043881957 -0.4742135204498117
28.872261443748755 -0.5629308046969418
28.97611849930181 -0.6455816110074701
29.079975554854858 -0.7212752450211966
29.183832610407915 -0.7891959870140449
29.28768966596097 -0.848611882580068
29.39154672151402 -0.8988826306084957
29.495403777067075 -0.9394664835502086
29.599260832620125 -0.9699260856122709
29.70311788817318 -0.9899331859646988
29.806974943726235 -0.9992721761670744
29.910831999279285 -0.9978424136936372
30.01468905483234 -0.985659306517139
30.118546110385388 -0.9628541470633437
30.222403165938445 -0.9296726973255749
30.3262602214915 -0.8864725403869765
30.43011727704455 -0.8337192268920322
30.533974332597605 -0.7719812579952819
30.637831388150655 -0.7019239588539963
30.74168844370371 -0.6243023086876259
30.845545499256765 -0.5399528046716805
30.949402554809815 -0.44978444734550094
31.05325961036287 -0.35476894468052844
31.15711666591592 -0.25593024037596085
31.260973721468975 -0.15433347923102236
31.36483077702203 -0.05107352850963491
31.468687832575082 0.052736821001910954
31.572544888128135 0.1559788470918476
31.676401943681185 0.2575399521403951
31.780258999234242 0.3563256531349925
31.884116054787295 0.451271376471671
31.987973110340345 0.541353930434876
32.0918301658934 0.6256025317213537
32.19568722144645 0.7031092671797313
32.299544276999505 0.7730388780239045
32.40340133255256 0.8346377610796198
32.50725838810561 0.8872420900615495
32.61111544365867 0.9302849693610825
32.71497249921172 0.9633025432513284
32.81882955476477 0.9859389946729749
32.922686610317825 0.9979503797310243
33.026543665870875 0.9992072565796303
33.13040072142393 0.989696080364599
33.23425777697698 0.9695193491908108
33.33811483253004 0.9388944995415346
33.44197188808309 0.8981515630532723
33.545828943636145 0.8477296098980822
33.649685999189195 0.7881720171016804
33.753543054742245 0.7201206127886608
33.8574001102953 0.6443087594600129
33.96125716584836 0.5615534508416372
34.06511422140141 0.47274650747290525
34.16897127695446 0.3788449659168639
34.272828332507515 0.2808607651637153
34.376685388060565 0.17984984137302354
34.48054244361362 0.07690074847612689
34.58439949916668 -0.026877072729908493
34.68825655471972 -0.1303652505777124
34.79211361027278 -0.23244853476945307
34.895970665825836 -0.3320268149788064
34.999827721378885 -0.4280269762957015
35.10368477693194 -0.5194144637523297
35.20754183248499 -0.6052044313041712
35.31139888803804 -0.684472355118121
35.4152559435911 -0.7563639967924384
35.519112999144156 -0.8201046091390006
35.622970054697205 -0.8750072853208726
35.726827110250255 -0.9204803613698788
35.830684165803305 -0.9560337923102267
35.93454122135636 -0.9812844331753063
36.03839827690942 -0.9959601680062528
36.14225533246247 -0.9999028423357454
36.24611238801552 -0.9930699675548277
36.349969443568575 -0.9755351787954827
36.453826499121625 -0.9474874413945603
36.55768355467468 -0.9092290144906484
36.66154061022774 -0.8611721936994177
36.76539766578078 -0.8038348679702834
36.86925472133384 -0.7378349385063214
36.973111776886896 -0.663883659892596
37.076968832439945 -0.5827779751927191
37.180825887993 -0.4953919276152937
37.28468294354605 -0.4026672413032849
37.3885399990991 -0.3056031727532165
37.49239705465216 -0.20524574223148498
37.596254110205216 -0.10267646123640946
37.700111165758265 0.000999322514418396
37.803968221311315 0.10466433697009545
37.90782527686437 0.20720142613606304
38.01168233241742 0.3075055892130641
38.11553938797048 0.4044958887445389
38.219396443523536 0.49712709944299793
38.32325349907658 0.5844009721608361
38.427110554629635 0.6653769916182825
38.53096761018269 0.7391825119566621
38.63482466573574 0.8050221608904313
38.7386817212888 0.8621864111130856
38.84253877684185 0.9100592265863603
38.9463958323949 0.9481247013118521
39.050252887947956 0.9759726190415944
39.15410994350101 0.9933028740128896
39.25796699905406 0.9999287050669208
39.36182405460711 0.9957787082983327
39.46568111016017 0.9808976065462786
39.56953816571322 0.9554457674344503
39.673395221266276 0.9196974751539558
39.77725227681933 0.8740379746133735
39.88110933237238 0.8189593198099567
39.98496638792543 0.7550550711624159
40.08882344347849 0.6830138989500072
40.19268049903154 0.6036121617910767
40.296537554584596 0.5177055401397359
40.40039461013765 0.4262198149632199
40.504251665690695 0.33014089097428256
40.60810872124375 0.23050417193422673
40.7119657767968 0.12838340252481414
40.81582283234986 0.024879097035392803
40.919679887902916 -0.07889332043508995
41.02353694345596 -0.18181553645313972
41.127393999009016 -0.28277839986299413
41.23125105456207 -0.3806938746606015
41.33510811011512 -0.4745067653182719
41.43896516566818 -0.5632060882007383
41.54282222122123 -0.6458359665274528
41.64667927677428 -0.7215059314706537
41.750536332327336 -0.7894005183782759
41.85439338788039 -0.8487880547071646
41.95825044343344 -0.8990285449625909
42.06210749898649 -0.939580567671235
42.16596455453955 -0.9700071100617351
42.2698216100926 -0.9899802775748286
42.373678665645656 -0.9992848274506069
42.47753572119871 -0.9978204883127985
42.581392776751755 -0.9856030407529052
42.68524983230481 -0.9627641472691297
42.78910688785787 -0.9295499333928169
42.89296394341092 -0.8863183352929999
42.996820998963976 -0.833535242442852
43.100678054517026 -0.7717694769170109
43.204535110070076 -0.701686663425781
43.30839216562313 -0.624042056146459
43.41224922117619 -0.539672399654095
43.51610627672924 -0.44948691166312676
43.61996333228229 -0.35445748475525485
43.723820387835346 -0.25560821268560957
43.827677443388396 -0.1540043541379648
43.93153449894145 -0.05074085286207127
44.03539155449451 0.05306946209288152
44.13924861004755 0.15630786888751427
44.24310566560061 0.2578618089057625
44.346962721153666 0.35663687634967844
44.450819776706716 0.45156861220877853
44.55467683225977 0.5416339755049174
44.65853388781282 0.6258623681916993
44.76239094336587 0.7033460948976809
44.86624799891893 0.773250144792787
44.970105054471986 0.8348211901627894
45.073962110025036 0.8873957047178568
45.177819165578086 0.9304071141474126
45.281676221131136 0.9633919018626518
45.38553327668419 0.9859946041276271
45.48939033223725 0.9979716407483689
45.5932473877903 0.99919394003827
45.69710444334335 0.989648329771523
45.800961498896406 0.9694376791348741
45.904818554449456 0.9387797901479501
46.00867561000251 0.8980050504988432
46.11253266555557 0.8475528730894394
46.21638972110861 0.787966960660038
46.32024677666167 0.7198894465244674
46.424103832214726 0.644053974558743
46.527960887767776 0.5612777930172802
46.63181794332083 0.47245294737849525
46.73567499887388 0.37853666713098677
46.83953205442693 0.2805410500978835
46.94338910997999 0.17952215546736763
47.047246165533046 0.07656862306931954
47.151103221086096 -0.027210058456483454
47.254960276639146 -0.13069550817137363
47.3588173321922 -0.23277250517748466
47.46267438774525 -0.33234100690295315
47.56653144329831 -0.42832800381650005
47.670388498851366 -0.5196990828177548
47.77424555440441 -0.6054695746894957
47.878102609957466 -0.6847151654801733
47.98195966551052 -0.7565818574620026
48.08581672106357 -0.8202951723196222
48.18967377661663 -0.875168497390123
48.29353083216968 -0.920610485010391
48.39738788772273 -0.9561314252320786
48.501244943275786 -0.9813485232279292
48.60510199882884 -0.9959900245170331
48.70895905438189 -0.9998981435531242
48.81281610993494 -0.9930307641156878
48.916673165488 -0.9754618931794548
49.02053022104105 -0.9473808633711314
49.124387276594106 -0.9090902926081341
49.22824433214716 -0.8610028229075215
49.332101387700206 -0.8036366735096275
49.43595844325326 -0.7376100562385653
49.53981549880632 -0.6636345132831182
49.64367255435937 -0.5825072491939095
49.74752960991243 -0.4951025397319058
49.85138666546547 -0.40236231015167206
49.955243721018526 -0.30528598445323707
50.05910077657158 -0.20491971499335443
50.16295783212464 -0.10234510852400357
50.26681488767769 0.001332429846738379
50.37067194323074 0.10499560915913805
50.47452899878379 0.2075272931952278
50.578386054336846 0.3078225394046732
50.6822431098899 0.40480050642437404
50.78610016544295 0.4974161018693405
50.889957220996 0.5846712448712663
50.99381427654906 0.6656256219929465
51.09767133210211 0.7394068206064193
51.201528387655166 0.8052197305315625
51.30538544320822 0.8623551126173538
51.409242498761266 0.9101972419257831
51.51309955431432 0.9482305431508614
51.61695660986738 0.9760451467654335
51.72081366542043 0.9933413060195692
51.82467072097349 0.9999326271902275
