0.0 0.0
0.10069528393723032 0.10052520287396223
0.20139056787446064 0.20003198737249425
0.30208585181169095 0.2975122526918569
0.40278113574892127 0.3919784286446264
0.5034764196861515 0.482473480709146
0.6041717036233819 0.5680806057228938
0.7048669875606122 0.6479325199929327
0.8055622714978425 0.721220245725825
0.9062575554350728 0.7872013067619008
1.006952839372303 0.8452072505831009
1.1076481233095334 0.8946504203891128
1.2083434072467638 0.9350299086340638
1.309038691183994 0.9659366317086353
1.4097339751212243 0.98705747435612
1.5104292590584545 0.9981784618354397
1.611124542995685 0.9991869276940226
1.7118198269329155 0.9900726551888829
1.8125151108701456 0.970927980792194
1.913210394807376 0.9419468587327442
2.013905678744606 0.9034228960503817
2.1146009626818367 0.8557463780702628
2.215296246619067 0.7994003144317552
2.3159915305562975 0.7349555457295754
2.4166868144935276 0.663064960341666
2.5173820984307578 0.5844568800329799
2.618077382367988 0.4999276813454682
2.7187726663052185 0.41033372752677966
2.8194679502424487 0.31658269273511397
2.9201632341796793 0.2196243664144881
3.020858518116909 0.12044103100107698
3.1215538020541396 0.02003751044383544
3.22224908599137 -0.08056900964238455
3.3229443699286003 -0.18035928705946072
3.423639653865831 -0.2783223489438202
3.5243349378030606 -0.373465733907828
3.625030221740291 -0.4648255466418742
3.7257255056775214 -0.5514762231142104
3.826420789614752 -0.6325399074375578
3.927116073551982 -0.7071953454056598
4.027811357489212 -0.7746862045995925
4.128506641426443 -0.83432873677303
4.2292019253636735 -0.8855187048890287
4.329897209300903 -0.9277375046306956
4.430592493238134 -0.960557418368857
4.531287777175364 -0.983645948358913
4.631983061112595 -0.9967691852673701
4.732678345049824 -0.9997941779015862
4.833373628987055 -0.9926902801350561
4.934068912924285 -0.9755294613825712
5.0347641968615156 -0.9484855774798354
5.135459480798747 -0.911832609354239
5.236154764735976 -0.8659418873307761
5.336850048673207 -0.8112783291935857
5.437545332610437 -0.74839573011524
5.538240616547667 -0.6779311521713703
5.638935900484897 -0.600598470280339
5.7396311844221275 -0.5171811399538732
5.8403264683593585 -0.42852426012840816
5.941021752296589 -0.3355260114884031
6.041717036233818 -0.23912855701975683
6.142412320171049 -0.14030849697960476
6.243107604108279 -0.04006697498297106
6.34380288804551 0.06058046455875641
6.44449817198274 0.1606141648934496
6.54519345591997 0.2590206870459008
6.645888739857201 0.3548030769433327
6.746584023794431 0.4469909655327552
6.847279307731662 0.5346503995661542
6.947974591668891 0.6168933034580312
7.048669875606121 0.6928864763574809
7.149365159543352 0.7618600332856579
7.250060443480582 0.8231152048216973
7.3507557274178135 0.8760314163186567
7.451451011355043 0.9200725749301046
7.552146295292273 0.9547925007536615
7.652841579229504 0.9798394470686902
7.753536863166734 0.994959663873734
7.854232147103964 0.9999999686215861
7.954927431041194 0.9949092981079334
8.055622714978425 0.9797392257914324
8.156317998915654 0.9546434393042595
8.257013282852887 0.9198761834464607
8.357708566790116 0.8757896844380963
8.458403850727347 0.8228305815239995
8.559099134664576 0.7615354020825014
8.659794418601805 0.6925251260796579
8.760489702539038 0.6164988949363787
8.861184986476268 0.5342269285437753
8.961880270413497 0.4465427221842378
9.062575554350728 0.35433460241109194
9.163270838287957 0.2585367274339849
9.26396612222519 0.1601196231848631
9.36466140616242 0.060080350943476336
9.465356690099648 -0.04056759386612049
9.56605197403688 -0.14080454937294645
9.66674725797411 -0.2396150174286068
9.767442541911342 -0.3359979515942407
9.86813782584857 -0.4289768987175436
9.9688331097858 -0.5176098913558129
10.069528393723031 -0.6009989908251028
10.170223677660262 -0.6782993841950999
10.270918961597493 -0.7487279430682953
10.371614245534722 -0.811571157434651
10.472309529471952 -0.866192364224092
10.573004813409183 -0.9120381973245179
10.673700097346414 -0.9486441937203699
10.774395381283643 -0.9756394989561019
10.875090665220874 -0.992750624253613
10.975785949158103 -0.9998042172203777
11.076481233095334 -0.9967288180783028
11.177176517032565 -0.9835555836209934
11.277871800969795 -0.9604179715650387
11.378567084907026 -0.9275503884931423
11.479262368844255 -0.8852858150867606
11.579957652781486 -0.834052432706946
11.680652936718717 -0.774369285499439
11.781348220655946 -0.7068410219711017
11.882043504593177 -0.6321517693106566
11.982738788530407 -0.551058202512853
12.083434072467636 -0.46438187852256424
12.184129356404869 -0.37300091306144484
12.284824640342098 -0.27784108445900974
12.385519924279329 -0.17986645461496498
12.486215208216558 -0.08006960211166472
12.586910492153788 0.02053843357528099
12.68760577609102 0.12093839489323994
12.78830106002825 0.22011313228592028
12.88899634396548 0.3170579089107087
12.98969162790271 0.41079057960306575
13.09038691183994 0.5003615409652171
13.191082195777172 0.5848633517749826
13.291777479714401 0.6634399262506273
13.392472763651632 0.7352952070350302
13.493168047588862 0.7997012300333108
13.59386333152609 0.8560054993993089
13.694558615463324 0.9036375979550634
13.795253899400553 0.9421149660733067
13.895949183337782 0.9710477904772753
13.996644467275013 0.9901429534294899
14.097339751212242 0.9992070023003963
14.198035035149475 0.998148109432233
14.298730319086705 0.9869770024427887
14.399425603023934 0.9658068555441685
14.500120886961165 0.9348521429776138
14.600816170898394 0.8944264661802048
14.701511454835627 0.8449393766963545
14.802206738772856 0.7868922270211228
14.902902022710085 0.7208730914103214
15.003597306647317 0.6475508081145951
15.104292590584546 0.5676682033954411
15.204987874521779 0.48203456597048383
15.305683158459008 0.3915174481292564
15.406378442396237 0.297033876582123
15.507073726333468 0.19954106208508027
15.607769010270697 0.10002670196096801
15.708464294207928 -0.0005010262380003754
15.80915957814516 -0.10102367855238693
15.909854862082389 -0.20052286244641648
16.010550146019618 -0.29799055411789027
16.11124542995685 -0.39243931076270583
16.21194071389408 -0.4829122743337883
16.312635997831308 -0.5684928654466002
16.413331281768542 -0.6483140692225158
16.514026565705773 -0.7215672189953544
16.614721849643 -0.787510188893654
16.71541713358023 -0.8454749122997466
16.81611241751746 -0.8948741500163343
16.916807701454694 -0.9352074395724743
17.017502985391925 -0.9660661653966317
17.118198269329152 -0.9871376984910716
17.218893553266383 -0.9982085636685952
17.31958883720361 -0.9991666022644455
17.420284121140845 -0.9900021084130033
17.520979405078076 -0.9708079273776756
17.621674689015304 -0.941778514937799
17.722369972952535 -0.9032079673618839
17.823065256889763 -0.8554870419255088
17.923760540826994 -0.7990991981588926
18.024455824764228 -0.7346156999302089
18.125151108701456 -0.662689827985294
18.225846392638687 -0.5840502615763414
18.326541676575914 -0.49949369623022055
18.427236960513145 -0.4098767724455246
18.52793224445038 -0.3161073970886168
18.628627528387607 -0.21913554541134356
18.72932281232484 -0.11994363687492635
18.830018096262066 -0.019536582282428494
18.930713380199297 0.08106839694808109
19.03140866413653 0.18085207422885213
19.13210394807376 0.27880354356212006
19.23279923201099 0.37393046100411376
19.33349451594822 0.46526909807728134
19.43418979988545 0.551894105279976
19.534885083822683 0.6329278867796709
19.63558036775991 0.7075494913148748
19.73627565169714 0.7750029292323544
19.836970935634373 0.8346048313998182
19.9376662195716 0.8857513724019204
20.038361503508835 0.9279243878808029
20.139056787446062 0.9606966240465336
20.239752071383293 0.983736066174839
20.340447355320524 0.9968093022401532
20.44114263925775 0.9997838876071546
20.541837923194986 0.9926296868241313
20.642533207132214 0.975419178924507
20.743228491069445 0.9483267231435207
20.843923775006676 0.911626792489076
20.944619058943903 0.8656911930624003
21.045314342881134 0.8109852972995072
21.146009626818365 0.7480633292944211
21.246704910755597 0.6775627499684094
21.347400194692828 0.6001977989689572
21.448095478630055 0.5167522587253446
21.548790762567286 0.4280715139679834
21.649486046504517 0.3350539871563762
21.750181330441748 0.23864203658310745
21.85087661437898 0.13981240936499723
21.951571898316207 0.039566346041916806
22.052267182253438 -0.061080562966683835
22.15296246619067 -0.16110866628349305
22.2536577501279 -0.25950458163655465
22.35435303406513 -0.35527146241031415
22.45504831800236 -0.44743909667433424
22.55574360193959 -0.5350737363766817
22.65643888587682 -0.6172875571226191
22.75713416981405 -0.6932476527018804
22.857829453751283 -0.7621844732411432
22.95852473768851 -0.823399621495001
23.05922002162574 -0.8762729282914088
23.159915305562972 -0.9202687354504079
23.260610589500203 -0.9549413225240745
23.361305873437434 -0.9799394223794907
23.46200115737466 -0.9950097798774895
23.562696441311893 -0.9999997175942871
23.663391725249124 -0.994858682592731
23.764087009186355 -0.979638758572875
23.864782293123586 -0.9544941382132843
23.965477577060813 -0.9196795610487768
24.066172860998044 -0.8755477327104106
24.166868144935272 -0.8225457516733592
24.267563428872506 -0.7612105797131625
24.368258712809737 -0.6921636019591136
24.468953996746965 -0.6161043316566709
24.569649280684196 -0.53380332341585
24.670344564621423 -0.4460943667413042
24.771039848558658 -0.3538660389311885
24.87173513249589 -0.25805270292228544
24.972430416433117 -0.15962504128188232
25.073125700370348 -0.05958022224638845
25.173820984307575 0.04106820256569519
25.27451626824481 0.14130056642050304
25.37521155218204 0.24010141768754598
25.475906836119268 0.33646980735541393
25.5766021200565 0.42942942962176256
25.677297403993727 0.5180385128235349
25.77799268793096 0.6013993605027098
25.878687971868192 0.6786674459471626
25.97938325580542 0.7490599680701892
26.08007853974265 0.8118637819491938
26.18077382367988 0.866442623679471
26.281469107617113 0.9122435563483046
26.382164391554344 0.9488025718253076
26.48285967549157 0.9757492916174766
26.583554959428803 0.9928107191646542
26.68425024336603 0.9998140055610092
26.784945527303265 0.9966882006830846
26.885640811240496 0.9834649719837644
26.986336095177723 0.9602782836700834
27.087031379114954 0.9273630395151129
27.18772666305218 0.8850527030535793
27.288421946989416 0.8337759192709254
27.389117230926647 0.7740521720114486
27.489812514863875 0.7064865211001454
27.590507798801106 0.6317634724964
27.691203082738333 0.5506400435808401
27.791898366675564 0.46393809383072077
27.8925936506128 0.3725359985816462
27.993288934550026 0.2773597502285005
28.093984218487257 0.17937357701907838
28.194679502424485 0.07957017448129007
28.295374786361716 -0.021039351551020206
28.39607007029895 -0.12143572842656424
28.496765354236178 -0.2206018429029452
28.59746063817341 -0.31753304549610956
28.698155922110637 -0.41124732855969737
28.798851206047868 -0.5007952749805572
28.899546489985102 -0.5852696767003134
29.00024177392233 -0.6638147256180503
29.10093705785956 -0.7356346837613081
29.20163234179679 -0.8000019448880192
29.30232762573402 -0.8562644058476004
29.403022909671254 -0.9038520730220325
29.50371819360848 -0.9422828369172861
29.604413477545712 -0.9711673564028455
29.70510876148294 -0.9902130031171776
29.80580404542017 -0.9992268260785272
29.906499329357406 -0.9981175064665945
30.007194613294633 -0.9868962827712786
30.107889897231864 -0.965676836935807
30.20858518116909 -0.9346741426477487
30.309280465106323 -0.8942022874458295
30.409975749043557 -0.844671290706752
30.510671032980785 -0.7865829497489086
30.611366316918016 -0.7205257561359855
30.712061600855243 -0.6471689336833235
30.812756884792474 -0.5672556585677676
30.913452168729705 -0.4815955302279857
31.014147452666936 -0.3910563693323164
31.114842736604167 -0.29655542590877293
31.215538020541395 -0.19905008670741292
31.316233304478626 -0.09952817593853945
31.416928588415857 0.0010020523502294837
31.517623872353088 0.10152212887110897
31.61831915629032 0.20101368718362664
31.719014440227546 0.29846878074015865
31.819709724164777 0.3929000943678026
31.92040500810201 0.48335094673426277
32.021100292039236 0.5689049824630759
32.12179557597647 0.6486954557075629
32.2224908599137 0.7219140111318041
32.32318614385093 0.7878188733388479
32.42388142778816 0.8457423617791019
32.524576711725395 0.8950976550057123
32.625271995662615 0.9353847357482769
32.72596727959985 0.9661954565756388
32.826662563537084 0.9872176748275058
32.92735784747431 0.9982384149241432
33.028053131411546 0.9991460260167666
33.12874841534877 0.989931313119562
33.229443699286 0.9706876302638592
33.330138983223236 0.941609934730728
33.43083426716046 0.9029928119435227
33.5315295510977 0.8552274910301415
33.63222483503492 0.7987978812903114
33.73292011897215 0.7342756697222454
33.83361540290939 0.6623145292756761
33.934310686846615 0.5836434965071391
34.03500597078385 0.49905958572840736
34.13570125472107 0.4094197144740088
34.236396538658305 0.3156320220905369
34.33709182259554 0.2186466693991893
34.43778710653277 0.11944621263964844
34.53848239047 0.019035649216796586
34.63917767440722 -0.0815677639033945
34.739872958344456 -0.18134481599942825
34.84056824228169 -0.2792846681931211
34.94126352621892 -0.37439509423364203
35.04195881015615 -0.46571253271744173
35.14265409409337 -0.5523118489052488
35.24334937803061 -0.6333157072395963
35.34404466196784 -0.7079034596098491
35.44473994590507 -0.7753194593182176
35.545435229842305 -0.8348807165180047
35.646130513779525 -0.8859838175670296
35.74682579771676 -0.9281110381965474
35.84752108165399 -0.9608355885631228
35.94821636559122 -0.9838259370461496
36.048911649528456 -0.9968491689865818
36.14960693346568 -0.9997733463396664
36.25030221740291 -0.9925688443360502
36.35099750134014 -0.975308651609594
36.45169278527737 -0.948167630751303
36.55238806921461 -0.9114207467806932
36.65308335315183 -0.865440281481897
36.75377863708906 -0.8106920618259731
36.85447392102629 -0.7477307406892817
36.955169204963525 -0.6771941776786966
37.05586448890076 -0.599796976991537
37.15655977283798 -0.5163232477778905
37.257255056775215 -0.4276186603499185
37.35795034071244 -0.3345818787166525
37.45864562464968 -0.23815545624079204
37.55934090858691 -0.1393162866536553
37.66003619252413 -0.03906570716863192
37.760731476461366 0.06158064604172292
37.861426760398594 0.1616031272308584
37.96212204433583 0.2599884110844705
38.06281732827306 0.35573975869445895
38.16351261221028 0.4478871154964795
38.26420789614752 0.5354969388690908
38.364903180084745 0.6176816558311704
38.46559846402198 0.6936086550221872
38.566293747959214 0.7625087218675141
38.66698903189644 0.8236838314725177
38.76768431583367 0.876514220295728
38.8683795997709 0.9204646649581271
38.96907488370813 0.9550899045781384
39.069770167645366 0.9800391516987373
39.170465451582594 0.9950596461066201
39.27116073551982 0.999999215539752
39.37185601945705 0.9948078173408332
39.47255130339428 0.9795380454382385
39.57324658733152 0.9543445975182161
39.673941871268745 0.9194827077864074
39.77463715520597 0.8753055611963355
39.8753324391432 0.822260715341272
39.976027723080435 0.760885566259183
40.07672300701767 0.6918019040866045
40.1774182909549 0.6157096137179479
40.278113574892124 0.533379584288714
40.37880885882935 0.44564589931650156
40.47950414276659 0.35339738662124803
40.58019942670382 0.2575686136323109
40.68089471064105 0.15913041930865207
40.781589994578276 0.05908007859303784
40.8822852785155 -0.04156880095603138
40.98298056245274 -0.1417965479977572
41.08367584638997 -0.2405877576744746
41.1843711303272 -0.3369415786534826
41.28506641426443 -0.4298818527274683
41.385761698201655 -0.5184670042494456
41.48645698213889 -0.6017995792126536
41.587152266076124 -0.6790353373351651
41.68784755001335 -0.74939180503758
41.78854283395058 -0.8121562026637579
41.88923811788781 -0.8666926656340924
41.98993340182504 -0.9124486863740473
42.09062868576227 -0.948960711754889
42.1913239696995 -0.9758588393391352
42.29201925363673 -0.9928705648530944
42.39271453757396 -0.9998235429210235
42.49340982151119 -0.9966473330919116
42.59410510544842 -0.9833741134699729
42.694800389385655 -0.9601383547190556
42.79549567332288 -0.9271754577436372
42.89619095726011 -0.8848193688480006
42.996886241197345 -0.8334991965343823
43.09758152513457 -0.7737348642152294
43.19827680907181 -0.706131842881778
43.298972093009034 -0.6313750170922602
43.39966737694626 -0.5502217464231385
43.500362660883496 -0.4634941926777439
43.601057944820724 -0.37207099058514403
43.70175322875796 -0.27687834637311676
43.802448512695186 -0.17888065439552583
43.90314379663241 -0.07907072687662706
44.00383908056965 0.021540264245311212
44.104534364506875 0.12193303147619937
44.20522964844411 0.22109049814288706
44.30592493238134 0.31800810237204513
44.406620216318565 0.4117039742820212
44.5073155002558 0.5012288832826111
44.60801078419303 0.5856758547069693
44.70870606813026 0.6641893583498532
44.80940135206749 0.7359739758231928
44.91009663600472 0.800302458920395
45.01079191994195 0.8565230973501459
45.11148720387918 0.9040663211974476
45.21218248781641 0.9424504712225439
45.31287777175364 0.9712866785388892
45.41357305569087 0.9902828042343621
45.5142683396281 0.9992463990234389
45.61496362356533 0.9980866529462067
45.715658907502565 0.9868153153618519
45.81635419143979 0.9655465759161903
45.91704947537702 0.9344959076891501
46.017744759314255 0.8939778842422604
46.11844004325148 0.8444029926815928
46.21913532718872 0.7862734750228926
46.319830611125944 0.7201782399900107
46.42052589506317 0.646786896794976
46.521221179000406 0.5668429713434308
46.621916462937634 0.48115637359185703
46.72261174687487 0.3905951923695459
46.823307030812096 0.2960769007919147
46.92400231474932 0.19855906136273663
47.02469759868656 0.0990296249318174
47.125392882623785 -0.001503078210916089
47.22608816656102 -0.10202055370500793
47.32678345049825 -0.20150446146091053
47.427478734435475 -0.2989469324386128
47.52817401837271 -0.39336077934425007
47.62886930230994 -0.48378949780045083
47.72956458624717 -0.5693169566688717
47.8302598701844 -0.6490766793523367
47.93095515412163 -0.7222606220481262
48.03165043805886 -0.7881273600199895
48.13234572199609 -0.8460095989540297
48.23304100593332 -0.8953209353011333
48.333736289870544 -0.9355617971169707
48.43443157380778 -0.9663245052132032
48.53512685774501 -0.9872974033453452
48.63582214168224 -0.9982680155945903
48.736517425619475 -0.9991251989561519
48.837212709556695 -0.9898602693263279
48.93790799349393 -0.9705670894809403
49.038603277431164 -0.9414411181538521
49.13929856136839 -0.9027774298493076
49.23999384530563 -0.8549677254493241
49.34068912924285 -0.7984963639016471
49.44138441318008 -0.7339354551910358
49.542079697117316 -0.6619390643070283
49.642774981054544 -0.5832365849274815
49.74347026499178 -0.4986253499490166
49.844165548929 -0.40896255372696144
49.94486083286623 -0.31515656786019725
50.04555611680347 -0.21815773850075393
50.146251400740695 -0.11894875842010946
50.24694668467793 -0.018534711372704023
