0.0 0.0
0.10518061820792626 0.10498679058282664
0.21036123641585253 0.20881318661949547
0.3155418546237788 0.31033161913452545
0.42072247283170505 0.40842002853574344
0.5259030910396313 0.5019942664776423
0.6310837092475576 0.5900200787005591
0.7362643274554839 0.6715245364021409
0.8414449456634101 0.7456067897928152
0.9466255638713363 0.8114480249787158
1.0518061820792626 0.8683205141209607
1.156986800287189 0.9155956588419756
1.2621674184951153 0.9527509379769687
1.3673480367030415 0.9793756828786764
1.4725286549109677 0.995175616442281
1.5777092731188938 0.9999761056817178
1.6828898913268202 0.993724091907399
1.7880705095347467 0.9764886771715536
1.8932511277426727 0.9484603604993377
1.9984317459505991 0.9099489323474726
2.103612364158525 0.8613800505624755
2.2087929823664516 0.8032905356836101
2.313973600574378 0.736322437590487
2.419154218782304 0.6612159390752695
2.5243348369902305 0.5788011747746503
2.6295154551981565 0.48998905588504266
2.734696073406083 0.39576120207326404
2.839876691614009 0.2971590918629689
2.9450573098219355 0.19527255141507155
3.050237928029862 0.09122770893299963
3.1554185462377875 -0.013825452170077473
3.260599164445714 -0.11872580377010024
3.3657797826536404 -0.2223139067108563
3.470960400861567 -0.32344482581495815
3.5761410190694933 -0.4210007845857165
3.681321637277419 -0.5139035197304406
3.7865022554853454 -0.6011261989535012
3.891682873693272 -0.6817047702945522
3.9968634919011983 -0.7547486175703363
4.102044110109125 -0.8194504041479428
4.20722472831705 -0.875094996248593
4.312405346524977 -0.921067367154752
4.417585964732903 -0.9568593949572027
4.522766582940829 -0.9820754787081752
4.627947201148756 -0.9964369109064914
4.733127819356682 -0.9997849579866668
4.838308437564608 -0.992082614764044
4.943489055772535 -0.9734150134444802
5.048669673980461 -0.9439884826779017
5.153850292188387 -0.9041282670557886
5.259030910396313 -0.8542749322584494
5.3642115286042396 -0.7949794955851603
5.469392146812166 -0.726897335688281
5.5745727650200925 -0.6507809488256397
5.679753383228018 -0.5674716316946439
5.7849340014359445 -0.4778901827758083
5.890114619643871 -0.3830267249615972
5.9952952378517965 -0.2839297619586794
6.100475856059724 -0.18169458942063935
6.205656474267649 -0.07745118890020769
6.310837092475575 0.027648261573692497
6.416017710683502 0.13244212225136626
6.521198328891428 0.23577213099596284
6.626378947099355 0.3364962052851414
6.731559565307281 0.4335010653831993
6.836740183515206 0.5257145391627335
6.941920801723134 0.6121174125734633
7.047101419931059 0.6917546947777616
7.152282038138987 0.7637461734419871
7.257462656346912 0.8272961435184066
7.362643274554838 0.8817022019877864
7.467823892762765 0.9263630113563783
7.573004510970691 0.9607849460991924
7.678185129178617 0.9845875485879696
7.783365747386544 0.9975077342007395
7.888546365594469 0.9994026991348792
7.9937269838023965 0.9902514987842861
8.098907602010321 0.9701552792352317
8.20408822021825 0.939336159322224
8.309268838426174 0.8981347756002631
8.4144494566341 0.8470065173683219
8.519630074842027 0.7865164933574855
8.624810693049954 0.7173332857157504
8.72999131125788 0.6402215603252481
8.835171929465806 0.5560336151283316
8.940352547673731 0.4656999598769091
9.045533165881658 0.3702190314248556
9.150713784089586 0.27064615823799765
9.255894402297512 0.16808189609435464
9.361075020505437 0.06365986389742387
9.466255638713363 -0.041465785949554294
9.57143625692129 -0.1461331241213122
9.676616875129216 -0.24918528690479502
9.781797493337143 -0.3494832627443596
9.88697811154507 -0.445918481471237
9.992158729752994 -0.5374250670714342
10.097339347960922 -0.622991618565094
10.202519966168849 -0.7016723887859678
10.307700584376773 -0.7725977375046047
10.4128812025847 -0.834983743359276
10.518061820792626 -0.8881408683562155
10.623242439000553 -0.9314815791724836
10.728423057208479 -0.9645268410249557
10.833603675416406 -0.9869114123302181
10.938784293624332 -0.9983878816347299
11.043964911832257 -0.9988294021959995
11.149145530040185 -0.9882310939900876
11.254326148248111 -0.9667100976493764
11.359506766456036 -0.9345042797344408
11.464687384663963 -0.8919696036503477
11.569868002871889 -0.8395761952660434
11.675048621079815 -0.7779031467226081
11.780229239287742 -0.7076321158626852
11.885409857495668 -0.6295397920250959
11.990590475703593 -0.5444893114784606
12.09577109391152 -0.4534207173770298
12.200951712119448 -0.3573405696826319
12.306132330327372 -0.25731081989183324
12.411312948535299 -0.15443707353334732
12.516493566743225 -0.04985637016762447
12.62167418495115 0.05527538404661355
12.726854803159078 0.1597961923139565
12.832035421367005 0.26255081048225265
12.937216039574931 0.3624035156871977
13.042396657782856 0.45825065923264763
13.147577275990782 0.5490328649626387
13.25275789419871 0.6337467382993149
13.357938512406635 0.7114559565295191
13.463119130614562 0.7813016177616938
13.568299748822488 0.8425117341684488
13.673480367030413 0.8944097645882353
13.778660985238341 0.9364220921772496
13.883841603446267 0.9680843644628111
13.989022221654192 0.9890466257231084
14.094202839862119 0.9990771849662893
14.199383458070045 0.9980651767570344
14.304564076277973 0.986021786586396
14.409744694485898 0.963080127241171
14.514925312693824 0.929493767539266
14.620105930901751 0.8856339296926098
14.725286549109676 0.8319853862744963
14.830467167317604 0.7691411021412258
14.93564778552553 0.6977956805296524
15.040828403733455 0.6187376857693632
15.146009021941381 0.5328409274647898
15.251189640149308 0.44105480248115775
15.356370258357234 0.34439380148203214
15.46155087656516 0.243926296000278
15.566731494773087 0.14076272997631784
15.671912112981012 0.03604334627986906
15.777092731188938 -0.0690744161289533
15.882273349396867 -0.17342871510290045
15.987453967604793 -0.2758661468782643
16.092634585812718 -0.3752544943780712
16.197815204020642 -0.470495241343752
16.30299582222857 -0.5605357139795164
16.4081764404365 -0.6443807159106555
16.513357058644424 -0.721103527857309
16.61853767685235 -0.7898561504468488
16.723718295060277 -0.8498786769534491
16.8288989132682 -0.9005076923701493
16.93407953147613 -0.9411836059804373
17.039260149684054 -0.9714568363841044
17.144440767891982 -0.9909927806157703
17.249621386099907 -0.9995755124335263
17.35480200430783 -0.9971101689014059
17.45998262251576 -0.9836239988873205
17.565163240723685 -0.9592660618876707
17.670343858931613 -0.9243055805074428
17.77552447713954 -0.87912896480546
17.880705095347462 -0.8242355413939926
17.98588571355539 -0.7602320344979855
18.091066331763315 -0.6878258599735233
18.196246949971243 -0.6078173064050978
18.30142756817917 -0.521090689702278
18.406608186387096 -0.4286045789619031
18.511788804595025 -0.33138120162708345
18.616969422802946 -0.23049514504536156
18.722150041010874 -0.1270614793049789
18.827330659218802 -0.0222234326249205
18.932511277426727 0.08286024448036886
19.037691895634655 0.1870280866005693
19.14287251384258 0.2891287508361502
19.248053132050504 0.38803374232332954
19.353233750258433 0.48264988722497926
19.458414368466357 0.5719314153264513
19.563594986674286 0.6548915186902344
19.66877560488221 0.7306132586142482
19.77395622309014 0.7982597003417953
19.879136841298063 0.8570831635064949
19.984317459505988 0.9064334860692635
20.089498077713916 0.9457652104079094
20.194678695921844 0.9746436121331987
20.29985931412977 0.9927495049962919
20.405039932337697 0.999882768780018
20.510220550545622 0.9959645611810259
20.615401168753547 0.9810381892354046
20.720581786961475 0.9552686306560964
20.8257624051694 0.9189407103726613
20.930943023377328 0.8724559524276565
21.036123641585252 0.8163281420249131
21.14130425979318 0.7511776467813205
21.246484878001105 0.6777245599480478
21.35166549620903 0.5967807413875253
21.456846114416958 0.5092408442754628
21.562026732624883 0.41607242670766204
21.66720735083281 0.31830525750569577
21.77238796904074 0.21701993442196488
21.877568587248664 0.1133359405443902
21.98274920545659 0.008399270910548626
22.087929823664513 -0.09663023390857858
22.19311044187244 -0.20059170725633094
22.29829106008037 -0.30233608717916227
22.403471678288295 -0.4007388167408182
22.508652296496223 -0.49471227348826613
22.613832914704144 -0.5832177906893494
22.719013532912072 -0.665277137474321
22.82419415112 -0.7399833309937903
22.929374769327925 -0.8065106610889536
23.034555387535853 -0.8641238166736843
23.139736005743778 -0.9121860129567079
23.244916623951703 -0.9501660296756147
23.35009724215963 -0.9776440825506979
23.455277860367556 -0.9943164630628338
23.560458478575484 -0.9999988952730187
23.66563909678341 -0.9946285725814028
23.770819714991337 -0.9782648519140128
23.876000333199265 -0.951088597664473
23.981180951407186 -0.913400182641985
24.086361569615114 -0.8656161681206115
24.19154218782304 -0.8082646996845421
24.296722806030967 -0.7419796697579333
24.401903424238895 -0.6674937113395836
24.50708404244682 -0.585630100381015
24.612264660654745 -0.4972936563091049
24.71744527886267 -0.4034607412676902
24.822625897070598 -0.305168468614169
24.927806515278526 -0.2035032399471019
25.03298713348645 -0.09958873736234694
25.13816775169438 0.0054264963434647335
25.2433483699023 0.11038175224895042
25.34852898811023 0.21411698435341098
25.453709606318156 0.31548563129507
25.55889022452608 0.41336728902681036
25.66407084273401 0.5066800943811842
25.769251460941934 0.5943926826520275
25.874432079149862 0.6755355870283899
25.979612697357787 0.7492119538853953
26.08479331556571 0.8146074554985112
26.18997393377364 0.8709992906182311
26.295154551981565 0.9177641734239497
26.400335170189493 0.9543852225569941
26.50551578839742 0.9804576740898947
26.610696406605342 0.9956933552878163
26.71587702481327 0.9999238697146865
26.821057643021195 0.9931024584797795
26.926238261229123 0.9753045170528503
27.03141887943705 0.9467267619355653
27.136599497644976 0.9076850563998237
27.241780115852904 0.8586109193245683
27.346960734060826 0.8000467557181242
27.452141352268754 0.7326398616419398
27.557321970476682 0.6571352697979923
27.662502588684607 0.5743675148558294
27.767683206892535 0.48525140953521156
27.87286382510046 0.39077193339419036
27.978044443308384 0.2919733460794218
28.083225061516313 0.18994764536749612
28.188405679724237 0.08582249756783696
28.293586297932166 -0.01925122631042102
28.39876691614009 -0.12411217086764423
28.50394753434802 -0.22760133250449482
28.609128152555947 -0.32857486961877164
28.714308770763868 -0.42591674522025996
28.819489388971796 -0.5185510622276955
28.92467000717972 -0.6054539551085981
29.02985062538765 -0.6856649064265937
29.135031243595577 -0.7582973632169225
29.240211861803502 -0.8225485358498996
29.345392480011427 -0.8777082710777369
29.45057309821935 -0.9231669011929963
29.55575371642728 -0.9584219825437803
29.660934334635208 -0.983083848926399
29.766114952843132 -0.9968799184751758
29.87129557105106 -0.9996577064463266
29.97647618925898 -0.9913865105963197
30.08165680746691 -0.9721577505266228
30.186837425674838 -0.9421839572441406
30.292018043882763 -0.901796424105492
30.39719866209069 -0.8514415451086875
30.502379280298616 -0.7916758810042397
30.607559898506544 -0.7231600077587905
30.71274051671447 -0.646651215362808
30.817921134922393 -0.5629951376806702
30.92310175313032 -0.47311640585650544
31.028282371338246 -0.37800842858150235
31.133462989546175 -0.27872241217897725
31.238643607754103 -0.17635574186571756
31.343824225962024 -0.07203985260874315
31.449004844169952 0.03307227636191209
31.554185462377877 0.13781886516406888
31.659366080585805 0.24104217414591805
31.764546698793733 0.34160130011274026
31.869727317001658 0.4383847864642256
31.974907935209586 0.5303229078654412
32.08008855341751 0.6163994936718105
32.185269171625436 0.6956631594266146
32.29044978983337 0.7672378222918198
32.395630408041285 0.8303323841876371
32.50081102624922 0.8842494756154093
32.60599164445714 0.9283931635202125
32.711172262665066 0.9622755380001697
32.816352880873 0.9855221050609506
32.92153349908092 0.9978759258106739
33.02671411728885 0.9992004563456499
33.13189473549677 0.989481056938343
33.2370753537047 0.9688251538468714
33.34225597191263 0.9374610519575927
33.44743659012055 0.895735411384373
33.55261720832848 0.8441094159150693
33.6577978265364 0.7831536756545335
33.76297844474433 0.7135419202040106
33.86815906295226 0.6360435520847535
33.97333968116018 0.5515151427111616
34.07852029936811 0.4608909649063921
34.18370091757603 0.36517266660244546
34.288881535783965 0.2654181998588341
34.39406215399189 0.1627301275648793
34.499242772199814 0.05824343706882918
34.60442339040774 -0.046887004572950426
34.70960400861566 -0.1514992150726017
34.814784626823595 -0.25443694003039785
34.91996524503152 -0.35456243274531807
35.02514586323945 -0.4507690294644144
35.13032648144737 -0.5419933810794848
35.235507099655294 -0.6272272060771956
35.340687717863226 -0.7055284348397729
35.44586833607115 -0.776031622121103
35.55104895427908 -0.8379575126115146
35.656229572487 -0.8906216538651968
35.761410190694924 -0.9334419613937259
35.866590808902856 -0.9659451523103191
35.97177142711078 -0.9877719764153711
36.07695204531871 -0.9986811869052549
36.18213266352663 -0.998552206817048
36.28731328173456 -0.9873864617376276
36.39249389994249 -0.9653073640469905
36.49767451815041 -0.932558948869956
36.60285513635834 -0.8895031768127628
36.70803575456626 -0.8366159332968
36.81321637277419 -0.7744817687078356
36.91839699098212 -0.7037874374967874
37.02357760919005 -0.6253143076426668
37.128758227397974 -0.5399297243743187
37.23393884560589 -0.44857742360557246
37.33911946381382 -0.3522671010419596
37.44430008202175 -0.252063252249285
37.54948070022968 -0.14907340703197597
37.654661318437604 -0.0444358881641435
37.75984193664552 0.06069277022697907
37.865022554853454 0.16515060556340933
37.97020317306138 0.2677830697181194
38.07538379126931 0.367455789966681
38.180564409477235 0.4630671069447448
38.28574502768516 0.5535602510324789
38.390925645893084 0.6379350225830406
38.49610626410101 0.7152588468963458
38.60128688230894 0.7846770817500476
38.706467500516865 0.8454224635609664
38.81164811872479 0.896823587770816
38.916828736932715 0.9383123297244055
39.022009355140646 0.9694301240191496
39.12718997334857 0.9898330329216627
39.232370591556496 0.9992955478314384
39.33755120976442 0.9977130817748844
39.442731827972345 0.9851031253807865
39.54791244618028 0.9616050535604602
39.6530930643882 0.9274785850293221
39.758273682596126 0.8831009116964038
39.86345430080405 0.8289625296500303
39.968634919011976 0.7656618178187855
40.07381553721991 0.6938984242285647
40.17899615542783 0.6144655329559037
40.284176773635764 0.5282410972490684
40.38935739184369 0.43617813571530967
40.494538010051606 0.33929419882811046
40.59971862825954 0.23866012217876753
40.70489924646746 0.13538819078004632
40.810079864675394 0.030619845238898855
40.91526048288332 -0.07448693432067537
41.020441101091244 -0.1787704271423096
41.12562171929917 -0.2810780120662109
41.23080233750709 -0.380278907182415
41.335982955715025 -0.4752766680998979
41.44116357392295 -0.5650213066910557
41.546344192130874 -0.6485208963659882
41.6515248103388 -0.7248525356060633
41.75670542854673 -0.7931725485794806
41.861886046754655 -0.8527258100937407
41.96706666496258 -0.9028540918185659
42.072247283170505 -0.9430033375303226
42.17742790137843 -0.9727297869664326
42.28260851958636 -0.9917048806042101
42.387789137794286 -0.9997188911527441
42.49296975600221 -0.9966832416198096
42.598150374210135 -0.9826314843327278
42.70333099241806 -0.9577189300923086
42.80851161062599 -0.9222209315587359
42.913692228833916 -0.8765298398427512
43.01887284704185 -0.8211506679401828
43.124053465249766 -0.756695508940942
43.22923408345769 -0.683876770706608
43.33441470166562 -0.6034993017922798
43.43959531987355 -0.5164514956429375
43.54477593808148 -0.4236954713875565
43.649956556289396 -0.32625643976049423
43.75513717449733 -0.2252113716859261
43.86031779270525 -0.1216770947691257
43.96549841091318 -0.016797949260966383
44.07067902912111 0.08826686006834218
44.17585964732903 0.1923560763495858
44.28104026553696 0.2943192257163558
44.38622088374488 0.3930293332246652
44.49140150195281 0.4873953790446221
44.59658212016074 0.5763743572484956
44.70176273836866 0.658982803912309
44.80694335657659 0.734307667113618
44.912123974784514 0.8015163986816922
45.017304592992446 0.8598661561586199
45.12248521120037 0.9087120132639537
45.22766582940829 0.9475140881147198
45.33284644761622 0.9758435104141338
45.438027065824144 0.993387161655093
45.543207684032076 0.999951135946138
45.64838830224 0.9954628832080993
45.753568920447925 0.9799720110532313
45.85874953865585 0.9536497364838249
45.963930156863775 0.9167869934705564
46.06911077507171 0.8697912173270606
46.17429139327963 0.81318184142231
46.279472011487556 0.7475845560045377
46.38465262969548 0.6737243925926516
46.489833247903405 0.5924177103717044
46.59501386611134 0.5045631731649347
46.70019448431926 0.4111318167118413
46.80537510252719 0.31315631603626126
46.91055572073511 0.21171957152985219
47.01573633894304 0.10794273990624505
47.12091695715097 0.0029728423170201452
47.22609757535889 -0.10202991340599574
47.33127819356682 -0.2059049562576684
47.43645881177474 -0.3075041795805999
47.54163942998267 -0.405704630820639
47.6468200481906 -0.4994209232599142
47.75200066639853 -0.5876172325434981
47.85718128460645 -0.6693187454047161
47.96236190281437 -0.743622434049225
48.067542521022304 -0.8097070371108661
48.17272313923023 -0.8668421368622953
48.27790375743816 -0.9143962323520415
48.38308437564608 -0.9518437192374218
48.488264993854 -0.9787706991669678
48.593445612061934 -0.994879554502484
48.69862623026986 -0.9999922378175023
48.80380684847779 -0.994052239814025
48.90898746668571 -0.9771252139066328
49.01416808489364 -0.9493982505705759
49.119348703101565 -0.9111778094743379
49.22452932130949 -0.8628863322522753
49.32970993951742 -0.805057573355618
49.43489055772534 -0.7383307005888449
49.54007117593327 -0.663443230536747
49.645251794141195 -0.5812228769654383
49.75043241234913 -0.4925784022948052
49.85561303055705 -0.39848957325916784
49.96079364876497 -0.29999633177370727
50.0659742669729 -0.19818730069865706
50.171154885180826 -0.0941877515444175
50.27633550338876 0.010852832892461058
50.38151612159668 0.11577346349486572
50.4866967398046 0.2194144769674946
50.59187735801253 0.3206303533251944
50.69705797622046 0.41830237705851664
50.80223859442839 0.5113510020357833
50.90741921263631 0.5987477834750079
51.01259983084424 0.6795267451046028
51.11778044905216 0.7527950558741197
51.22296106726009 0.8177428982079268
51.32814168546802 0.8736524187302792
51.43332230367594 0.9199056625314872
51.53850292188387 0.9559914032796413
51.64368354009179 0.981510793686185
51.748864158299725 0.9961817738721127
51.85404477650765 0.9998421889101216
51.959225394715574 0.9924515810852639
52.0644060129235 0.9740916370646449
52.16958663113142 0.9449652850337154
52.274767249339355 0.905394451778295
52.37994786754728 0.8558165045027926
52.48512848575521 0.7967794167123331
