0.0 0.0
0.14480373221045575 0.144298218791887
0.2896074644209115 0.2855760582695559
0.4344111966313673 0.4208763602124247
0.579214928841823 0.5473670852743591
0.7240186610522787 0.6624005918377689
0.8688223932627346 0.7635690551451834
1.0136261254731904 0.8487548667023099
1.158429857683646 0.9161749590170742
1.3032335898941019 0.9644181278910111
1.4480373221045575 0.9924745710511671
1.5928410543150133 0.999757024834408
1.7376447865254692 0.986113056501454
1.8824485187359248 0.9518282548839739
2.027252250946381 0.8976202525796846
2.1720559831568362 0.8246237048199243
2.316859715367292 0.7343665394246532
2.461663447577748 0.6287379749691404
2.6064671797882037 0.50994897659033
2.7512709119986596 0.38048597715249394
2.896074644209115 0.24305883245795967
3.040878376419571 0.10054409987883152
3.1856821086300267 -0.04407517232651812
3.3304858408404825 -0.18777188471179396
3.4752895730509383 -0.32753824839891155
3.6200933052613937 -0.4604487426348188
3.7648970374718496 -0.5837213503524062
3.9097007696823054 -0.6947757899828697
4.054504501892762 -0.7912875246398899
4.199308234103217 -0.8712364181819537
4.3441119663136725 -0.932949019708068
4.488915698524129 -0.9751335914086006
4.633719430734584 -0.9969071465855157
4.77852316294504 -0.9978139318954671
4.923326895155496 -0.9778349669545281
5.068130627365951 -0.9373884416262487
5.2129343595764075 -0.8773209626772009
5.357738091786863 -0.7988898330207124
5.502541823997319 -0.7037367344709344
5.647345556207775 -0.5938533648668972
5.79214928841823 -0.4715397488333479
5.936953020628686 -0.3393560947970286
6.081756752839142 -0.2000692059636329
6.226560485049597 -0.05659456695449791
6.371364217260053 0.08806468168293165
6.516167949470509 0.2308806037353527
6.660971681680965 0.36886384659453947
6.80577541389142 0.49912621291522924
6.950579146101877 0.6189411149408307
7.095382878312332 0.725800646096729
7.2401866105227874 0.817468075256702
7.384990342733244 0.8920246648982749
7.529794074943699 0.9479098331724302
7.674597807154155 0.983953819234994
7.819401539364611 0.9994021681050467
7.964205271575066 0.9939315225453572
8.109009003785523 0.9676563914169649
8.253812735995979 0.9211267528360452
8.398616468206434 0.8553165423025956
8.54342020041689 0.7716032667617728
8.688223932627345 0.6717391713063151
8.833027664837802 0.5578145620444467
8.977831397048258 0.4322140528409553
9.122635129258713 0.2975666517531091
9.267438861469168 0.15669073192760286
9.412242593679624 0.01253503880062305
9.55704632589008 -0.13188303159070247
9.701850058100536 -0.27354059125744534
9.846653790310992 -0.40947253386286775
9.991457522521447 -0.536833598869284
10.136261254731902 -0.6529579271316345
10.28106498694236 -0.7554148613493827
10.425868719152815 -0.8420598233891274
10.57067245136327 -0.9110792035388643
10.715476183573726 -0.9610283220940915
10.860279915784181 -0.9908616686825347
11.005083647994638 -0.9999547863728189
11.149887380205094 -0.988117342499694
11.29469111241555 -0.9555971126137314
11.439494844626005 -0.9030747941654163
11.58429857683646 -0.8316497584810494
11.729102309046915 -0.7428170392630873
11.873906041257372 -0.6384360392803089
12.018709773467828 -0.520691610263978
12.163513505678283 -0.39204832066644757
12.308317237888739 -0.25519886852700313
12.453120970099194 -0.11300771924143874
12.597924702309651 0.03154885201815808
12.742728434520107 0.17544505823083315
12.887532166730562 0.3156689348118691
13.032335898941017 0.44928538457343664
13.177139631151473 0.5734976137347259
13.32194336336193 0.6857056730332128
13.466747095572385 0.7835608785833197
13.61155082778284 0.8650149733718523
13.756354559993296 0.9283630003659558
13.901158292203753 0.9722789898348091
14.045962024414209 0.9958437138955886
14.190765756624664 0.9985639273392107
14.33556948883512 0.9803826919963473
14.480373221045575 0.9416805685391691
14.625176953256032 0.8832676507726099
14.769980685466487 0.8063666091494484
14.914784417676943 0.7125870984339979
15.059588149887398 0.6038920652006096
15.204391882097854 0.48255666040183837
15.34919561430831 0.35112061702818503
15.493999346518766 0.21233508966681366
15.638803078729222 0.0691050686874217
15.783606810939677 -0.07557142558678025
15.928410543150132 -0.21866609596530762
16.07321427536059 -0.35718375521713147
16.218018007571047 -0.48822501985601147
16.362821739781502 -0.6090469986090166
16.507625471991958 -0.7171207052670046
16.652429204202413 -0.8101839941795745
16.79723293641287 -0.8862889103747388
16.942036668623324 -0.9438424631939106
17.08684040083378 -0.9816399699885434
17.231644133044234 -0.9988902719445689
17.37644786525469 -0.9952322942294063
17.52125159746515 -0.9707426038326908
17.666055329675604 -0.9259338069037244
17.81085906188606 -0.861743819131781
17.955662794096515 -0.7795162337563994
18.100466526306967 -0.6809721981348071
18.245270258517426 -0.5681743875323114
18.39007399072788 -0.4434838302186051
18.534877722938337 -0.3095104875857373
18.679681455148792 -0.16905862372049188
18.824485187359247 -0.02506810792835055
18.969288919569706 0.11944712116425836
19.11409265178016 0.2614621418902743
19.258896383990617 0.3980043657139563
19.403700116201072 0.5262157579914453
19.548503848411528 0.6434126609456445
19.693307580621983 0.7471419666703241
19.83811131283244 0.8352324643777688
19.982915045042894 0.9058402871146487
20.12771877725335 0.9574875066778165
20.272522509463805 0.9890930688802453
20.417326241674264 0.9999954216453422
20.56212997388472 0.9899663622894997
20.706933706095175 0.9592158141483844
20.85173743830563 0.9083874325649651
20.996541170516082 0.8385451322125853
21.14134490272654 0.7511508177565075
21.286148634936996 0.6480337839848046
21.43095236714745 0.5313524259099369
21.575756099357907 0.4035490603063928
21.720559831568362 0.26729880433769815
21.86536356377882 0.1254535813202299
22.010167295989277 -0.019017574332347256
22.154971028199732 -0.1630906634765438
22.299774760410187 -0.30375001910115274
22.444578492620643 -0.4380514287852809
22.5893822248311 -0.5631837615040521
22.734185957041554 -0.6765278088400102
22.87898968925201 -0.7757111089649392
23.023793421462464 -0.8586576058434889
23.16859715367292 -0.9236311042165884
23.31340088588338 -0.9692716107863205
23.45820461809383 -0.9946238009264481
23.60300835030429 -0.9991570150674346
23.747812082514745 -0.9827763662014349
23.892615814725197 -0.9458247260104616
24.037419546935656 -0.8890755480450376
24.182223279146108 -0.8137166781750671
24.327027011356567 -0.7213254911845403
24.471830743567025 -0.613835873938722
24.616634475777477 -0.49349774621584336
24.761438207987936 -0.36282996649335
24.906241940198388 -0.22456760844169138
25.051045672408847 -0.08160471170798606
25.195849404619302 0.06306629469781792
25.340653136829758 0.20641722845460053
25.485456869040213 0.34544753835238956
25.630260601250665 0.47724711035387524
25.775064333461124 0.5990571806695414
25.919868065671583 0.7083280808438369
26.064671797882035 0.8027726061607492
26.209475530092494 0.8804138902875172
26.354279262302946 0.9396267840679681
26.499082994513405 0.9791718723450333
26.64388672672386 0.9982214167889436
26.788690458934312 0.9963766817086753
26.93349419114477 0.9736762801912311
27.078297923355223 0.9305953658715074
27.22310165556568 0.8680356872501974
27.36790538777614 0.7873067127378898
27.512709119986592 0.690098221506616
27.65751285219705 0.5784449338636543
27.802316584407507 0.45468392148726783
27.947120316617962 0.3214056889922577
28.091924048828417 0.18139995076202908
28.236727781038873 0.037597238019786504
28.381531513249328 -0.10699244160907077
28.526335245459787 -0.24934260809550113
28.67113897767024 -0.38647365779760035
28.815942709880698 -0.5155152310579656
28.96074644209115 -0.6337662931596426
29.10555017430161 -0.7387516710558337
29.250353906512064 -0.8282738624741682
29.39515763872252 -0.9004590329530237
29.539961370932975 -0.953796238022447
29.684765103143427 -0.9871690495503467
29.829568835353886 -0.9998789242668207
29.974372567564345 -0.9916598253281599
30.119176299774796 -0.9626837908691656
30.263980031985255 -0.9135573329855542
30.408783764195707 -0.8453087425212145
30.553587496406166 -0.759366565390212
30.69839122861662 -0.6575297009566513
30.843194960827077 -0.5419297483583105
30.987998693037532 -0.4149863889223457
31.132802425247988 -0.27935673858634663
31.277606157458443 -0.13787973045495758
31.422409889668902 0.006483308350983672
31.567213621879354 0.1507106417366088
31.712017354089813 0.29178337412615857
31.856821086300265 0.4267486404996835
32.00162481851072 0.5527814143107436
32.14642855072118 0.6672436395520004
32.29123228293163 0.767739449245505
32.43603601514209 0.8521653145514535
32.58083974735254 0.9187540747987557
32.725643479563004 0.9661119268227406
32.87044721177346 0.9932475993671319
33.015250943983915 0.9995931018862649
33.16005467619437 0.9850156134436958
33.304858408404826 0.9498202628546921
33.44966214061528 0.8947437418800093
33.59446587282574 0.8209388851564418
33.73926960503619 0.7299505396294548
33.88407333724665 0.623683228577059
34.0288770694571 0.5043612870656708
34.17368080166756 0.3744823032629803
34.318484533878014 0.23676484015135565
34.46328826608847 0.09409153190515811
34.608091998298924 -0.05055125398940395
34.75289573050938 -0.19413592590906248
34.897699462719835 -0.33365704015163017
35.0425031949303 -0.46619420940476064
35.187306927140746 -0.5889732308561709
35.33211065935121 -0.699424154441937
35.47691439156166 -0.795235075776607
35.62171812377212 -0.8744005277983175
35.766521855982575 -0.9352634582184756
35.91132558819303 -0.976549914124965
36.056129320403485 -0.9973957077376359
36.200933052613934 -0.9973645051617026
36.345736784824396 -0.9764569595141299
36.49054051703485 -0.9351106972529153
36.63534424924531 -0.8741911579953974
36.78014798145576 -0.7949734795620264
36.92495171366622 -0.6991158074189331
37.06975544587667 -0.5886245871929182
37.21455917808713 -0.46581256673885774
37.359362910297584 -0.33325038683958597
37.50416664250804 -0.1937127738179058
37.648970374718495 -0.05012046033049608
37.79377410692895 0.09452094997091971
37.93857783913941 0.23718389425631933
38.08338157134986 0.3748822219728017
38.22818530356032 0.5047336994787079
38.37298903577077 0.6240203395399143
38.517792767981234 0.7302452929013394
38.66259650019169 0.8211851111068956
38.807400232402145 0.8949362866285921
38.9522039646126 0.9499550961494678
39.097007696823056 0.9850899130204824
39.24181142903351 0.9996053125428801
39.38661516124397 0.9931974655161196
39.53141889345442 0.9660004978412019
39.67622262566488 0.9185836830633067
39.82102635787533 0.8519395266180543
39.96583009008579 0.7674629911960865
40.11063382229624 0.6669222980704137
40.2554375545067 0.5524219155587765
40.400241286717154 0.4263585093283166
40.54504501892761 0.2913707765691046
40.689848751138065 0.15028421408292117
40.83465248334853 0.0060519763744728144
40.979456215558976 -0.13830693832557395
41.12425994776944 -0.27977088024614466
41.26906367997989 -0.4153787957618662
41.41386741219035 -0.5422922067106841
41.558671144400805 -0.6578546240219864
41.70347487661126 -0.7596471520387823
41.848278608821715 -0.8455391196513522
41.993082341032164 -0.9137326784565286
42.137886073242626 -0.9628004344358593
42.28268980545308 -0.991715325464828
42.42749353766354 -0.9998721192719103
42.57229726987399 -0.987100081862664
42.71710100208445 -0.9536665512396939
42.8619047342949 -0.9002713416151253
43.00670846650536 -0.8280320952438567
43.151512198715814 -0.7384608884858128
43.29631593092627 -0.6334325817675921
43.441119663136725 -0.5151455759265368
43.58592339534718 -0.3860757963661224
43.73072712755764 -0.2489248682036778
43.87553085976809 -0.1065635671827904
44.02033459197855 0.038028269992076875
44.165138324189 0.1818241181311595
44.309942056399464 0.3218141132955817
44.45474578860992 0.4550680537882253
44.599549520820375 0.5787967336939328
44.74435325303083 0.6904103251652678
44.889156985241286 0.7875725874247067
45.03396071745174 0.8682497678070535
45.1787644496622 0.9307531712695253
45.32356818187265 0.9737745073254697
45.46837191408311 0.9964132745370915
45.61317564629356 0.998195609368459
45.75797937850402 0.9790842048638747
45.90278311071447 0.9394790915387158
46.04758684292493 0.8802092641375194
46.192390575135384 0.8025153295238953
46.33719430734584 0.7080235389080931
46.481998039556295 0.5987117479568625
46.62680177176676 0.47686801729182837
46.77160550397721 0.3450427199304173
46.91640923618766 0.2059951581327319
47.06121296839812 0.06263580704434506
47.20601670060858 -0.08203460593732798
47.350820432819035 -0.22498791091241144
47.49562416502949 -0.3632318796409466
47.64042789723994 -0.49387285739205855
47.785231629450394 -0.6141763315010003
47.930035361660856 -0.7216241688427087
48.07483909387131 -0.8139673241553435
48.219642826081774 -0.8892729159491
48.364446558292215 -0.9459646846304443
48.50925029050268 -0.9828559859923808
48.65405402271313 -0.9991746294670527
48.79885775492359 -0.9945790412387934
48.94366148713405 -0.9691654138991483
49.0884652193445 -0.9234656929908927
49.233268951554955 -0.8584364425856529
49.37807268376541 -0.7754388229554533
49.52287641597587 -0.6762100994356419
49.66768014818633 -0.5628272788417304
49.812483880396776 -0.4376636345846936
49.95728761260723 -0.30333903047968747
50.102091344817694 -0.16266508304579236
50.24689507702815 -0.018586310132487207
50.391698809238605 0.12588150227916942
50.53650254144905 0.2677144250247516
50.681306273659516 0.403943681153861
50.82611000586997 0.5317177869084058
50.97091373808043 0.648362237577629
51.11571747029089 0.7514354889147018
51.26052120250133 0.838780062339523
51.40532493471179 0.9085677042188417
51.55012866692225 0.9593376539716374
51.6949323991327 0.9900272199908997
51.839736131343166 0.9999940233814284
51.984539863553614 0.9890294439187904
52.12934359576407 0.9573629867852071
52.274147327974525 0.9056574786800075
52.41895106018499 0.8349951938572953
52.56375479239544 0.7468552004938075
52.70855852460589 0.6430824015615947
52.85336225681635 0.5258489182267811
52.99816598902681 0.3976086240781229
53.142969721237264 0.26104578185247534
53.28777345344772 0.11901885776793629
53.43257718565817 -0.025499310484499094
53.577380917868624 -0.1694837397167442
53.722184650079086 -0.3099206187032437
53.86698838228954 -0.4438703917946108
54.011792114500004 -0.5685292882501198
54.156595846710445 -0.6812880093872017
54.30139957892091 -0.7797863451376603
54.44620331113136 -0.8619625768033754
54.59100704334182 -0.9260966319377096
54.73581077555228 -0.9708460880555748
54.88061450776273 -0.9952742715603509
55.025418239973185 -0.9988698637347403
55.17022197218364 -0.9815576034125478
55.3150257043941 -0.9436998623083864
55.45982943660456 -0.8860890600312565
55.60463316881501 -0.8099310775471883
55.74943690102546 -0.7168200162722215
55.894240633235924 -0.6087048311259124
56.03904436544638 -0.48784853596598504
56.183848097656835 -0.35678083529572097
56.3286518298673 -0.21824517373404886
56.473455562077746 -0.07514131158271477
56.6182592942882 0.06953537152960411
56.763063026498656 0.21275657445974977
56.90786675870912 0.3515244614595861
57.052670490919574 0.4829344113987684
57.19747422313002 0.6042358158650681
57.34227795534048 0.7128896535462244
57.48708168755093 0.8066216357747048
57.631885419761396 0.8834698108190652
57.77668915197185 0.9418256304921983
57.9214928841823 0.9804676194905261
58.066296616392755 0.9985869427140218
58.21110034860322 0.9958043354045304
58.35590408081367 0.9721780417290802
58.50070781302413 0.9282025956416345
58.64551154523458 0.8647984695417047
58.79031527744504 0.7832928073989812
58.935119009655494 0.685391645628814
59.07992274186595 0.5731442031773807
59.22472647407641 0.4488999882790291
59.36953020628685 0.3152596197060199
59.514333938497316 0.1750203918959159
59.65913767070777 0.031117723360946117
59.803941402918234 -0.11343628604803359
59.94874513512869 -0.255615902933455
60.09354886733914 -0.3924450935137547
60.23835259954959 -0.5210598164981384
60.38315633176005 -0.6387679717896039
60.52796006397051 -0.7431057501995624
60.672763796180966 -0.8318892046894375
60.817567528391415 -0.9032599636754994
60.96237126060187 -0.9557241295484404
61.10717499281233 -0.988183548203051
61.25197872502279 -0.9999587950596155
61.39678245723324 -0.9908033964449116
61.54158618944369 -0.9609089886578559
61.686389921654154 -0.9109013067327819
61.83119365386461 -0.8418270868616115
61.975997386075065 -0.7551321566269099
62.12080111828553 -0.6526311716503473
62.265604850495976 -0.5364696321141473
62.41040858270643 -0.4090789742069058
62.555212314916886 -0.27312567649772684
62.70001604712735 -0.13145544651881316
62.844819779337804 0.012966344184341857
62.98962351154825 0.1571167297510765
63.13442724375871 0.29797842523951473
63.27923097596916 0.4326029829502875
63.424034708179626 0.5581725078830347
63.56883844039008 0.6720586405279843
63.71364217260053 0.7718775723939659
63.858445904810985 0.8555399427147962
64.00324963702144 0.9212945719207486
64.1480533692319 0.9677651164676669
64.29285710144237 0.9939788777827923
64.43766083365281 0.9993871623126845
64.58246456586326 0.9838767665066989
64.72726829807372 0.947772346337995
64.87207203028419 0.891829621764466
65.01687576249464 0.8172195583704326
65.16167949470508 0.7255038572911818
65.30648322691555 0.6186022664532397
65.45128695912601 0.4987523973554066
65.59609069133646 0.36846288848586006
65.74089442354692 0.23046089573564488
65.88569815575737 0.087635008913542
66.03050188796783 -0.05702521079459289
66.17530562017828 -0.2004918068494563
66.32010935238874 -0.3397618070547917
66.4649130845992 -0.47192008029369936
66.60971681680965 -0.5942003546188384
66.7545205490201 -0.7040431194957143
66.89932428123056 -0.7991492002177575
67.04412801344102 -0.8775278830999627
67.18893174565147 -0.9375385841182454
67.33373547786192 -0.9779251888069967
67.47853921007238 -0.9978423446289882
67.62334294228283 -0.9968731554787308
67.7681466744933 -0.9750379079466306
67.91295040670376 -0.9327936466900564
68.0577541389142 -0.8710246077994677
68.20255787112465 -0.7910237104036366
68.34736160333512 -0.6944654939226252
68.49216533554558 -0.5833710674326219
68.63696906775603 -0.4600658048052272
68.78177279996648 -0.32713067112573885
68.92657653217694 -0.1873481992019621
69.0713802643874 -0.04364424695664527
69.21618399659785 0.10097324519092475
69.36098772880831 0.24347721505377432
69.50579146101876 0.38088483965338515
69.65059519322922 0.510319970202701
69.79539892543967 0.6290733342372313
69.94020265765013 0.7346592447732879
70.0850063898606 0.8248676294847687
70.22981012207104 0.8978102908496689
70.37461385428149 0.9519604289715403
70.51941758649195 0.9861845998036418
70.66422131870242 0.9997664398420167
70.80902505091287 0.9924216606938899
70.95382878312331 0.9643039996624142
71.09863251533378 0.9160020017930786
71.24343624754424 0.8485267007384232
71.38823997975469 0.763290456299101
71.53304371196515 0.6620773916034441
71.6778474441756 0.5470060487200775
71.82265117638606 0.4204850443776819
71.96745490859651 0.2851626539848718
72.11225864080697 0.1438713792323206
72.25706237301743 -0.00043134043881332503
