0.0 0.0
0.1123032300748843 0.11206731721141112
0.2246064601497686 0.22272272453810113
0.33690969022465295 0.33057210041733415
0.4492129202995372 0.43425667581944166
0.5615161503744215 0.5324701530606202
0.6738193804493059 0.6239751635415299
0.7861226105241902 0.7076188570645009
0.8984258405990744 0.78234742632319
1.0107290706739587 0.8472193835740442
1.123032300748843 0.9014174222198967
1.2353355308237273 0.9442587138643808
1.3476387608986118 0.9752035111069858
1.4599419909734959 0.9938619476941534
1.5722452210483804 0.9999989503529048
1.6845484511232645 0.9935372004239549
1.7968516811981488 0.9745581079813941
1.9091549112730333 0.9433007861662295
2.0214581413479173 0.9001590386559198
2.1337613714228016 0.8456763982240658
2.246064601497686 0.7805392788982856
2.3583678315725702 0.7055683279906304
2.4706710616474545 0.6217080869542857
2.5829742917223393 0.5300150913270023
2.6952775217972236 0.43164455968728627
2.8075807518721074 0.3278358393260643
2.9198839819469917 0.21989679200040574
3.032187212021876 0.10918731648953298
3.1444904420967608 -0.0028977844514281323
3.256793672171645 -0.11494637688471172
3.369096902246529 -0.2255467868346912
3.481400132321413 -0.33330558563770096
3.5937033623962975 -0.4368651454234434
3.7060065924711822 -0.5349207435505888
3.8183098225460665 -0.6262370005017808
3.9306130526209504 -0.7096634441408668
4.042916282695835 -0.784149004241914
4.155219512770719 -0.8487552546768363
4.267522742845603 -0.9026682364264154
4.379825972920488 -0.9452087124593639
4.492129202995372 -0.9758407252806133
4.604432433070257 -0.99417834933428
4.7167356631451405 -0.9999905531893637
4.829038893220025 -0.9932041102506433
4.941342123294909 -0.9739045213233997
5.053645353369793 -0.9423349374087943
5.1659485834446786 -0.898893096301348
5.278251813519562 -0.8441263115836148
5.390555043594447 -0.7787245771505259
5.502858273669331 -0.7035118741379016
5.615161503744215 -0.6194357897770808
5.7274647338191 -0.5275555789653119
5.8397679638939834 -0.4290288189613679
5.952071193968869 -0.3250968253407467
6.064374424043752 -0.2170690129514476
6.176677654118636 -0.10630639890293928
6.2889808841935215 0.005795544569660778
6.401284114268405 0.11782447133347314
6.51358734434329 0.22836895517603895
6.6258905744181735 0.3360362720336183
6.738193804493058 0.43946994659552313
6.850497034567943 0.5373668422188775
6.962800264642826 0.6284935788420027
7.075103494717712 0.7117020720509789
7.187406724792595 0.7859439975262973
7.299709954867479 0.8502839986354676
7.4120131849423645 0.9039114707721737
7.524316415017248 0.9461507739738769
7.636619645092133 0.9764697451514798
7.7489228751670165 0.9944864026874554
7.861226105241901 0.9999737589327942
7.973529335316786 0.992862679971234
8.08583256539167 0.9732427566212823
8.198135795466554 0.9413611757024735
8.310439025541438 0.8976196057865184
8.422742255616322 0.842569136669036
8.535045485691207 0.7769033363182758
8.64734871576609 0.7014495127747118
8.759651945840975 0.6171582910907863
8.87195517591586 0.5250916366284991
8.984258405990744 0.42640947560651105
9.096561636065628 0.3223550814613562
9.208864866140514 0.21423941113657302
9.321168096215397 0.10342458864319155
9.433471326290281 -0.008693256021705448
9.545774556365165 -0.12070157638984158
9.65807778644005 -0.2311892058639078
9.770381016514936 -0.33876413667504346
9.882684246589818 -0.4420710574627164
9.994987476664702 -0.5398084285251731
10.107290706739587 -0.6307448796133195
10.219593936814471 -0.7137347236761252
10.331897166889357 -0.7877323911034732
10.44420039696424 -0.8518056026128116
10.556503627039124 -0.9051471148175175
10.668806857114008 -0.947084890497267
10.781110087188894 -0.9770905654375968
10.893413317263779 -0.994786105166903
11.005716547338661 -0.9999485677242204
11.118019777413545 -0.9925129124527764
11.23032300748843 -0.9725728194319944
11.342626237563316 -0.9403795092241112
11.4549294676382 -0.8963385778051487
11.567232697713083 -0.8410048865561955
11.679535927787967 -0.7750755716948068
11.791839157862851 -0.6993812612190649
11.904142387937737 -0.6148756100199497
12.016445618012622 -0.5226232850067091
12.128748848087504 -0.42378655161779366
12.241052078162388 -0.3196106307107864
12.353355308237273 -0.21140801031644135
12.465658538312159 -0.10054190990934546
12.577961768387043 0.011590894474983644
12.690264998461926 0.12357766789426954
12.80256822853681 0.23400751521616922
12.914871458611694 0.34148915665562196
13.02717468868658 0.4446684561830486
13.139477918761465 0.5422454819670579
13.251781148836347 0.63299088391117
13.364084378911231 0.7157613819477817
13.476387608986116 0.789514169955989
13.588690839061002 0.8533200538316983
13.700994069135886 0.9063751581865326
13.813297299210769 0.9480110541855967
13.925600529285653 0.9777031809258288
14.037903759360537 0.9950774542559686
14.150206989435423 0.9999149797751771
14.262510219510308 0.9921548106323279
14.37481344958519 0.9718947153811138
14.487116679660074 0.9393899462169321
14.599419909734959 0.8950500231142542
14.711723139809845 0.8394335743803703
14.824026369884729 0.773241298628173
14.936329599959612 0.6973071368384255
15.048632830034496 0.6125877657326417
15.16093606010938 0.5201505448271211
15.273239290184266 0.42116006902035896
15.38554252025915 0.3168634961346623
15.497845750334033 0.2085748342668081
15.610148980408917 0.0976583869077565
15.722452210483802 -0.014488435597519628
15.834755440558688 -0.12645272169572272
15.947058670633572 -0.23682385956699475
16.059361900708456 -0.34421130909289793
16.17166513078334 -0.44726212094571016
16.283968360858225 -0.5446779820801704
16.396271590933107 -0.6352315728754692
16.508574821007993 -0.7177820298477501
16.620878051082876 -0.791289319121944
16.733181281157762 -0.8548273395750181
16.845484511232645 -0.9075955905671246
16.95778774130753 -0.9489292572617105
17.070090971382413 -0.9783075864719387
17.1823942014573 -0.9953604475081447
17.29469743153218 -0.9998729953677082
17.407000661607064 -0.9917883775169324
17.51930389168195 -0.9712084501627972
17.631607121756836 -0.9383924949904647
17.74391035183172 -0.8937539525340484
17.856213581906605 -0.8378552133361413
17.968516811981488 -0.7714005325210849
18.080820042056374 -0.6952271570495725
18.193123272131256 -0.6102947774402809
18.305426502206142 -0.5176734368537547
18.41772973228103 -0.41853004986923564
18.53003296235591 -0.3141137008011498
18.642336192430793 -0.20573990677834256
18.754639422505676 -0.09477404385186075
18.866942652580562 0.017385855058166522
18.979245882655448 0.12932671365187529
19.09154911273033 0.23963821526705026
19.203852342805217 0.34693057112848324
19.3161555728801 0.44985202997125584
19.428458802954985 0.5471059084383894
19.54076203302987 0.6374669276907682
19.65306526310475 0.7197966504082968
19.765368493179636 0.7930578236951036
19.87767172325452 0.8563274471858318
19.989974953329405 0.9088084017111145
20.10227818340429 0.9498394920152978
20.214581413479173 0.9789037770006288
20.32688464355406 0.9956350825470874
20.439187873628942 0.9998226148543642
20.551491103703828 0.9914136161835901
20.663794333778714 0.970514029539731
20.776097563853597 0.9373871639204808
20.88840079392848 0.8924503769478602
21.000704024003362 0.8362698166772793
21.113007254078248 0.7695532888307692
21.225310484153134 0.693141339318457
21.337613714228016 0.6079966643974865
21.449916944302903 0.5151919818873167
21.56222017437779 0.4158965162491494
21.67452340445267 0.3113612678007526
21.786826634527557 0.202903251656416
21.899129864602436 0.09188890496198222
22.011433094677322 -0.020283128526791955
22.12373632475221 -0.1321996196293232
22.23603955482709 -0.24245055868371101
22.348342784901977 -0.3496469199282675
22.46064601497686 -0.45243816151177163
22.572949245051745 -0.5495292406539987
22.68525247512663 -0.639696929586402
22.797555705201514 -0.7218052267123143
22.9098589352764 -0.7948196688250323
23.022162165351283 -0.8578203640674827
23.134465395426165 -0.9100135814343178
23.24676862550105 -0.950741750802961
23.359071855575934 -0.9794917475055844
23.47137508565082 -0.9959013570666392
23.583678315725702 -0.9997638386581986
23.69598154580059 -0.9910305297792381
23.808284775875475 -0.9698114593430865
23.920588005950357 -0.936373961448918
24.032891236025243 -0.8911393073020368
24.145194466100122 -0.8346773977166293
24.257497696175008 -0.7676995830688509
24.369800926249894 -0.6910497011600489
24.482104156324777 -0.6056934459019098
24.594407386399663 -0.512706200765011
24.706710616474545 -0.4132594902743376
24.81901384654943 -0.30860622024612494
24.931317076624318 -0.20006489272091738
25.0436203066992 -0.08900299446512767
25.155923536774086 0.023180231674494796
25.26822676684897 0.13507141550377982
25.38052999692385 0.24526086620124293
25.492833226998737 0.35236033268260175
25.60513645707362 0.45502049385106513
25.717439687148506 0.55194795837786
25.82974291722339 0.6419215598366604
25.942046147298274 0.7238077418934339
26.05434937737316 0.7965748397172085
26.166652607448043 0.8593060776836852
26.27895583752293 0.9112111196166336
26.391259067597808 0.9516360260482764
26.503562297672694 0.9800714930495159
26.61586552774758 0.996159268830847
26.728168757822463 0.9996966672727656
26.84047198789735 0.9906391215207183
26.95277521797223 0.969100745472467
27.065078448047117 0.9353528960838122
27.177381678122003 0.8898207546058593
27.289684908196886 0.8330779698260079
27.401988138271772 0.7658394308012143
27.514291368346655 0.6889522601381943
27.626594598421537 0.6033851412940735
27.738897828496423 0.51021611436037
27.851201058571306 0.41061899408835534
27.96350428864619 0.3058485812718761
28.075807518721074 0.19722485380603585
28.18811074879596 0.08611633659479202
28.300413978870846 -0.02607714017379349
28.41271720894573 -0.1379420771602802
28.525020439020615 -0.24806911422101285
28.637323669095494 -0.35507078660648805
28.74962689917038 -0.4575990053048467
28.861930129245266 -0.554362041299584
28.97423335932015 -0.6441407997609452
29.086536589395035 -0.7258041791361928
29.198839819469917 -0.7983233216331599
29.311143049544803 -0.8607845755586475
29.42344627961969 -0.9124010062021247
29.535749509694572 -0.952522310241864
29.648052739769458 -0.9806430087642006
29.76035596984434 -0.9964088156739815
29.872659199919223 -0.9996211012621147
29.98496242999411 -0.9902393946947535
30.09726566006899 -0.9683818938958575
30.209568890143878 -0.9343239763992252
30.32187212021876 -0.8884947299314417
30.434175350293646 -0.8314715464360906
30.546478580368532 -0.7639728476478832
30.658781810443415 -0.6868490338654668
30.7710850405183 -0.6010717699572065
30.88338827059318 -0.5077217435830813
30.995691500668066 -0.4079750498639075
31.107994730742952 -0.3030883740343757
31.220297960817835 -0.19438315876006074
31.33260119089272 -0.0832289555907354
31.444904420967603 0.028973829698848062
31.55720765104249 0.14081158049338366
31.669510881117375 0.25087527916167124
31.781814111192258 0.3577782589397876
31.894117341267144 0.4601736742209144
32.00642057134203 0.5567714691476999
32.11872380141691 0.6463546307239161
32.2310270314918 0.727794521676166
32.34333026156668 0.8000650998905865
32.455633491641564 0.8622558452771683
32.56793672171645 0.9135832311991098
32.68023995179133 0.9534005959414382
32.792543181866215 0.9812062898505206
32.9048464119411 0.9966499955005547
33.01714964201599 0.9995371412607865
33.129452872090866 0.9898313526579192
33.24175610216575 0.9676549106495794
33.35405933224064 0.9332872110351729
33.466362562315524 0.8871612444136372
33.57866579239041 0.8298581410362875
33.69096902246529 0.7620998492828781
33.803272252540175 0.6847400400030201
33.91557548261506 0.5987533513170922
34.02787871268994 0.5052231093788004
34.140181942764826 0.40532767980264933
34.25248517283971 0.3003256217115598
34.3647884029146 0.1915398314451951
34.477091632989485 0.0803408756987902
34.58939486306436 -0.03187027592566442
34.70169809313925 -0.14367990140737613
34.81400132321413 -0.253679337459364
34.926304553289015 -0.3604827269473753
35.0386077833639 -0.4627444789793201
35.15091101343879 -0.5591762216898271
35.26321424351367 -0.6485630341356476
35.37551747358855 -0.7297787528000943
35.48782070366344 -0.8018001598634741
35.600123933738324 -0.8637198744847421
35.71242716381321 -0.9147577846802418
35.824730393888096 -0.9542708757718882
35.937033623962975 -0.9817613315785095
36.04933685403786 -0.9968828062853379
36.16164008411275 -0.9994447879738081
36.27394331418763 -0.9894149988366127
36.38624654426251 -0.9669198018382363
36.4985497743374 -0.9322426086975527
36.610853004412284 -0.8858203092499582
36.72315623448717 -0.828237767174646
36.83545946456206 -0.76022045143408
36.947762694636936 -0.6826252962604391
37.06006592471182 -0.5964299048418887
37.1723691547867 -0.5027202327289922
37.28467238486159 -0.4026769061350036
37.39697561493647 -0.2975603475027357
37.50927884501135 -0.18869489573736242
37.62158207508624 -0.07745212117067524
37.733885305161124 0.034766454532280826
37.84618853523601 0.14654701581647253
37.958491765310896 0.256481265567951
38.070794995385775 0.36318416791937713
38.18309822546066 0.46531139799258253
38.29540145553555 0.5615762787328439
38.40770468561043 0.6507659914517984
38.52000791568532 0.731756855846064
38.6323111457602 0.8035284869822249
38.744614375835084 0.8651766508876634
38.85691760590997 0.9159246567825927
38.969220835984856 0.9551331424253187
39.08152406605974 0.982308129287387
39.19382729613462 0.9971072460733789
39.3061305262095 0.9993440421766858
39.41843375628439 0.9889903367270323
39.53073698635927 0.9661765736346637
39.64304021643416 0.9311901781580705
39.75534344650904 0.8844719357004702
39.867646676583924 0.8266104384577264
39.97994990665881 0.7583346698831326
40.092253136733696 0.6805048203955915
40.20455636680858 0.5941014500419767
40.31685959688346 0.5002131346507435
40.42916282695835 0.4000227511199737
40.54146605703323 0.2947925746283876
40.65376928710812 0.18584837552595376
40.766072517183005 0.07456271626373535
40.878375747257884 -0.03766234119898634
40.99067897733277 -0.149412899645019
41.102982207407656 -0.2592810399591382
41.21528543748254 -0.36588255917133095
41.32758866755743 -0.4678744097058436
41.43989189763231 -0.5639716201230577
41.55219512770719 -0.6529634841737562
41.66449835778207 -0.7337288142035835
41.77680158785696 -0.8052500667337784
41.889104817931845 -0.8666261622531296
42.001408048006724 -0.9170838377077336
42.11371127808161 -0.9559873886611281
42.226014508156496 -0.9828466783855944
42.33831773823138 -0.9973233129800182
42.45062096830627 -0.999234904715399
42.56292419838115 -0.9885573698951359
42.67522742845603 -0.9654252322798769
42.78753065853092 -0.9301299282541671
42.899833888605805 -0.8831161350876882
43.01213711868069 -0.8249761685504767
43.12444034875558 -0.7564425204652501
43.236743578830456 -0.6783786302144784
43.34904680890534 -0.5917680064697921
43.46135003898023 -0.49770183619658265
43.573653269055114 -0.39736523704495014
43.68595649913 -0.29202232632997455
43.79825972920487 -0.18300029471371787
43.91056295927976 -0.07167268524082994
44.022866189354644 0.04055791160852153
44.13516941942953 0.15227752882769507
44.24747264950442 0.26207863712274454
44.359775879579296 0.36857787804436043
44.47207910965418 0.47043349259703326
44.58438233972907 0.5663622257463738
44.696685569803954 0.6551554938487957
44.80898879987884 0.7356946113137979
44.92129202995372 0.8069648846617326
45.033595260028605 0.868068396409344
45.14589849010349 0.9182353177218308
45.25820172017838 0.9568336073060699
45.37050495025326 0.9833769743508474
45.48280818032814 0.9975310051909047
45.59511141040303 0.9991173765063943
45.707414640477914 0.9881161019766205
45.8197178705528 0.9646657840830167
45.932021100627686 0.9290618678889407
46.044324330702565 0.8817529187965136
46.156627560777444 0.8233349711761588
46.26893079085233 0.7545440190691557
46.38123402092722 0.6762467435710856
46.4935372510021 0.5894295937196631
46.60584048107698 0.4951863584543341
46.71814371115187 0.39470438622555626
46.830446941226754 0.2892496258697693
46.94275017130164 0.18015067721645228
47.055053401376526 0.0687820523700192
47.167356631451405 -0.04345314144628257
47.27965986152629 -0.15514087930971576
47.39196309160118 -0.2648740335668644
47.50426632167606 -0.3712701019054349
47.61656955175095 -0.47298862517711654
47.72887278182583 -0.5687480755284651
47.841176011900714 -0.6573420020702341
47.9534792419756 -0.7376542306695555
48.065782472050486 -0.8086729263664699
48.17808570212537 -0.8695033412456212
48.290388932200244 -0.9193790871556969
48.40269216227513 -0.9576717912542919
48.514995392350016 -0.9838990127301541
48.6272986224249 -0.997730320962011
48.73960185249979 -0.9989914585365761
48.85190508257467 -0.9876665366768921
48.96420831264955 -0.9638982354213065
49.07651154272444 -0.9279860060310866
49.188814772799326 -0.8803822982741054
49.30111800287421 -0.821686860116174
49.41342123294909 -0.7526391816368792
49.52572446302398 -0.6741091783672324
49.63802769309886 -0.5870862314276444
49.75033092317375 -0.4926667225468735
49.862634153248635 -0.3920402210053889
49.974937383323514 -0.2864744965305953
50.0872406133984 -0.1772995469629072
50.199543843473286 -0.0658908419244669
50.31184707354817 0.04634800640053262
50.42415030362306 0.1580029270470406
50.53645353369794 0.26766720581807196
50.648756763772816 0.37395920814746025
50.7610599938477 0.4755397859901797
50.87336322392259 0.5711291494349395
50.985666453997474 0.6595229904775848
51.09796968407235 0.739607655815595
51.21027291414724 0.8103741775052574
51.322576144222126 0.8709309847124718
51.43487937429701 0.9205151364049142
51.5471826043719 0.9585019334674273
51.65948583444678 0.9844127891398724
51.77178906452166 0.9979212586196483
51.88409229459655 0.9988571518632994
51.996395524671435 0.9872086777710237
52.10869875474632 0.9631225927399767
52.2210019848212 0.9269023517147941
52.333305214896086 0.8790042850298002
52.44560844497097 0.8200318492100069
52.55791167504586 0.7507280241636686
52.670214905120744 0.6719659525524171
52.782518135195616 0.5847379392713588
52.8948213652705 0.49014294963204236
53.00712459534539 0.38937276375592866
53.119427825420274 0.2836969616156986
53.23173105549516 0.1744469278945078
53.34403428557004 0.06299907818216541
53.456337515644925 -0.04924248216257041
53.56864074571981 -0.1608636480065404
53.6809439757947 -0.2704581304216185
53.793247205869584 -0.3766451741895742
53.90555043594446 -0.47808695361370446
54.01785366601935 -0.5735054274715091
54.130156896094235 -0.6616984407567124
54.24246012616912 -0.7415548703486831
54.35476335624401 -0.8120686237924126
54.467066586318886 -0.8723513148217378
54.57936981639377 -0.921643455929873
54.69167304646866 -0.9593240269746225
54.803976276543544 -0.9849182992657329
54.91627950661843 -0.9981038165604807
55.02858273669331 -0.9987144576143604
55.14088596676819 -0.98674252910374
55.253189196843074 -0.9623388625522405
55.36549242691796 -0.9258109140396978
55.477795656992846 -0.8776188906350127
55.590098887067725 -0.8183699523550695
55.70240211714261 -0.7488105626978567
55.8147053472175 -0.6698170841236919
55.92700857729238 -0.5823847369698032
56.03931180736727 -0.48761506090237217
