0.0 0.0
0.11536624430330787 0.11511050587045393
0.23073248860661574 0.2286906618529206
0.34609873290992366 0.33923046347238756
0.4614649772132315 0.44526032659535375
0.5768312215165393 0.5453706249854778
0.6921974658198473 0.638230430742051
0.8075637101231551 0.7226052084743761
0.922929954426463 0.7973732279748135
1.0382961987297707 0.8615404771903163
1.1536624430330786 0.9142538772302412
1.2690286873363865 0.9548126237219853
1.3843949316396946 0.9826775037354933
1.4997611759430023 0.9974780644117063
1.6151274202463102 0.9990175379907944
1.730493664549618 0.9872754577638201
1.845859908852926 0.9624079301697587
1.9612261531562338 0.9247455594204527
2.0765923974595415 0.8747890522448118
2.1919586417628496 0.8132025611854936
2.3073248860661573 0.7408048549463752
2.4226911303694654 0.6585584331776465
2.538057374672773 0.567556730413275
2.653423618976081 0.46900957927956105
2.7687898632793893 0.36422712623584436
2.8841561075826965 0.25460241368139164
2.9995223518860046 0.1415928599926536
3.1148885961893127 0.026700883706681878
3.2302548404926203 -0.08854607055528466
3.3456210847959285 -0.20261583887639154
3.460987329099236 -0.3139919075739564
3.576353573402544 -0.4211935746654204
3.691719817705852 -0.5227956352315206
3.80708606200916 -0.6174473289673579
3.9224523063124677 -0.7038902980209611
4.037818550615775 -0.7809753163767887
4.153184794919083 -0.8476775683734536
4.268551039222391 -0.9031102732336518
4.383917283525699 -0.9465364744734188
4.499283527829007 -0.9773788374550479
4.6146497721323145 -0.995227324828974
4.730016016435623 -0.9998446478225794
4.845382260738931 -0.9911694209031305
4.960748505042238 -0.9693169778748191
5.076114749345546 -0.9345778385602077
5.191480993648854 -0.8874138464509648
5.306847237952162 -0.8284520286763308
5.4222134822554695 -0.7584762599186792
5.5375797265587785 -0.6784168411011975
5.652945970862086 -0.5893381313950444
5.768312215165393 -0.49242439797366255
5.883678459468702 -0.3889640716363443
5.999044703772009 -0.28033261761647155
6.114410948075317 -0.1679742493004229
6.229777192378625 -0.0533827279662567
6.345143436681933 0.061918496197775015
6.460509680985241 0.17639653777735054
6.575875925288549 0.2885294552538949
6.691242169591857 0.39682648463152204
6.806608413895164 0.4998478585708024
6.921974658198472 0.5962239475416085
7.03734090250178 0.6846734685207625
7.152707146805088 0.764020519156872
7.268073391108397 0.8332102109396776
7.383439635411704 0.8913226935369334
7.498805879715011 0.9375853838506786
7.61417212401832 0.9713832372122774
7.729538368321627 0.992266924164656
7.844904612624935 0.9999588041245631
7.9602708569282425 0.9943566165073014
8.07563710123155 0.97553484024186
8.19100334553486 0.9437437036022056
8.306369589838166 0.8994058575186579
8.421735834141474 0.8431107565963741
8.537102078444782 0.775606822543167
8.65246832274809 0.6977914941908429
8.767834567051398 0.6106992963912139
8.883200811354707 0.5154880864062161
8.998567055658015 0.4134236606410852
9.113933299961321 0.3058629263681522
9.229299544264629 0.1942358621667076
9.344665788567937 0.08002650690796843
9.460032032871245 -0.035246769970752566
9.575398277174553 -0.15005145460353767
9.690764521477861 -0.2628612628780929
9.806130765781168 -0.37217643179579757
9.921497010084476 -0.4765436582437595
10.036863254387786 -0.574575420100549
10.152229498691092 -0.6649684228089685
10.2675957429944 -0.746520926175774
10.382961987297708 -0.8181487210451732
10.498328231601015 -0.8788995434424199
10.613694475904325 -0.9279657345569872
10.729060720207633 -0.964694978255707
10.844426964510939 -0.9885989733747971
10.959793208814247 -0.9993599254959612
11.075159453117557 -0.9968347719009115
11.190525697420863 -0.9810570835351682
11.305891941724171 -0.9522366186952533
11.42125818602748 -0.9107565343728418
11.536624430330786 -0.8571682923299734
11.651990674634096 -0.7921843276270911
11.767356918937404 -0.7166685770730232
11.88272316324071 -0.631624993517493
11.998089407544018 -0.5381841986842415
12.113455651847326 -0.4375884519902118
12.228821896150635 -0.33117513518454184
12.344188140453943 -0.22035897237275498
12.45955438475725 -0.10661322180407695
12.574920629060557 0.008549910530165027
12.690286873363865 0.12359937509339868
12.805653117667175 0.2370056335183312
12.921019361970481 0.34726099323106707
13.03638560627379 0.45289965164382445
13.151751850577098 0.5525171834363705
13.267118094880404 0.6447892118503229
13.382484339183714 0.7284890157686179
13.497850583487022 0.80250383850078
13.613216827790328 0.8658496814550125
13.728583072093636 0.9176843860208901
13.843949316396944 0.9573188297440673
13.959315560700253 0.9842260879441815
14.07468180500356 0.9980484389757475
14.190048049306869 0.9986021199998054
14.305414293610175 0.9858797700401636
14.420780537913483 0.9600505278447443
14.536146782216793 0.9214577832510049
14.6515130265201 0.8706146119501673
14.766879270823408 0.8081969543432969
14.882245515126714 0.7350346291737395
14.997611759430022 0.6521003014061844
15.112978003733332 0.5604965510201876
15.22834424803664 0.4614412146335512
15.343710492339946 0.35625119483303347
15.459076736643254 0.2463249524611216
15.57444298094656 0.13312391461718417
15.68980922524987 0.01815304554643838
15.805175469553179 -0.09705916128065156
15.920541713856485 -0.21098100390100835
16.035907958159793 -0.32209793524723257
16.1512742024631 -0.42893269846814724
16.26664044676641 -0.5300649664902903
16.38200669106972 -0.6241502247198841
16.497372935373026 -0.7099376458470803
16.612739179676332 -0.7862867191138068
16.728105423979642 -0.85218241296549
16.843471668282948 -0.9067486695050452
16.958837912586258 -0.9492600513455776
17.074204156889564 -0.9791513860213231
17.18957040119287 -0.9960252797381469
17.30493664549618 -0.9996574005711375
17.42030288979949 -0.9899994608712399
17.535669134102797 -0.9671798592309742
17.651035378406103 -0.931501973474545
17.766401622709413 -0.8834401273663899
17.88176786701272 -0.8236332846592282
17.99713411131603 -0.7528765543167923
18.112500355619336 -0.672110619846079
18.227866599922642 -0.5824092332720275
18.343232844225952 -0.4849649400174687
18.458599088529258 -0.3810732244705576
18.573965332832568 -0.2721152870182355
18.689331577135874 -0.15953968151851347
18.804697821439184 -0.04484305733421936
18.92006406574249 0.07044973804443347
19.035430310045797 0.18480593126058378
19.150796554349107 0.29670520072277284
19.266162798652413 0.4046598886955649
19.381529042955723 0.5072347791368028
19.496895287259033 0.6030661783426807
19.612261531562336 0.6908800447308774
19.727627775865646 0.7695089267332373
19.842994020168952 0.8379074836151694
19.95836026447226 0.8951663828785604
20.07372650877557 0.9405243894874624
20.189092753078874 0.973378486195026
20.304458997382184 0.9932918904257974
20.41982524168549 0.9999998611319996
20.5351914859888 0.9934132184239156
20.65055773029211 0.9736195291822071
20.765923974595417 0.9408819428899294
20.881290218898727 0.8956356931613934
20.99665646320203 0.838482311478724
21.11202270750534 0.7701816300622212
21.22738895180865 0.6916416801933492
21.342755196111955 0.6039066202881952
21.458121440415265 0.5081428542130483
21.573487684718568 0.4056235243937815
21.688853929021878 0.29771158587709207
21.804220173325188 0.18584168636757828
21.919586417628494 0.0715010931384517
22.034952661931804 -0.043790079614658084
22.150318906235114 -0.15849908010706507
22.265685150538417 -0.2711008963103012
22.381051394841727 -0.38009853040032676
22.496417639145033 -0.4840429007676017
22.611783883448343 -0.5815521069996064
22.727150127751653 -0.6713298017151278
22.84251637205496 -0.7521824250039478
22.95788261635827 -0.8230350723466455
23.07324886066157 -0.8829457850566071
23.18861510496488 -0.9311180732583798
23.30398134926819 -0.9669115049140998
23.419347593571498 -0.9898502201210514
23.534713837874808 -0.9996292574859897
23.65008008217811 -0.9961186084695299
23.76544632648142 -0.9793649457996597
23.88081257078473 -0.949591002975779
23.996178815088037 -0.9071926131125203
24.111545059391347 -0.8527334464907771
24.226911303694653 -0.7869375167781951
24.34227754799796 -0.7106795555460076
24.45764379230127 -0.6249733830493425
24.573010036604575 -0.5309584298769966
24.688376280907885 -0.4298845886601229
24.80374252521119 -0.3230955972306052
24.9191087695145 -0.21201117414354725
25.03447501381781 -0.09810814406532753
25.149841258121114 0.017099196042153687
25.265207502424424 0.13207920891699798
25.38057374672773 0.2453032795253783
25.49593999103104 0.35526613741033747
25.61130623533435 0.4605058686833482
25.726672479637653 0.5596233516070133
25.842038723940963 0.6513008573802872
25.95740496824427 0.7343195688358648
26.07277121254758 0.8075757841455284
26.18813745685089 0.870095590111294
26.303503701154195 0.9210478099666853
26.4188699454575 0.9597550535520596
26.534236189760808 0.9857027229561555
26.649602434064118 0.9985458538973394
26.764968678367428 0.9981137018910073
26.880334922670734 0.9844120122318183
26.995701166974044 0.9576229436122088
27.111067411277347 0.9181026463926661
27.226433655580657 0.8663765277196995
27.341799899883966 0.8031322664399859
27.457166144187273 0.7292106706746752
27.572532388490583 0.6455944995989035
27.68789863279389 0.553395398036683
27.803264877097195 0.4538391175706434
27.918631121400505 0.34824922064634173
28.03399736570381 0.2380294843187873
28.14936361000712 0.12464523757655997
28.264729854310428 0.009603880356704298
28.380096098613738 -0.105565156757505
28.495462342917044 -0.2193307457277072
28.61082858722035 -0.3301804168186648
28.72619483152366 -0.4366404663014757
28.841561075826966 -0.5372955487776474
28.956927320130276 -0.6308074936516532
29.072293564433586 -0.7159330955941307
29.18765980873689 -0.7915406424784328
29.3030260530402 -0.8566249610579534
29.418392297343505 -0.9103207803576805
29.533758541646815 -0.9519142351189311
29.649124785950125 -0.9808523563632983
29.764491030253428 -0.9967504229024764
29.879857274556738 -0.9993970760584433
29.995223518860044 -0.9887571295957618
30.110589763163354 -0.9649720375090446
30.225956007466664 -0.92835801344652
30.34132225176997 -0.8794018267712389
30.45668849607328 -0.8187543311496668
30.572054740376583 -0.7472218117026102
30.687420984679893 -0.6657552657547219
30.802787228983203 -0.5754377596909838
30.91815347328651 -0.4774700300058027
31.03351971758982 -0.3731545199732801
31.14888596189312 -0.26387806416500925
31.26425220619643 -0.1510934510179769
31.37961845049974 -0.036300108571281846
31.494984694803048 0.07897582985277862
31.610350939106358 0.19320181500407255
31.725717183409664 0.30485925635725686
31.84108342771297 0.41246371118857467
31.95644967201628 0.5145846196707327
32.071815916319586 0.6098643236154032
32.187182160622896 0.6970361160165152
32.3025484049262 0.7749410814325215
32.41791464922951 0.8425435033213445
32.53328089353282 0.8989446334932906
32.64864713783613 0.9433946406224671
32.76401338213944 0.9753025789657661
32.87937962644274 0.9942442447591572
32.99474587074605 0.9999678158435271
33.11011211504936 0.9923971995433915
33.225478359352664 0.971633044289747
33.340844603655974 0.9379514015378972
33.456210847959284 0.89180005576957
33.57157709226259 0.8337925713705128
33.686943336565896 0.7647001355280322
33.802309580869206 0.685441305594067
33.917675825172516 0.5970697972185853
34.03304206947582 0.5007604756054338
34.14840831377913 0.39779373613144575
34.26377455808244 0.28953848198255994
34.37914080238574 0.17743392511261855
34.49450704668905 0.06297045247414068
34.60987329099236 -0.05233018810275942
34.72523953529567 -0.16693511896232463
34.84060577959898 -0.2793207116418227
34.955972023902284 -0.3879928429257518
35.071338268205594 -0.4915067586391687
35.186704512508896 -0.5884862810985448
35.302070756812206 -0.6776421048646494
35.417437001115516 -0.7577889375622743
35.532803245418826 -0.8278612578863583
35.64816948972213 -0.8869274812977802
35.76353573402544 -0.9342023450814025
35.87890197832875 -0.9690573481117264
35.99426822263206 -0.9910291065335605
36.10963446693536 -0.9998255142720902
36.22500071123867 -0.9953296264707586
36.340366955541974 -0.9776012142281392
36.455733199845284 -0.9468759699641746
36.571099444148594 -0.9035623739801393
36.686465688451904 -0.848236263870189
36.80183193275521 -0.7816331789820948
36.917198177058516 -0.7046385817046102
37.032564421361826 -0.6182760855856658
37.147930665665136 -0.5236938467841022
37.263296909968446 -0.4221492997752615
37.37866315427175 -0.314992440243433
37.49402939857506 -0.20364787740860077
37.60939564287837 -0.08959589439500715
37.72476188718167 0.025647231563479887
37.84012813148498 0.140549387445841
37.955494375788284 0.2535829932970062
38.070860620091594 0.363245310815693
38.186226864394904 0.4680784216819105
38.30159310869821 0.5666886100201327
38.41695935300152 0.6577648913156391
38.532325597304826 0.7400964414492457
38.647691841608136 0.8125886941381372
38.763058085911446 0.8742778927734435
38.878424330214756 0.9243439031935807
38.993790574518066 0.9621211170523858
39.10915681882136 0.9871073008259907
39.22452306312467 0.9989702728143038
39.33988930742798 0.9975523193688908
39.45525555173129 0.9828722916352653
39.5706217960346 0.9551253549341596
39.685988040337904 0.9146803941136744
39.801354284641214 0.8620751093671386
39.91672052894452 0.7980088677159276
40.03208677324783 0.7233334051939794
40.14745301755114 0.6390415033449218
40.262819261854446 0.5462537905734187
40.37818550615775 0.4462038438216622
40.49355175046106 0.34022178863854197
40.60891799476437 0.22971661567223886
40.72428423906768 0.11615744868163298
40.83965048337098 0.0010540131011725657
40.95501672767429 -0.1140634351779545
41.0703829719776 -0.22766445397110158
41.18574921628091 -0.33823876144021486
41.30111546058422 -0.44431631470979804
41.416481704887524 -0.5444868535213527
41.53184794919083 -0.6374186491009561
41.64721419349414 -0.7218762089809054
41.76258043779745 -0.7967367023967573
41.877946682100756 -0.8610048878903344
41.99331292640406 -0.9138263446620153
42.10867917070737 -0.9544988317665245
42.22404541501068 -0.982481624136117
42.33941165931399 -0.997402701312325
42.4547779036173 -0.9990636933148188
42.5701441479206 -0.9874425178939757
42.68551039222391 -0.962693674105889
42.80087663652722 -0.9251461883068635
42.91624288083053 -0.8752992398745953
43.03160912513384 -0.8138155248104011
43.146975369437136 -0.7415124454508537
43.262341613740446 -0.6593512434181688
43.377707858043756 -0.568424220282718
43.493074102347066 -0.4699402158338683
43.608440346650376 -0.3652085370200788
43.72380659095368 -0.25562155121677027
43.83917283525699 -0.14263617523774022
43.9545390795603 -0.027754506186697524
44.06990532386361 0.08749614834584202
44.18527156816692 0.20158357524934942
44.30063781247023 0.312991026077084
44.41600405677353 0.42023738163313346
44.531370301076834 0.5218968428822981
44.64673654538014 0.6166178863996882
44.76210278968345 0.703141232354662
44.87746903398676 0.7803165861516984
44.992835278290066 0.8471179311544705
45.108201522593376 0.9026571691822917
45.223567766896686 0.9461959274337173
45.338934011199996 0.9771553748688754
45.454300255503306 0.9951239175454384
45.56966649980661 0.9998626706017301
45.68503274410992 0.991308634139053
45.80039898841323 0.9695755307811019
45.91576523271654 0.9349522937754373
46.03113147701984 0.887899225737125
46.14649772132314 0.8290418791025581
46.26186396562645 0.7591627396504913
46.37723020992976 0.6791908236546766
46.49259645423307 0.5901893269699223
46.60796269853638 0.4933414902522594
46.723328942839686 0.3899348682296656
46.838695187142996 0.281344212157305
46.954061431446306 0.1690131930285492
47.069427675749616 0.05443520852453305
47.184793920052925 -0.06086647113344095
47.30016016435622 -0.17535895447541855
47.41552640865953 -0.287520107985179
47.53089265296284 -0.39585879227962395
47.64625889726615 -0.4989346862332316
47.76162514156946 -0.5953774354932586
47.87699138587276 -0.6839048708136242
47.99235763017607 -0.7633400540017579
48.10772387447938 -0.8326269248590216
48.22309011878269 -0.8908443410947652
48.338456363086 -0.9372183245586752
48.453822607389306 -0.971132350982501
48.569188851692616 -0.9921355464330083
48.68455509599592 -0.9999486815074393
48.79992134029923 -0.9944678835810022
48.91528758460254 -0.9757660177534485
49.03065382890584 -0.9440917181356112
49.14602007320915 -0.8998660823545507
49.26138631751246 -0.843677073222628
49.37675256181577 -0.7762717019981198
49.49211880611908 -0.698546097157946
49.60748505042238 -0.6115335907143508
49.72285129472569 -0.5163909804633412
49.838217539029 -0.41438315080308785
49.95358378333231 -0.3068662565824805
50.06895002763562 -0.1952696935441844
50.18431627193892 -0.08107709505820002
50.29968251624223 0.034193392213034725
50.41504876054554 0.14900929149034636
50.53041500484885 0.2618441695670566
50.64578124915216 0.3711979301511721
50.76114749345546 0.4756167570684337
50.87651373775877 0.5737124421890384
50.99187998206208 0.6641808411205874
51.10724622636539 0.7458192113060541
51.2226124706687 0.8175422020233296
51.337978714971996 0.8783962837054899
51.453344959275306 0.9275724247495555
51.568711203578616 0.964416847280342
51.684077447881926 0.9884397188758082
51.799443692185235 0.9993216647006401
51.91480993648854 0.9969180134718119
52.03017618079185 0.9812607208076308
52.14554242509516 0.9525579443900878
52.26090866939847 0.9111912765885616
52.37627491370178 0.8577106713360819
52.49164115800508 0.7928271327033823
52.60700740230839 0.7174032623733156
52.7223736466117 0.63244179168338
52.837739890915 0.5390722506983691
52.95310613521831 0.4385359515427151
53.068472379521616 0.33216948563341736
53.183838623824926 0.22138695421134433
53.299204868128236 0.10766116840934124
53.414571112431545 -0.007495931205158139
53.529937356734855 -0.12255337529826589
53.64530360103816 -0.23598151941790266
53.76066984534147 -0.3462723800283012
53.87603608964478 -0.4519596825708916
53.99140233394809 -0.5516383550204518
54.1067685782514 -0.6439832077770892
54.22213482255469 -0.7277665515521086
54.337501066858 -0.8018745190248048
54.45286731116131 -0.8653218732798811
54.56823355546462 -0.9172651061532207
54.68359979976793 -0.9570136523483868
54.798966044071236 -0.9840390702365499
54.914332288374545 -0.9979820672846363
55.029698532677855 -0.9986572767113118
55.145064776981165 -0.9860557218670283
55.260431021284475 -0.9603449355751245
55.37579726558778 -0.9218667328473985
55.49116350989108 -0.8711326665850291
55.60652975419439 -0.80881722667957
55.7218959984977 -0.735748872929355
55.83726224280101 -0.6528990209852098
55.95262848710431 -0.5613691277531261
56.06799473140762 -0.4623760479484459
56.18336097571093 -0.3572358564806284
56.29872722001424 -0.24734635174365172
56.41409346431755 -0.13416847242415897
56.529459708620855 -0.01920687488370738
56.644825952924165 0.09601007066868639
56.760192197227475 0.20995059927040816
56.87555844153078 0.32109991543111516
56.99092468583409 0.42798033175599876
57.10629093013739 0.5291709142311263
57.2216571744407 0.6233263729945192
57.33702341874401 0.7091949474472374
57.45238966304732 0.7856350479289659
57.56775590735063 0.8516304327133274
