0.0 0.0
0.06144580963936141 0.0614071512659587
0.12289161927872282 0.1225825273955329
0.18433742891808425 0.1832952280643549
0.24578323855744563 0.24331609927020034
0.307229048196807 0.30241859825179707
0.3686748578361685 0.3603796485517664
0.43012066747552985 0.4169804819963482
0.49156647711489126 0.47200746441394126
0.5530122867542526 0.525252901975867
0.614458096393614 0.5765158251159049
0.6759039060329755 0.6256027470697725
0.737349715672337 0.6723283941715205
0.7987955253116983 0.7165164051504105
0.8602413349510597 0.7579999967888525
0.9216871445904211 0.7966225934289387
0.9831329542297825 0.8322384179515675
1.044578763869144 0.8647130419975657
1.1060245735085052 0.8939238933540538
1.1674703831478668 0.9197607185909755
1.228916192787228 0.9421259992016165
1.2903620024265896 0.9609353196764323
1.351807812065951 0.9761176861209254
1.4132536217053124 0.9876157942149839
1.474699431344674 0.9953862455022925
1.536145240984035 0.999399711193455
1.5975910506233966 0.9996410428645706
1.659036860262758 0.9961093296334398
1.7204826699021194 0.9888179015975993
1.781928479541481 0.9777942795212045
1.8433742891808422 0.9630800709606643
1.9048200988202035 0.9447308132210905
1.966265908459565 0.9228157637363075
2.0277117180989266 0.8974176386636111
2.089157527738288 0.8686323006799257
2.150603337377649 0.8365683971577393
2.2120491470170105 0.8013469500864894
2.2734949566563722 0.7631008992871946
2.3349407662957335 0.7219746006444299
2.396386575935095 0.6781232812495092
2.457832385574456 0.6317124535113926
2.519278195213818 0.5829172904466903
2.580724004853179 0.531921964506674
2.64216981449254 0.4789189524368214
2.703615624131902 0.42410830879263534
2.765061433771263 0.3676969108537832
2.826507243410625 0.3098976777865399
2.887953053049986 0.2509287670017437
2.949398862689348 0.19101275074151583
3.0108446723287092 0.13037577600264882
3.07229048196807 0.06924671096743588
3.133736291607432 0.007856281163660451
3.195182101246793 -0.053563801385774344
3.256627910886155 -0.11478171273665176
3.318073720525516 -0.17556639201967456
3.379519530164877 -0.23568841355655498
3.440965339804239 -0.29492085280423797
3.5024111494436 -0.3530401428588357
3.563856959082962 -0.40982691828649864
3.625302768722323 -0.46506684309625024
3.6867485783616845 -0.5185514197297008
3.7481943880010458 -0.5700787760141777
3.809640197640407 -0.6194544271090043
3.871086007279769 -0.6664920095690343
3.93253181691913 -0.7110139847547906
3.9939776265584914 -0.7528523089342642
4.055423436197853 -0.7918490675471336
4.116869245837214 -0.8278570712374397
4.178315055476576 -0.8607404114050581
4.2397608651159375 -0.8903749731790813
4.301206674755298 -0.916648903876959
4.36265248439466 -0.939463035181235
4.424098294034021 -0.9587312574404179
4.485544103673383 -0.974380844681231
4.5469899133127445 -0.9863527291055052
4.608435722952105 -0.9946017240356627
4.669881532591467 -0.999096694467302
4.731327342230828 -0.9998206745851494
4.79277315187019 -0.9967709317988294
4.8542189615095515 -0.989958977056752
4.915664771148912 -0.9794105213991926
4.977110580788273 -0.9651653789145478
5.038556390427636 -0.9472773164650491
5.100002200066997 -0.9258138507491345
5.161448009706358 -0.9008559934664346
5.222893819345719 -0.8724979455472379
5.28433962898508 -0.8408467416005198
5.345785438624443 -0.8060218459225417
5.407231248263804 -0.7681547015908455
5.468677057903165 -0.7273882343455272
5.530122867542526 -0.6838763131303658
5.591568677181887 -0.6377831693299157
5.65301448682125 -0.5892827768946114
5.714460296460611 -0.5385581956935367
5.775906106099972 -0.4858008805732921
5.837351915739333 -0.43120995873087803
5.898797725378696 -0.37499147812804456
5.960243535018057 -0.31735762978392595
6.0216893446574185 -0.25852594688129943
6.083135154296779 -0.19871848370940465
6.14458096393614 -0.138160977542283
6.206026773575503 -0.07708199661606857
6.267472583214864 -0.015712077421101155
6.328918392854225 0.045717145434956835
6.390364202493586 0.10697381350871497
6.451810012132947 0.16782671964751264
6.51325582177231 0.22804618065763646
6.574701631411671 0.2874049042205031
6.636147441051032 0.345678846784741
6.697593250690393 0.40264805919610436
6.759039060329754 0.45809751687351263
6.820484869969117 0.511817931397774
6.881930679608478 0.5636065404497366
6.943376489247839 0.6132678731163459
7.0048222988872 0.6606144876760004
7.066268108526561 0.7054676790785452
7.127713918165924 0.7476581534495662
7.189159727805285 0.7870266670731442
7.250605537444646 0.8234246274413033
7.312051347084007 0.8567146541015296
7.373497156723369 0.8867710971855212
7.434942966362731 0.9134805116620164
7.4963887760020915 0.9367420855236931
7.557834585641453 0.9564680202919846
7.619280395280814 0.9725838624036329
7.680726204920176 0.9850287842282018
7.742172014559538 0.993755813655868
7.803617824198899 0.9987320113889417
7.86506363383826 0.9999385952679435
7.926509443477621 0.9973710111629821
7.987955253116983 0.9910389501628614
8.049401062756345 0.9809663119970367
8.110846872395706 0.9671911148284832
8.172292682035067 0.9497653517579493
8.233738491674428 0.9287547945812117
8.295184301313789 0.9042387455400247
8.356630110953152 0.876309738003759
8.418075920592512 0.8450731872114776
8.479521730231875 0.8106469923926792
8.540967539871236 0.7731610917684822
8.602413349510597 0.7327569721128291
8.66385915914996 0.6895871347248442
8.72530496878932 0.6438145198279738
8.786750778428681 0.5956118915684386
8.848196588068042 0.5451611859342893
8.909642397707403 0.4926528240562571
8.971088207346765 0.4382849934822841
9.032534016986126 0.3822629001384983
9.093979826625489 0.3247979938000058
9.15542563626485 0.266107169994926
9.21687144590421 0.20641195135395254
9.278317255543573 0.14593765149539648
9.339763065182934 0.08491252460152696
9.401208874822295 0.02356690389603224
9.462654684461656 -0.037867667725635185
9.524100494101017 -0.09915931163170709
9.58554630374038 -0.160076688656751
9.64699211337974 -0.22038987226815132
9.708437923019103 -0.2798712164007689
9.769883732658464 -0.33829621468417825
9.831329542297825 -0.39544434781946847
9.892775351937187 -0.451099915907224
9.954221161576546 -0.5050528525851654
10.015666971215909 -0.5570995179025916
10.077112780855272 -0.6070434669389385
10.138558590494632 -0.6546961912654498
10.200004400133993 -0.6998778304513434
10.261450209773354 -0.742417850928973
10.322896019412717 -0.7821556896556855
10.384341829052078 -0.8189413601429238
10.445787638691439 -0.8526360185652
10.507233448330801 -0.8831124878121904
10.56867925797016 -0.9102557375059869
10.630125067609523 -0.933963318171735
10.691570877248886 -0.9541457479228957
10.753016686888246 -0.9707268502016623
10.814462496527607 -0.98364404129974
10.875908306166968 -0.9928485665742781
10.93735411580633 -0.9983056844673819
10.998799925445693 -0.9999947976346397
11.060245735085052 -0.9979095306877357
11.121691544724415 -0.9920577542577126
11.183137354363774 -0.9824615552880653
11.244583164003137 -0.9691571536697846
11.3060289736425 -0.9521947655330123
11.36747478328186 -0.9316384137112914
11.428920592921221 -0.9075656860937976
11.490366402560582 -0.8800674427776316
11.551812212199945 -0.8492474731254893
11.613258021839307 -0.8152221040231208
11.674703831478666 -0.7781197608151607
11.736149641118029 -0.7380804825765321
11.797595450757392 -0.69525539354901
11.85904126039675 -0.6498061327379149
11.920487070036113 -0.6019042438218831
11.981932879675474 -0.5517305276784664
12.043378689314837 -0.4994743599693287
12.104824498954198 -0.4453329763608086
12.166270308593559 -0.3895107280776595
12.227716118232921 -0.33221831059984247
12.28916192787228 -0.27367196841356584
12.350607737511643 -0.2140926788181322
12.412053547151006 -0.1537053178692973
12.473499356790365 -0.09273781160713125
12.534945166429727 -0.031420275772019085
12.596390976069088 0.030015852744109166
12.65783678570845 0.09133868943314673
12.719282595347812 0.1523167773956236
12.780728404987173 0.21271996095158247
12.842174214626535 0.2723202543401141
12.903620024265894 0.3308927022287496
12.965065833905257 0.3882162287848299
13.02651164354462 0.44407447210405104
13.087957453183979 0.4982566008467921
13.149403262823341 0.55055810999988
13.210849072462702 0.6007815927602397
13.272294882102065 0.6487374856271009
13.333740691741426 0.6942447838904146
13.395186501380786 0.7371317248149953
13.45663231102015 0.7772364359417419
13.518078120659508 0.8144075460590012
13.57952393029887 0.8485047565380452
13.640969739938233 0.8793993708761648
13.702415549577594 0.9069747804487261
13.763861359216955 0.9311269046367341
13.825307168856316 0.9517645836686923
13.886752978495679 0.9688099226940231
13.948198788135041 0.9821985857893704
14.0096445977744 0.9918800387880943
14.071090407413763 0.9978177400164182
14.132536217053122 0.9999892782163099
14.193982026692485 0.9983864571345309
14.255427836331847 0.9930153264585713
14.316873645971208 0.9838961589827118
14.37831945561057 0.9710633740903929
14.43976526524993 0.9545654078417039
14.501211074889293 0.934464530156328
14.562656884528655 0.9108366097819754
14.624102694168014 0.8837708279354013
14.685548503807377 0.8533693416968366
14.746994313446738 0.8197468984283417
14.808440123086099 0.7830304026713814
14.869885932725461 0.7433584371583594
14.931331742364822 0.700880739745991
14.992777552004183 0.6557576382447677
15.054223361643544 0.6081594452777135
15.115669171282907 0.5582658154524607
15.17711498092227 0.5062650672729481
15.238560790561628 0.4523534723501058
15.300006600200991 0.39673451459432474
15.361452409840352 0.33961812218585663
15.422898219479713 0.2812198752219255
15.484344029119075 0.22176019203126882
15.545789838758436 0.16146349722725808
15.607235648397799 0.100557374639682
15.668681458037158 0.039271708322411954
15.73012726767652 -0.02216218512093458
15.791573077315883 -0.08351242961830191
15.853018886955242 -0.14454746482219513
15.914464696594605 -0.20503692011100838
15.975910506233966 -0.2647524840998186
16.03735631587333 -0.32346876637884064
16.09880212551269 -0.3809641482269197
16.16024793515205 -0.4370216190891809
16.221693744791413 -0.4914295956616243
16.28313955443077 -0.5439827204910723
16.344585364070134 -0.5944826370763147
16.406031173709497 -0.6427387385448154
16.467476983348856 -0.6885688870792549
16.52892279298822 -0.7318001013784691
16.590368602627578 -0.772269209558011
16.65181441226694 -0.8098234650260911
16.713260221906303 -0.8443211230102581
16.774706031545662 -0.8756319755588402
16.836151841185025 -0.9036378429978104
16.897597650824387 -0.9282330199881075
16.95904346046375 -0.9493246744998488
17.02048927010311 -0.9668331981975179
17.081935079742472 -0.9806925069136501
17.143380889381834 -0.9908502900768913
17.204826699021194 -0.9972682081530096
17.266272508660556 -0.9999220373536242
17.32771831829992 -0.998801761066463
17.389164127939278 -0.9939116076620648
17.45060993757864 -0.9852700345342157
17.512055747218 -0.9729096584343699
17.573501556857362 -0.9568771323629869
17.634947366496725 -0.9372329694824623
17.696393176136084 -0.9140513147162621
17.757838985775447 -0.8874196648963372
17.819284795414806 -0.8574385385151121
17.88073060505417 -0.8242210963285004
17.94217641469353 -0.7878927142419876
18.00362222433289 -0.7485905100918401
18.065068033972253 -0.7064628261075709
18.126513843611615 -0.6616686690090792
18.187959653250978 -0.6143771098517175
18.249405462890337 -0.564766645884548
18.3108512725297 -0.5130245268303584
18.372297082169062 -0.4593460481303725
18.43374289180842 -0.40393381382117755
18.495188701447784 -0.34699697182608885
18.556634511087147 -0.28875042454729993
18.618080320726506 -0.22941401773829984
18.67952613036587 -0.1692117107181056
18.740971940005227 -0.10837073105928868
18.80241774964459 -0.04712071694025419
18.863863559283953 0.01430714960101795
18.925309368923312 0.0756810152404097
18.986755178562674 0.13676923047480422
19.048200988202034 0.19734122395988776
19.109646797841396 0.2571683727786021
19.17109260748076 0.3160248653554011
19.23253841712012 0.3736885537594188
19.29398422675948 0.4299417921795575
19.355430036398843 0.484572258406796
19.416875846038206 0.5373737552230622
19.47832165567757 0.5881469886719747
19.539767465316928 0.6367003202738962
19.60121327495629 0.6828504903461737
19.66265908459565 0.7264233096984204
19.724104894235012 0.7672543170921725
19.785550703874375 0.8051893999833296
19.846996513513737 0.8400853762045122
19.908442323153093 0.8718105343917927
19.969888132792455 0.9002451311160488
20.031333942431818 0.9252818428425098
20.09277975207118 0.9468261710126956
20.154225561710543 0.9647967987197473
20.215671371349902 0.97912589763094
20.277117180989265 0.9897593839989276
20.338562990628624 0.9966571227954203
20.400008800267987 0.9997930791968299
20.46145460990735 0.9991554168500988
20.52290041954671 0.9947465425478291
20.58434622918607 0.9865830971440847
20.645792038825434 0.9746958927451562
20.707237848464796 0.9591297964123551
20.768683658104155 0.9399435608157889
20.830129467743514 0.9172096024782954
20.891575277382877 0.8910137284465378
20.95302108702224 0.8614548124209129
21.014466896661602 0.8286444215666774
21.075912706300965 0.7927063954148676
21.13735851594032 0.7537763784424101
21.198804325579683 0.712001308095623
21.260250135219046 0.6675388601895824
21.32169594485841 0.6205568537765479
21.38314175449777 0.571232617729778
21.44458756413713 0.5197523214334778
21.506033373776493 0.46631027210511056
21.567479183415852 0.4111081814023053
21.628924993055215 0.35435440408240193
21.690370802694577 0.29626315158832967
21.751816612333936 0.23705368352898099
21.8132624219733 0.17694948010578795
21.87470823161266 0.11617739860912656
21.936154041252024 0.05496681716820287
21.997599850891387 -0.006451231013697049
22.059045660530742 -0.06784492967086479
22.120491470170105 -0.1289825544424533
22.181937279809468 -0.1896333474928039
22.24338308944883 -0.24956838848379193
22.304828899088193 -0.30856145861168666
22.36627470872755 -0.3663898944473409
22.42772051836691 -0.42283542835700877
22.489166328006274 -0.4776850123316081
22.550612137645636 -0.5307316221150993
22.612057947285 -0.5817750385967788
22.673503756924358 -0.6306226035182378
22.73494956656372 -0.677089946642656
22.796395376203083 -0.7210016816417598
22.857841185842442 -0.7621920680739457
22.919286995481805 -0.8005056369549678
22.980732805121164 -0.8357977775600165
23.042178614760527 -0.8679352832424205
23.10362442439989 -0.8967968542087654
23.165070234039252 -0.9222735553528121
23.226516043678615 -0.9442692274201324
23.28796185331797 -0.9627008499515732
23.349407662957333 -0.9774988546356647
23.410853472596695 -0.9886073878872245
23.472299282236058 -0.9959845216611257
23.53374509187542 -0.9996024117054966
23.595190901514783 -0.9994474026570581
23.65663671115414 -0.9955200795819248
23.7180825207935 -0.9878352657673284
23.779528330432864 -0.9764219667726097
23.840974140072227 -0.9613232609506406
23.90241994971159 -0.9425961368529002
23.96386575935095 -0.9203112781319024
24.02531156899031 -0.894552796752829
24.086757378629674 -0.865417915521358
24.148203188269033 -0.8330166011259268
24.209648997908396 -0.7974711490794844
24.271094807547755 -0.7589157221273515
24.332540617187117 -0.7174958438633716
24.39398642682648 -0.6733678494657105
24.455432236465843 -0.6266982956253889
24.516878046105205 -0.5776633318947532
24.57832385574456 -0.5264480358286538
24.639769665383923 -0.47324571442774566
24.701215475023286 -0.4182571745206276
24.76266128466265 -0.3616899648385763
24.82410709430201 -0.30375759264367214
24.88555290394137 -0.24467871786704606
24.94699871358073 -0.18467632779888007
25.008444523220092 -0.12397689544524144
25.069890332859455 -0.06280952472843239
25.131336142498817 -0.0014050857571926843
25.192781952138176 0.0600046565693741
25.25422776177754 0.12118791733519203
25.3156735714169 0.1819137664561208
25.37711938105626 0.24195300030241831
25.438565190695623 0.3010790068048737
25.500011000334982 0.3590686207793206
25.561456809974345 0.4157029662412799
25.622902619613708 0.4707682825313969
25.68434842925307 0.5240567311336342
25.745794238892433 0.5753671801409114
25.80724004853179 0.624505963407319
25.86868585817115 0.6712876115215939
25.930131667810514 0.7155355518427846
25.991577477449876 0.7570827749560064
26.05302328708924 0.7957724650327286
26.114469096728598 0.8314585917163974
26.175914906367957 0.8640064612993829
26.23736071600732 0.8932932251108706
26.298806525646683 0.9192083431968513
26.360252335286045 0.9416540015421008
26.421698144925404 0.9605454812593718
26.483143954564767 0.975811478352345
26.54458976420413 0.9873943728454087
26.606035573843492 0.9952504462644842
26.66748138348285 0.9993500466480228
26.72892719312221 0.9996777004653624
26.790373002761573 0.9962321710200165
26.851818812400936 0.9890264631174619
26.9132646220403 0.9780877739798044
26.97471043167966 0.9634573905925902
27.036156241319016 0.9451905338712201
27.09760205095838 0.923356150235132
27.15904786059774 0.8980366513764644
27.220493670237104 0.8693276032053787
27.281939479876467 0.8373373651461139
27.343385289515826 0.8021866811452043
27.40483109915519 0.7640082239355501
27.466276908794548 0.7229460942765021
27.52772271843391 0.6791552770599738
27.589168528073273 0.6328010563355204
27.650614337712632 0.5840583914622572
27.712060147351995 0.5331112567422892
27.773505956991357 0.4801519470281675
27.83495176663072 0.42538035192523577
27.896397576270083 0.36900320132835585
27.957843385909438 0.3112332851406513
28.0192891955488 0.2522886501193234
28.080735005188163 0.19239177688006517
28.142180814827526 0.1317687401662548
28.20362662446689 0.07064835555250727
28.265072434106244 0.009261315803233746
28.326518243745607 -0.05216067985409897
28.38796405338497 -0.11338580025443218
28.449409863024332 -0.17418295731863506
28.510855672663695 -0.2343226782722857
28.572301482303054 -0.29357797176765005
28.633747291942417 -0.35172518463978175
28.69519310158178 -0.4085448460629514
28.75663891122114 -0.4638224959212869
28.8180847208605 -0.5173494942669905
28.87953053049986 -0.5689238088108834
28.940976340139223 -0.6183507774730524
29.002422149778585 -0.6654438431153343
29.063867959417948 -0.7100252576825434
29.12531376905731 -0.7519267530946843
29.186759578696666 -0.7909901763579453
29.24820538833603 -0.827068086497338
29.30965119797539 -0.8600243110578482
29.371097007614754 -0.8897344600737346
29.432542817254117 -0.9160863955659803
29.493988626893476 -0.9389806547958509
29.555434436532835 -0.958330825677035
29.616880246172197 -0.9740638729293978
29.67832605581156 -0.9861204137433223
29.739771865450923 -0.9944549419141752
29.80121767509028 -0.9990359996009118
29.862663484729644 -0.9998462960605455
29.924109294369007 -0.9968827729103213
29.985555104008366 -0.9901566156712769
30.04700091364773 -0.9796932115496126
30.108446723287088 -0.9655320536152305
30.16989253292645 -0.9477265917390958
30.231338342565813 -0.9263440308520623
30.292784152205176 -0.9014650772865959
30.35422996184454 -0.8731836341588134
30.415675771483894 -0.8416064469405892
30.477121581123257 -0.8068527005594569
30.53856739076262 -0.7690535695470714
30.600013200401982 -0.728351722934075
30.661459010041344 -0.6849007857601471
