0.0 0.0
0.07054818567989336 0.07048967997427028
0.14109637135978673 0.14062867501748277
0.2116445570396801 0.21006804485000835
0.28219274271957345 0.2784623298154646
0.3527409283994668 0.34547126953649404
0.4232891140793602 0.4107614957042194
0.49383729975925356 0.47400819057977817
0.5643854854391469 0.5348967029569206
0.6349336711190403 0.5931241135462844
0.7054818567989336 0.6484007419935869
0.776030042478827 0.7004515880343466
0.8465782281587204 0.7490176996154124
0.9171264138386137 0.7938574611769211
0.9876745995185071 0.8347477956855033
1.0582227851984003 0.8714852744386404
1.1287709708782938 0.9038871291189216
1.1993191565581873 0.9317921610632393
1.2698673422380806 0.9550615432233343
1.340415527917974 0.9735795108279445
1.4109637135978672 0.9872539373105269
1.4815118992777607 0.9960167926373226
1.552060084957654 0.9998244817555909
1.6226082706375475 0.9986580614782381
1.6931564563174408 0.9925233347258435
1.7637046419973341 0.9814508216572305
1.8342528276772274 0.9654956078322076
1.904801013357121 0.9447370701618668
1.9753491990370142 0.9192784820098333
2.0458973847169077 0.8892464994090777
2.1164455703968006 0.8547905309503575
2.1869937560766943 0.8160819944770766
2.2575419417565876 0.7733134642845004
2.328090127436481 0.7266977130659861
2.3986383131163747 0.6764666533725371
2.4691864987962675 0.6228701838518995
2.5397346844761612 0.5661749460071351
2.6102828701560545 0.5066629976597894
2.680831055835948 0.4446304097171341
2.751379241515841 0.38038579322455823
2.8219274271957344 0.31424876403098834
2.892475612875628 0.24654835270560205
2.9630237985555214 0.1776213676164747
3.0335719842354143 0.10781071931480793
3.104120169915308 0.03746371456090494
3.1746683555952013 -0.03306967152091332
3.245216541275095 -0.1034385365624656
3.315764726954988 -0.17329279668488037
3.3863129126348817 -0.24228492815980565
3.456861098314775 -0.31007169633390297
3.5274092839946682 -0.376315863215279
3.5979574696745615 -0.44068786522662334
3.668505655354455 -0.5028674527782708
3.7390538410343486 -0.5625452835043363
3.809602026714242 -0.6194244612355998
3.8801502123941347 -0.6732220130527831
3.9506983980740285 -0.7236702970718983
4.021246583753921 -0.7705183339579594
4.0917947694338155 -0.8135330555428109
4.162342955113709 -0.8525004643352021
4.232891140793601 -0.8872266981545863
4.303439326473495 -0.9175389945920946
4.373987512153389 -0.9432865505005095
4.444535697833282 -0.9643412722373016
4.515083883513175 -0.9805984129282705
4.5856320691930685 -0.9919770935814205
4.656180254872962 -0.9984207054585387
4.726728440552855 -0.9998971917026821
4.797276626232749 -0.9963992068204831
4.867824811912642 -0.9879441532258512
4.938372997592535 -0.9745740946632665
5.008921183272429 -0.9563555469413828
5.0794693689523225 -0.9333791470180383
5.150017554632216 -0.9057592020829662
5.220565740312109 -0.8736331208815166
5.291113925992002 -0.8371607301085388
5.361662111671896 -0.7965234792733568
5.432210297351789 -0.7519235379916182
5.502758483031682 -0.7035827901949745
5.5733066687115755 -0.6517417302623839
5.643854854391469 -0.5966582665647603
5.714403040071362 -0.5386064383753175
5.784951225751256 -0.4778750525289536
5.85549941143115 -0.4147662466132765
5.926047597111043 -0.3495939858393597
5.996595782790935 -0.28268250107028525
6.067143968470829 -0.21436467577823903
6.137692154150723 -0.14498038995503396
6.208240339830616 -0.07487482921506648
6.278788525510509 -0.004396767502888132
6.349336711190403 0.06610316805109501
6.419884896870296 0.13627424149449457
6.49043308255019 0.20576735295819965
6.560981268230083 0.27423677542214636
6.631529453909976 0.34134187470122984
6.702077639589869 0.40674880409444686
6.772625825269763 0.4701321652664192
6.843174010949657 0.5311766270984494
6.91372219662955 0.5895784944553519
6.984270382309443 0.6450472190634621
7.0548185679893365 0.6973068449832415
7.125366753669231 0.7460973814852753
7.195914939349123 0.7911760964996225
7.266463125029016 0.8323187242036464
7.33701131070891 0.8693205807405717
7.407559496388803 0.9019975825181139
7.478107682068697 0.9301871620211462
7.54865586774859 0.9537490765822562
7.619204053428484 0.9725661060865783
7.689752239108376 0.9865446361398233
7.760300424788269 0.9956151237982613
7.830848610468164 0.9997324435436556
7.901396796148057 0.9988761117819313
7.97194498182795 0.9930503887486992
8.042493167507843 0.9822842573146582
8.113041353187736 0.9666312787963166
8.183589538867631 0.9461693264893757
8.254137724547524 0.9210001982504402
8.324685910227418 0.8912491100544508
8.39523409590731 0.8570640730473896
8.465782281587202 0.8186151571934055
8.536330467267097 0.7760936451796977
8.60687865294699 0.7297110807884859
8.677426838626884 0.6796982164703655
8.747975024306777 0.6263038653548869
8.81852320998667 0.5697936634095652
8.889071395666564 0.5104487479055654
8.959619581346457 0.448564358764671
9.03016776702635 0.38444836974581176
9.100715952706244 0.31841975677847106
9.171264138386137 0.2508070110629883
9.24181232406603 0.1819465048325545
9.312360509745924 0.11218081790720622
9.382908695425817 0.04185703336518336
9.45345688110571 -0.028674989189344458
9.524005066785604 -0.0990643541717196
9.594553252465499 -0.16896087571622484
9.665101438145392 -0.23801681984466352
9.735649623825283 -0.30588863443685793
9.806197809505177 -0.37223865839646786
9.87674599518507 -0.4367368015090594
9.947294180864965 -0.4990621866351855
10.017842366544858 -0.5589047460685619
10.088390552224752 -0.6159667641175193
10.158938737904645 -0.6699643582353808
10.229486923584536 -0.7206288913311921
10.300035109264432 -0.7677083082345795
10.370583294944325 -0.8109683896658226
10.441131480624218 -0.8501939174727083
10.511679666304111 -0.8851897453370848
10.582227851984005 -0.9157817696244
10.652776037663898 -0.9418177955462536
10.723324223343791 -0.9631682943268194
10.793872409023685 -0.9797270476062518
10.864420594703578 -0.991411675875177
10.934968780383471 -0.9981640483113183
11.005516966063364 -0.9999505719793255
11.076065151743258 -0.996762358955043
11.146613337423151 -0.9886152705427783
11.217161523103044 -0.9755498383655895
11.287709708782938 -0.9576310627211648
11.358257894462833 -0.9349480892064734
11.428806080142724 -0.9076137652199745
11.499354265822618 -0.8757640785477677
11.569902451502513 -0.8395574808267299
11.640450637182404 -0.7991740992503802
11.7109988228623 -0.7548148404392178
11.78154700854219 -0.7067003909337968
11.852095194222086 -0.6550701192830097
11.922643379901979 -0.6001808851897412
11.99319156558187 -0.542305761638304
12.063739751261766 -0.48173267636109385
12.134287936941657 -0.41876297940314655
12.204836122621552 -0.35370994391088656
12.275384308301446 -0.28689720760369875
12.345932493981339 -0.21865716268188962
12.416480679661232 -0.14932930218128407
12.487028865341124 -0.07925853100128061
12.557577051021019 -0.008793450008971021
12.628125236700914 0.06171537824409052
12.698673422380805 0.13191717356448898
12.769221608060699 0.20146268324231448
12.839769793740592 0.2700059195772998
12.910317979420485 0.3372058811616164
12.98086616510038 0.4027282493559433
13.051414350780272 0.46624705151887114
13.121962536460167 0.5274462827151376
13.192510722140058 0.586021477834657
13.263058907819952 0.6416812263011664
13.333607093499847 0.6941486218347566
13.404155279179738 0.7431626400557954
13.474703464859633 0.7884794370766861
13.545251650539527 0.8298735626209477
13.61579983621942 0.8671390816344287
13.686348021899313 0.9000905988086124
13.756896207579205 0.9285641809190505
13.8274443932591 0.9524181723903044
13.897992578938995 0.9715339000299619
13.968540764618886 0.9858162634257085
14.03908895029878 0.9951942080682242
14.109637135978673 0.9996210788461275
14.180185321658566 0.9990748521543442
14.250733507338461 0.9935582454611592
14.321281693018353 0.9830987037888598
14.391829878698246 0.9677482631752253
14.46237806437814 0.9475832917951472
14.532926250058033 0.9227041100302869
14.603474435737928 0.8932344913769221
14.67402262141782 0.8593210466749618
14.744570807097714 0.8211324947215594
14.815118992777606 0.7788588228980469
14.8856671784575 0.7327103419860052
14.956215364137394 0.6829166398747955
15.026763549817286 0.629725439365807
15.09731173549718 0.5734013657558182
15.167859921177072 0.5142246303307706
15.238408106856967 0.45248963631947614
15.30895629253686 0.38850351424269935
15.379504478216752 0.3225845939441471
15.450052663896647 0.25506082090503585
15.520600849576539 0.1862681247210467
15.591149035256434 0.11654874785840859
15.661697220936327 0.0462495430036106
15.73224540661622 -0.024279752522695555
15.802793592296114 -0.09468825670277019
15.873341777976005 -0.16462568845371708
15.9438899636559 -0.23374411026978334
16.014438149335795 -0.30169965920537906
16.084986335015685 -0.3681542575872545
16.155534520695582 -0.43277729494505834
16.226082706375472 -0.4952472727926328
16.29663089205537 -0.5552534040774367
16.367179077735262 -0.6124971593406757
16.437727263415155 -0.6666937518961981
16.50827544909505 -0.7175735546392868
16.57882363477494 -0.7648834414368133
16.649371820454835 -0.808388046425356
16.71992000613473 -0.8478709349522514
16.79046819181462 -0.8831356803342474
16.861016377494515 -0.914006841076822
16.931564563174405 -0.9403308336925665
17.0021127488543 -0.9619766967763687
17.072660934534195 -0.978836742536111
17.143209120214088 -0.9908270925375748
17.21375730589398 -0.9978880949981854
17.284305491573875 -0.9999846215535917
17.354853677253768 -0.997106242020669
17.42540186293366 -0.9892672762874978
17.495950048613555 -0.9765067230721699
17.566498234293448 -0.9588880659048449
17.63704641997334 -0.9364989572982919
17.707594605653235 -0.909450782678165
17.778142791333128 -0.8778781062424481
17.84869097701302 -0.841938001506913
17.919239162692914 -0.8018092698671111
17.989787348372808 -0.7576915510645434
18.0603355340527 -0.7098043299824205
18.130883719732594 -0.6583858447121886
18.201431905412488 -0.6036919013231714
18.27198009109238 -0.5459946012318264
18.342528276772274 -0.48558098750193485
18.413076462452167 -0.42275161681035406
18.48362464813206 -0.3578190641827818
18.554172833811954 -0.29110636793844324
18.624721019491847 -0.22294542258007502
18.69526920517174 -0.15367532762455044
18.765817390851634 -0.0836407005886849
18.83636557653153 -0.013189962523083886
18.90691376221142 0.05732639537650206
18.977461947891314 0.12755755545681166
19.048010133571207 0.19715411891875673
19.1185583192511 0.26576984407038434
19.189106504930997 0.3330633688732681
19.259654690610887 0.3986999092126914
19.330202876290784 0.46235292444282816
19.400751061970674 0.5237057419207234
19.471299247650567 0.5824531324472288
19.541847433330464 0.638302828776924
19.612395619010353 0.6909769796425781
19.68294380469025 0.7402135320603948
19.75349199037014 0.7857675350390066
19.824040176050037 0.8274123582064339
19.89458836172993 0.8649408192922055
19.96513654740982 0.8981662148555718
20.035684733089717 0.9269232491318703
20.106232918769606 0.9510688563760628
20.176781104449503 0.9704829126123485
20.247329290129397 0.9850688332488341
20.31787747580929 0.99475405358421
20.388425661489183 0.9994903898158709
20.458973847169073 0.9992542787534963
20.52952203284897 0.9940468950455119
20.600070218528863 0.9838941453352352
20.670618404208756 0.9688465393757745
20.74116658988865 0.948978938744887
20.811714775568543 0.9243901844099324
20.882262961248436 0.8952026049957801
20.95281114692833 0.8615614082020302
21.023359332608223 0.8236339583972344
21.093907518288116 0.781608943984076
21.16445570396801 0.73569543867785
21.235003889647903 0.6861218613683685
21.305552075327796 0.6331348397399594
21.37610026100769 0.576997983303029
21.446648446687583 0.5179905719413357
21.517196632367476 0.45640616649942906
21.58774481804737 0.3925511483225572
21.658293003727263 0.32674319501480675
21.728841189407156 0.25930969999855097
21.79938937508705 0.1905861437378719
21.869937560766942 0.12091442472909016
21.940485746446836 0.05064115856169611
22.01103393212673 -0.01988404648817514
22.081582117806622 -0.09031032875283301
22.152130303486516 -0.16028731870372165
22.22267848916641 -0.22946688203372664
22.293226674846302 -0.29750485161929396
22.3637748605262 -0.36406273974588294
22.43432304620609 -0.4288094220784386
22.504871231885982 -0.4914227849992284
22.575419417565875 -0.5515913281174516
22.64596760324577 -0.6090157139782786
22.716515788925665 -0.663410257261478
22.78706397460556 -0.714504346060902
22.85761216028545 -0.7620437881740242
22.928160345965342 -0.8057920757037211
22.998708531645235 -0.8455315616809326
23.069256717325132 -0.881064542854556
23.139804903005025 -0.9122142432616714
23.210353088684915 -0.9388256936848884
23.28090127436481 -0.9607665026215045
23.3514494600447 -0.97792751492892
23.4219976457246 -0.9902233548695791
23.49254583140449 -0.9975928508537747
23.56309401708438 -0.9999993397672461
23.633642202764275 -0.997430849369532
23.70419038844417 -0.9899001578556578
23.774738574124065 -0.9774447302848404
23.845286759803958 -0.9601265321924678
23.915834945483848 -0.9380317213126423
23.98638313116374 -0.9112702189449469
24.056931316843638 -0.8799751630978984
24.12747950252353 -0.8443022461296746
24.198027688203425 -0.8044289401813337
24.268575873883314 -0.7605536142560092
24.339124059563208 -0.7128945473365617
24.409672245243105 -0.6616888424514483
24.480220430922998 -0.6071912470912851
24.55076861660289 -0.5496728858445011
24.62131680228278 -0.4894199115572429
24.691864987962678 -0.42673208172792754
24.76241317364257 -0.3619212672189355
24.832961359322464 -0.2953099007044678
24.903509545002358 -0.2272293725736184
24.974057730682247 -0.15801838226895684
25.044605916362144 -0.08802125326267866
25.115154102042037 -0.017586220053358838
25.18570228772193 0.05293630429465293
25.256250473401828 0.12319547145011464
25.326798659081714 0.19284174327921616
25.39734684476161 0.26152863079176414
25.467895030441504 0.32891441791780773
25.538443216121397 0.394663861539192
25.608991401801294 0.4584498593182179
25.679539587481184 0.5199550770260677
25.750087773161077 0.5788735272751013
25.82063595884097 0.6349120918007534
25.891184144520864 0.6877919797198131
25.96173233020076 0.7372501145102163
26.03228051588065 0.783040442812151
26.102828701560544 0.8249351585392649
26.173376887240437 0.8627258362099558
26.243925072920334 0.896224467860529
26.314473258600227 0.9252643983815352
26.385021444280117 0.9497011546240489
26.45556962996001 0.9694131641510677
26.526117815639903 0.9843023600582641
26.5966660013198 0.9942946688551345
26.667214186999693 0.9993403789793213
26.737762372679583 0.9994143881107735
26.808310558359477 0.9945163280553506
26.87885874403937 0.9846705665765813
26.949406929719267 0.9699260861664643
27.01995511539916 0.950356240358426
27.090503301079053 0.9260583887947641
27.161051486758943 0.8971534128641254
27.23159967243884 0.863785114318693
27.302147858118733 0.8261194998629877
27.372696043798626 0.7843439552733864
27.44324422947852 0.7386663131571538
27.51379241515841 0.6893138189888394
27.584340600838306 0.6365320005679838
27.6548887865182 0.5805834465226146
27.725436972198093 0.5217464999353671
27.79598515787799 0.4603138735915018
27.866533343557876 0.3965911937379081
27.937081529237773 0.33089547959779825
28.007629714917666 0.2635535662056531
28.07817790059756 0.19490047840856534
28.148726086277456 0.12527776412347205
28.219274271957346 0.055031795142226746
28.28982245763724 -0.015487956062072076
28.360370643317133 -0.08593065495451707
28.430918828997026 -0.15594585033411487
28.501467014676923 -0.22518521782241166
28.572015200356812 -0.29330429277119635
28.642563386036706 -0.35996418396816493
28.7131115717166 -0.4248332596147689
28.783659757396492 -0.4875887971886588
28.85420794307639 -0.5479185889826153
28.92475612875628 -0.6055224953324443
28.995304314436172 -0.6601139378066125
29.065852500116065 -0.7114213249289265
29.136400685795962 -0.7591894033414176
29.206948871475856 -0.8031805276853423
29.277497057155745 -0.8431758428827192
29.34804524283564 -0.8789763729365304
29.418593428515532 -0.9104040108328347
29.48914161419543 -0.9373024046200711
29.559689799875322 -0.9595377352572894
29.630237985555212 -0.9769993823615576
29.700786171235105 -0.9896004745424393
29.771334356915 -0.9972783215856449
29.841882542594895 -0.9999947263357613
29.91243072827479 -0.9977361747264328
29.98297891395468 -0.9905139030126087
30.05352709963457 -0.9783638418703667
30.12407528531447 -0.9613464376424272
30.19462347099436 -0.939546351618652
30.265171656674255 -0.9130720388475962
30.335719842354145 -0.8820552085745343
30.406268028034038 -0.8466501689902496
30.476816213713935 -0.8070330595504778
30.547364399393828 -0.763400974685183
30.61791258507372 -0.715970983257188
30.68846077075361 -0.6649790486483703
30.759008956433505 -0.6106788548459313
30.8295571421134 -0.5533405443689883
30.900105327793295 -0.49324937431424387
30.970653513473188 -0.43070429720688097
31.041201699153078 -0.366016473716967
31.111749884832975 -0.2995077246405166
31.182298070512868 -0.2315089298466657
31.25284625619276 -0.16235838215604786
31.323394441872654 -0.09240010433991619
31.393942627552544 -0.021982137612843913
31.46449081323244 0.04854518986627854
31.535038998912334 0.11883100587070133
31.605587184592228 0.18852563968907216
31.676135370272124 0.2572823617311251
31.74668355595201 0.32475910850134093
31.817231741631907 0.3906201843589347
31.8877799273118 0.4545379315977586
31.958328112991694 0.5161943605377382
32.02887629867159 0.5752827315179786
32.09942448435148 0.6315090809212284
32.16997267003137 0.6845936836377854
32.24052085571127 0.734272444693033
32.311069041391164 0.7802982131153331
32.381617227071054 0.822442011507821
32.452165412750944 0.8604941752069767
32.52271359843084 0.8942653953606663
32.59326178411074 0.923587660736381
32.66380996979063 0.9483150935742042
32.734358155470524 0.9683246753261329
32.804906341150414 0.9835168586711973
32.87545452683031 0.9938160627616663
32.9460027125102 0.9991710492364367
33.0165508981901 0.9995551771309967
33.08709908386999 0.9949665354157562
33.15764726954988 0.9854279525033872
33.22819545522977 0.9709868826778661
33.29874364090967 0.9517151700102409
33.36929182658956 0.9277086909356271
33.43984001226946 0.8990868772696039
33.51038819794935 0.8659921220370261
33.58093638362924 0.8285890710691829
33.65148456930913 0.7870638038936777
33.72203275498903 0.7416229079919875
33.79258094066893 0.6924924510303663
33.86312912634881 0.6399168561771343
33.933677312028706 0.5841576861016309
34.0042254977086 0.52549234170455
34.07477368338849 0.4642126820532518
34.14532186906839 0.4006235723879678
34.21587005474828 0.33504136742258
34.286418240428176 0.2677923374853744
34.356966426108066 0.19921104532988862
34.42751461178796 0.12963868169098217
34.49806279746786 0.05942136786691637
34.56861098314775 -0.011091566228100806
34.63915916882764 -0.08154931997417265
34.709707354507536 -0.15160136727267812
34.78025554018743 -0.22089920040749755
34.85080372586732 -0.2890980638648495
34.92135191154721 -0.3558586694859852
34.99190009722711 -0.42084888441985874
35.062448282907 -0.48374538347826157
35.132996468586896 -0.5442352576730521
35.20354465426679 -0.6020175709328807
