0.0 0.0
0.059426125378219244 0.059391154679535214
0.11885225075643849 0.11857263332816616
0.17827837613465775 0.17733550016053815
0.23770450151287698 0.23547229726901403
0.2971306268910962 0.2927777770383056
0.3565567522693155 0.34904962675683276
0.4159828776475347 0.4040891828666247
0.47540900302575395 0.45770213233015766
0.5348351284039732 0.5096991986380045
0.5942612537821924 0.5598968100353994
0.6536873791604118 0.608117747608592
0.713113504538631 0.6541917709429721
0.7725396299168502 0.697956219144124
0.8319657552950694 0.7392565850999526
0.8913918806732886 0.7779470609564898
0.9508180060515079 0.813891052881621
1.0102441314297272 0.8469616632993958
1.0696702568079464 0.8770421388924323
1.1290963821861657 0.9040262827907742
1.1885225075643848 0.9278188294919996
1.2479486329426042 0.9483357811889549
1.3073747583208235 0.9655047043177314
1.3668008836990426 0.979264985278948
1.426227009077262 0.9895680444295306
1.485653134455481 0.9963775075895107
1.5450792598337004 0.9996693344583472
1.6045053852119195 0.9994319034874103
1.6639315105901389 0.9956660529089901
1.7233576359683582 0.9883850777769804
1.7827837613465771 0.977614683029684
1.8422098867247965 0.9633928927404514
1.9016360121030158 0.9457699158765316
1.9610621374812351 0.9248079690400682
2.0204882628594545 0.9005810568170373
2.0799143882376736 0.87317471050959
2.1393405136158927 0.8426856861741849
2.198766638994112 0.8092216230315664
2.2581927643723314 0.7729006634545423
2.3176188897505505 0.7338510358751726
2.3770450151287696 0.6922106020838753
2.436471140506989 0.6481263705186844
2.4958972658852083 0.6017539772629521
2.5553233912634274 0.5532571365837917
2.614749516641647 0.5028070629510996
2.6741756420198657 0.4505818665776721
2.7336017673980852 0.39676592461441273
2.7930278927763044 0.34154923022059236
2.852454018154524 0.285126721807201
2.911880143532743 0.2276975948214677
2.971306268910962 0.16946459850222462
3.0307323942891817 0.11063332008888038
3.090158519667401 0.05141145901104444
3.1495846450456204 -0.007991906378782495
3.209010770423839 -0.06736705694069514
3.268436895802058 -0.1265043731451312
3.3278630211802778 -0.18519507511894312
3.387289146558497 -0.24323195972713035
3.4467152719367165 -0.3004101320880172
3.5061413973149356 -0.35652772893930934
3.5655675226931542 -0.4113866313012503
3.624993648071374 -0.4647931639208667
3.684419773449593 -0.5165587790279639
3.7438458988278125 -0.5665007219889352
3.8032720242060316 -0.6144426765083282
3.8626981495842507 -0.6602153871003446
3.9221242749624703 -0.703657256632677
3.9815504003406894 -0.7446149168331004
4.040976525718909 -0.7829437697446927
4.100402651097128 -0.8185084982181071
4.159828776475347 -0.8511835436386522
4.219254901853566 -0.8808535492015924
4.2786810272317854 -0.9074137671707215
4.3381071526100055 -0.9307704286824143
4.397533277988224 -0.9508410747895863
4.456959403366443 -0.9675548475768444
4.516385528744663 -0.9808527403190561
4.575811654122882 -0.9906878058001815
4.635237779501101 -0.99702532205691
4.69466390487932 -0.999842914961955
4.754090030257539 -0.9991306372142373
4.813516155635758 -0.9948910034570881
4.872942281013978 -0.9871389814004885
4.9323684063921975 -0.9759019389786886
4.991794531770417 -0.9612195477297621
5.051220657148636 -0.9431436427382073
5.110646782526855 -0.9217380396350566
5.170072907905075 -0.8970783093015631
5.229499033283294 -0.8692515110718553
5.288925158661512 -0.8383558853764668
5.348351284039731 -0.8045005069118402
5.4077774094179505 -0.7678048995602701
5.4672035347961705 -0.7283986144197706
5.52662966017439 -0.6864207724336133
5.586055785552609 -0.6420195732342361
5.645481910930828 -0.5953517719355231
5.704908036309048 -0.5465821257205953
5.764334161687267 -0.495882812178897
5.823760287065486 -0.44343282144608587
5.883186412443705 -0.3894173242927448
5.942612537821924 -0.3340270183928212
6.002038663200144 -0.27745745507974645
6.0614647885783635 -0.21990834896707842
6.120890913956583 -0.16158287287098563
6.180317039334802 -0.1026869405238146
6.23974316471302 -0.04342847961105391
6.299169290091241 0.01598330230181773
6.358595415469459 0.07533865636098573
6.418021540847678 0.1344280329269628
6.477447666225897 0.1930428213739096
6.536873791604116 0.25097608657385695
6.596299916982336 0.3080232994657024
6.6557260423605555 0.3639830591297642
6.715152167738775 0.4186578038186748
6.774578293116994 0.47185450843435467
6.834004418495213 0.5233853659886893
6.893430543873433 0.5730684506420595
6.952856669251652 0.6207283599789116
7.012282794629871 0.6661968342528766
7.07170892000809 0.7093133504152195
7.1311350453863085 0.7499256888294615
7.190561170764529 0.7878904706714285
7.249987296142748 0.8230736641174603
7.309413421520967 0.8553510575337545
7.368839546899186 0.8846086979962431
7.428265672277405 0.9107432935928746
7.487691797655625 0.9336625780879859
7.547117923033844 0.953285636661347
7.606544048412063 0.9695431915718862
7.665970173790282 0.9823778467375733
7.7253962991685015 0.9917442903679964
7.7848224245467215 0.9976094549342496
7.844248549924941 0.9999526339113713
7.90367467530316 0.9987655548811835
7.963100800681379 0.9940524087374435
8.022526926059598 0.9858298348902089
8.081953051437818 0.9741268625216433
8.141379176816036 0.95898480810066
8.200805302194256 0.9404571295182164
8.260231427572474 0.9186092373582294
8.319657552950694 0.8935182639703962
8.379083678328914 0.8652727911602047
8.438509803707133 0.8339725374574909
8.497935929085353 0.7997280060676224
8.557362054463571 0.7626600947482008
8.61678817984179 0.7228996689885612
8.676214305220011 0.6805870999989482
8.73564043059823 0.635871769140463
8.795066555976447 0.5889115405453222
8.854492681354667 0.5398722037893514
8.913918806732886 0.4889268885842865
8.973344932111106 0.43625545355626183
9.032771057489326 0.3820438512683886
9.092197182867544 0.3264834717291304
9.151623308245764 0.2697704667041836
9.211049433623982 0.21210505721734618
9.270475559002202 0.15369082668515058
9.329901684380422 0.09473400218084546
9.38932780975864 0.03544272636512821
9.44875393513686 -0.023973677345961168
9.508180060515079 -0.08330544378169685
9.567606185893299 -0.14234310657693236
9.627032311271517 -0.20087823767742677
9.686458436649737 -0.25870418317951993
9.745884562027957 -0.3156167929062758
9.805310687406175 -0.3714151411444227
9.864736812784395 -0.425902235997566
9.924162938162613 -0.4788857148513374
9.983589063540833 -0.5301785234952351
10.043015188919053 -0.5795995765035168
10.102441314297272 -0.6269743965437599
10.161867439675492 -0.6721357303560426
10.22129356505371 -0.7149241392280625
10.28071969043193 -0.7551885618815999
10.34014581581015 -0.7927868477830562
10.399571941188368 -0.8275862589952886
10.458998066566588 -0.8594639387989755
10.518424191944804 -0.8883073454290696
10.577850317323024 -0.9140146493950955
10.637276442701246 -0.9364950929825416
10.696702568079463 -0.9556693106661889
10.756128693457683 -0.971469609304169
10.815554818835901 -0.9838402071235316
10.874980944214121 -0.992737430653629
10.934407069592341 -0.9981298689120351
10.99383319497056 -0.999998484298673
11.05325932034878 -0.9983366798066368
11.112685445726997 -0.9931503223124324
11.172111571105217 -0.9844577218634074
11.231537696483437 -0.9722895670354993
11.290963821861656 -0.9566888165895124
11.350389947239876 -0.9377105478084233
11.409816072618096 -0.9154217620511541
11.469242197996314 -0.8899011482092832
11.528668323374534 -0.8612388049017953
11.588094448752752 -0.8295359223886483
11.647520574130972 -0.7949044253261202
11.706946699509192 -0.7574665776251854
11.76637282488741 -0.7173545508079159
11.82579895026563 -0.674709957385801
11.885225075643849 -0.629683350907373
11.944651201022069 -0.5824336944401505
12.004077326400289 -0.5331277993634232
12.063503451778507 -0.4819397364531469
12.122929577156727 -0.4290502213380785
12.182355702534945 -0.3746459764967725
12.241781827913165 -0.3189190720478185
12.301207953291385 -0.2620662476606602
12.360634078669603 -0.2042882179808981
12.420060204047823 -0.14578896402223498
12.47948632942604 -0.08677501302677305
12.53891245480426 -0.027454709336006484
12.598338580182482 0.031962521153276996
12.657764705560698 0.09126691035146939
12.717190830938918 0.1502490885467197
12.776616956317136 0.20870082356901687
12.836043081695356 0.2664157559383193
12.895469207073576 0.32319012740125574
12.954895332451795 0.3788235002844088
13.014321457830015 0.4331194651245395
13.073747583208233 0.4858863340774996
13.133173708586453 0.5369378176578462
13.192599833964673 0.5860936824199297
13.252025959342891 0.6331803872586027
13.311452084721111 0.6780316960831201
13.37087821009933 0.7204892647012182
13.43030433547755 0.7604031998414565
13.48973046085577 0.7976325883401962
13.549156586233988 0.8320459946249926
13.608582711612208 0.8635219247380582
13.668008836990426 0.8919492552615905
13.727434962368646 0.9172276256306965
13.786861087746866 0.9392677924488575
13.846287213125084 0.9579919445550703
13.905713338503304 0.9733339777303348
13.965139463881522 0.9852397280736523
14.024565589259742 0.9936671632236328
14.083991714637962 0.9985865307506
14.14341784001618 0.9999804631953226
14.2028439653944 0.9978440393835292
14.262270090772617 0.9921848017997466
14.321696216150839 0.9830227299591208
14.381122341529059 0.9703901698712355
14.440548466907275 0.9543317198449419
14.499974592285495 0.9349040730373618
14.559400717663713 0.9121758173029405
14.618826843041933 0.8862271930491498
14.678252968420153 0.8571498099537328
14.737679093798372 0.8250463235435858
14.797105219176592 0.7900300727770917
14.85653134455481 0.7522246799094099
14.91595746993303 0.7117636140533384
14.97538359531125 0.6687897199765992
15.034809720689468 0.6234547137990623
15.094235846067688 0.5759186473703248
15.153661971445906 0.5263493432186326
15.213088096824126 0.4749218020659805
15.272514222202346 0.421817585001159
15.331940347580565 0.3672241724919013
15.391366472958785 0.3113343024991046
15.450792598337003 0.254345290029882
15.510218723715223 0.19645833053166953
15.569644849093443 0.13787778958675462
15.629070974471661 0.07881048141486303
15.688497099849881 0.01946493873101437
15.7479232252281 -0.03994932346362392
15.80734935060632 -0.09922254755879678
15.86677547598454 -0.15814547386870859
15.926201601362758 -0.2165100794077027
15.985627726740978 -0.27411031229986366
16.045053852119196 -0.33074281922974647
16.104479977497416 -0.3862076633660655
16.163906102875636 -0.44030903022371637
16.223332228253852 -0.4928559189721781
16.282758353632072 -0.5436628167496749
16.342184479010292 -0.5925503536024448
16.401610604388512 -0.6393459357369627
16.461036729766732 -0.6838843548494205
16.52046285514495 -0.7260083713812879
16.57988898052317 -0.7655692696418279
16.63931510590139 -0.8024273828377075
16.69874123127961 -0.8364525861561792
16.75816735665783 -0.8675247561610003
16.817593482036045 -0.8955341948792414
16.877019607414265 -0.9203820170817837
16.936445732792485 -0.9419804993902176
16.995871858170705 -0.9602533899776771
17.055297983548925 -0.975136177770212
17.114724108927142 -0.98657632019831
17.174150234305362 -0.9945334286945123
17.23357635968358 -0.9989794112822273
17.2930024850618 -0.9998985717523569
17.352428610440022 -0.9972876650775864
17.41185473581824 -0.9911559088687137
17.47128086119646 -0.9815249508325606
17.530706986574675 -0.9684287923463656
17.590133111952895 -0.9519136684184596
17.649559237331115 -0.9320378844590306
17.708985362709335 -0.9088716104372299
17.768411488087555 -0.8824966331513433
17.82783761346577 -0.8530060674866167
17.88726373884399 -0.8205040276801088
17.94668986422221 -0.7851052597531721
18.00611598960043 -0.7469347364091979
18.06554211497865 -0.7061272158268324
18.124968240356868 -0.6628267659063054
18.184394365735088 -0.6171862556484704
18.243820491113308 -0.5693668154622427
18.303246616491528 -0.5195372683057279
18.362672741869748 -0.46787353366939416
18.422098867247964 -0.41455800650546765
18.481524992626184 -0.35977891329617856
18.540951118004404 -0.3037296475342587
18.600377243382624 -0.24660808696166256
18.659803368760844 -0.18861589497699796
18.71922949413906 -0.12995780867797932
18.77865561951728 -0.07084091605239817
18.8380817448955 -0.011473924869487435
18.89750787027372 0.047933574147266726
18.95693399565194 0.10717184726449956
19.016360121030157 0.16603175818822802
19.075786246408377 0.22430550640391347
19.135212371786597 0.28178736080062
19.194638497164817 0.3382743859893329
19.254064622543034 0.3935671587511696
19.313490747921254 0.44747047208615576
19.372916873299474 0.49979402437692333
19.432342998677694 0.5503530912343553
19.491769124055914 0.5989691776532255
19.55119524943413 0.6454706481754672
19.61062137481235 0.6896933328363334
19.67004750019057 0.7314811067541679
19.72947362556879 0.7706864413176363
19.78889975094701 0.807170925024455
19.848325876325227 0.8408057521328495
19.907752001703447 0.871472177400602
19.967178127081667 0.8990619353062393
20.026604252459887 0.9234776222723688
20.086030377838107 0.9446330405417237
20.145456503216323 0.9624535024918991
20.204882628594543 0.9768760943144225
20.264308753972763 0.9878498981272442
20.323734879350983 0.9953361717365172
20.383161004729203 0.9993084854130144
20.44258713010742 0.9997528152003122
20.50201325548564 0.996667592425319
20.56143938086386 0.990063709236359
20.62086550624208 0.9799644801492567
20.6802916316203 0.9664055597371823
20.739717756998516 0.9494348167548478
20.799143882376736 0.9291121651414433
20.858570007754956 0.9055093524989613
20.917996133133176 0.8787097067926474
20.977422258511396 0.8488078421678517
21.03684838388961 0.8159093249218657
21.09627450926783 0.7801303008099884
21.15570063464605 0.7415970850016433
21.21512676002427 0.7004457161341038
21.274552885402493 0.6568214760382555
21.333979010780705 0.6108783768319719
21.393405136158925 0.5627786171918101
21.452831261537145 0.5126920097227539
21.512257386915365 0.46079538144748405
21.571683512293585 0.4072719495318024
21.631109637671802 0.35231067445012987
21.690535763050022 0.29610559287466715
21.749961888428242 0.23885513264345132
21.809388013806462 0.18076141222569714
21.868814139184682 0.12202952715765715
21.9282402645629 0.06286682596816955
21.98766638994112 0.00348217815016644
22.04709251531934 -0.05591476323743247
22.10651864069756 -0.11511430173418277
22.16594476607578 -0.17390743779578632
22.225370891453995 -0.232086606651352
22.284797016832215 -0.2894464110953135
22.344223142210435 -0.3457843466268852
22.403649267588655 -0.4009015163770746
22.463075392966875 -0.45460333329920377
22.52250151834509 -0.5067002071439245
22.58192764372331 -0.5570082137934308
22.64135376910153 -0.6053497445917859
22.70077989447975 -0.651554133379015
22.76020601985797 -0.6954582590152187
22.81963214523619 -0.736907121267561
22.879058270614408 -0.7757543880269998
22.938484395992628 -0.8118629119228657
22.997910521370848 -0.8451052145113855
23.057336646749068 -0.8753639363288058
23.116762772127288 -0.9025322512202026
23.176188897505504 -0.9265142434812325
23.235615022883724 -0.9472252464813602
23.295041148261944 -0.9645921415730595
23.354467273640164 -0.9785536162317361
23.413893399018384 -0.9890603805150108
23.4733195243966 -0.9960753410771744
23.53274564977482 -0.9995737321244736
23.59217177515304 -0.9995432028488909
23.65159790053126 -0.9959838610317511
23.71102402590948 -0.9889082726632067
23.770450151287697 -0.97834141757895
23.829876276665917 -0.9643206012707682
23.889302402044137 -0.9468953231822981
23.948728527422357 -0.9261271019549382
24.008154652800577 -0.9020892582408867
24.067580778178794 -0.874866655850062
24.127006903557014 -0.8445554021447607
24.186433028935234 -0.8112625087398108
24.245859154313454 -0.7751055137060601
24.305285279691674 -0.7362120666110077
24.36471140506989 -0.6947194778615522
24.42413753044811 -0.650774233939857
24.48356365582633 -0.6045314802437931
24.54298978120455 -0.5561544733577019
24.60241590658277 -0.5058140046872335
24.661842031960987 -0.4536877974930625
24.721268157339207 -0.39995987945219175
24.780694282717427 -0.3448199329620175
24.840120408095647 -0.2884626254807955
24.899546533473867 -0.23108692226873778
24.95897265885208 -0.17289538395604556
25.0183987842303 -0.11409345141772168
25.07782490960852 -0.05488872047996407
25.137251034986743 0.004509790981407939
25.196677160364963 0.06389238096291476
25.256103285743176 0.12304940367067463
25.315529411121396 0.18177200965921766
25.374955536499616 0.23985288315879846
25.434381661877836 0.2970869739882485
25.493807787256056 0.3532722214693021
25.553233912634273 0.40821026778670944
25.612660038012493 0.4617071582756852
25.672086163390713 0.5135740261643309
25.731512288768933 0.5636277593536648
25.790938414147153 0.6116916468811923
25.85036453952537 0.6575960027857438
25.90979066490359 0.7011787651710845
25.96921679028181 0.7422860683533041
26.02864291566003 0.7807727860721216
26.08806904103825 0.8165030438482924
26.147495166416466 0.8493506986782963
26.206921291794686 0.8791997843727875
26.266347417172906 0.9059449209665431
26.325773542551126 0.92949168675456
26.385199667929346 0.9497569516408209
26.444625793307562 0.966669170622883
26.504051918685782 0.9801686363761635
26.563478044064002 0.9902076900461774
26.622904169442222 0.9967508895045655
26.682330294820442 0.9997751344748765
26.74175642019866 0.9992697480863668
26.80118254557688 0.9952365145678927
26.8606086709551 0.9876896729488255
26.92003479633332 0.9766558667892218
26.97946092171154 0.9621740501167276
27.038887047089755 0.9442953499022974
27.098313172467975 0.9230828855602409
27.157739297846195 0.8986115461098573
27.217165423224415 0.8709677257853481
27.276591548602635 0.8402490190274332
27.33601767398085 0.8065638759334781
27.39544379935907 0.7700312193825252
27.45486992473729 0.7307800251869735
27.51429605011551 0.6889488667531085
27.57372217549373 0.6446854258580548
27.633148300871948 0.598145971270306
27.692574426250168 0.549494807054512
27.752000551628388 0.4989036925082793
27.811426677006608 0.4465512357788028
27.870852802384828 0.3926222633001593
27.930278927763045 0.337307167277405
27.989705053141265 0.2808012335211177
28.049131178519485 0.2233039520054641
28.108557303897705 0.16501831258374883
28.167983429275925 0.10615008834791807
28.22740955465414 0.04690710916204778
28.28683568003236 -0.012501472065466108
28.34626180541058 -0.07186591778059112
28.4056879307888 -0.13097664624642483
28.46511405616702 -0.18962497145584284
28.524540181545234 -0.24760383988183673
28.583966306923458 -0.3047085614645406
28.643392432301678 -0.3607375322541275
28.702818557679898 -0.4154929461585288
28.762244683058118 -0.4687814932830312
28.82167080843633 -0.5204150423964039
28.88109693381455 -0.5702113051141683
28.94052305919277 -0.617994479454072
28.99994918457099 -0.6635958704918686
29.059375309949214 -0.706854485926129
29.118801435327427 -0.7476176044495105
29.178227560705647 -0.7857413149199476
29.237653686083867 -0.8210910244281387
29.297079811462087 -0.8535419334677723
29.356505936840307 -0.8829794765308465
29.415932062218523 -0.9092997265726283
29.475358187596743 -0.9324097619183203
29.534784312974963 -0.9522279943160759
29.594210438353183 -0.9686844569782292
29.653636563731403 -0.9817210515938055
