0.0 0.0
0.10018433715863335 0.10001683119026597
0.2003686743172667 0.1990306426616952
0.3005530114759001 0.2960484734880002
0.4007373486345334 0.39009737945329753
0.5009216857931668 0.4802341902321971
0.6011060229518002 0.5655549679821542
0.7012903601104336 0.6452040724925037
0.8014746972690668 0.7183827419802451
0.9016590344277002 0.7843571034799895
1.0018433715863335 0.8424655324957954
1.102027708744967 0.892125288108561
1.2022120459036003 0.9328383569987332
1.3023963830622336 0.9641964477775007
1.402580720220867 0.9858850855407711
1.5027650573795004 0.9976867655836624
1.6029493945381337 0.9994831346484526
1.7031337316967672 0.9912561778313213
1.8033180688554005 0.9730883992449804
1.9035024060140338 0.9451619946254144
2.003686743172667 0.9077570241802534
2.1038710803313005 0.861248604002384
2.204055417489934 0.8061031442147345
2.3042397546485676 0.742873671572033
2.4044240918072006 0.6721942834268706
2.5046084289658337 0.5947737886785218
2.604792766124467 0.511388599476327
2.7049771032831007 0.4228749449632557
2.805161440441734 0.33012048514419273
2.9053457776003677 0.23405540897935015
3.005530114759001 0.13564310597565632
3.105714451917634 0.03587050482615316
3.2058987890762674 -0.06426182401355109
3.306083126234901 -0.16374970255537102
3.4062674633935344 -0.2615954156870088
3.5064518005521674 -0.35681771676720625
3.606636137710801 -0.448461668066786
3.706820474869434 -0.5356082173705182
3.8070048120280675 -0.6173834147007851
3.907189149186701 -0.6929671767330305
4.007373486345334 -0.7616015110089852
4.107557823503968 -0.8225981174710619
4.207742160662601 -0.875345291085862
4.307926497821234 -0.9193140563337766
4.408110834979868 -0.9540634720448875
4.508295172138501 -0.9792450533815773
4.608479509297135 -0.9946062666219557
4.708663846455767 -0.9999930616966292
4.808848183614401 -0.9953514170812511
4.909032520773034 -0.9807278815518791
5.009216857931667 -0.9562691073701425
5.109401195090301 -0.9222203795796773
5.209585532248934 -0.8789231561627927
5.309769869407568 -0.8268116437259282
5.409954206566201 -0.7664084430546778
5.5101385437248345 -0.6983193082069643
5.610322880883468 -0.6232270717028543
5.7105072180421015 -0.5418847967323024
5.810691555200735 -0.45510822505396487
5.9108758923593685 -0.36376759632141553
6.011060229518002 -0.2687789208767071
6.111244566676635 -0.17109479353216647
6.211428903835268 -0.0716948404644873
6.311613240993902 0.028424104975465915
6.411797578152535 0.12825799901515503
6.511981915311168 0.22680565652265466
6.612166252469802 0.3230787914010272
6.712350589628435 0.4161119276246053
6.812534926787069 0.5049720815242724
6.912719263945702 0.5887681182228314
7.012903601104335 0.6666596883893874
7.113087938262969 0.7378656556904017
7.213272275421602 0.801671930422652
7.313456612580236 0.8574386307684458
7.413640949738868 0.9046064998563572
7.513825286897501 0.9427025142739511
7.614009624056135 0.9713446277874566
7.714193961214768 0.9902456026959647
7.814378298373402 0.9992158903973772
7.914562635532035 0.9981655322783178
8.014746972690668 0.9871050618649212
8.1149313098493 0.9661453991872688
8.215115647007936 0.935496738416837
8.315299984166568 0.8954664399323045
8.415484321325202 0.8464559479531382
8.515668658483834 0.7889567646525237
8.615852995642468 0.7235455211232581
8.716037332801102 0.6508781946274959
8.816221669959736 0.5716835301226908
8.916406007118368 0.486755732036036
9.016590344277002 0.3969464995779968
9.116774681435635 0.3031564854688935
9.21695901859427 0.20632626373473123
9.317143355752902 0.10742689715188024
9.417327692911535 0.007450198934998577
9.517512030070169 -0.09260121367097447
9.617696367228803 -0.19172397414715237
9.717880704387436 -0.2889240289711434
9.818065041546069 -0.3832266064920124
9.918249378704703 -0.4736859924368257
10.018433715863335 -0.5593950140149935
10.11861805302197 -0.6394941375090244
10.218802390180603 -0.7131800881163627
10.318986727339237 -0.7797139055982122
10.419171064497869 -0.8384283549491263
10.519355401656503 -0.8887346177694558
10.619539738815137 -0.9301281972361224
10.719724075973769 -0.9621939774536885
10.819908413132403 -0.9846103864479652
10.920092750291035 -0.9971526210535323
11.020277087449669 -0.9996949013543708
11.120461424608303 -0.9922117320689141
11.220645761766937 -0.9747781582297171
11.320830098925569 -0.9475690125936516
11.421014436084203 -0.9108571623299808
11.521198773242835 -0.865010772569427
11.62138311040147 -0.810489614256738
11.721567447560103 -0.7478404533335161
11.821751784718737 -0.6776915674908905
11.92193612187737 -0.600746445480879
12.022120459036003 -0.5177767321729062
12.122304796194637 -0.4296144901060855
12.22248913335327 -0.3371438551423283
12.322673470511903 -0.24129216990165067
12.422857807670535 -0.14302068389812259
12.52304214482917 -0.04331491364019123
12.623226481987803 0.05682524063074865
12.723410819146437 0.15639552244920243
12.82359515630507 0.2543973903208468
12.923779493463703 0.3498480316051697
13.023963830622336 0.44179021866113544
13.124148167780971 0.529301908413472
13.224332504939603 0.6115054890701808
13.324516842098237 0.6875765812605495
13.42470117925687 0.7567523053312981
13.524885516415502 0.8183389318922635
13.625069853574137 0.871718838888018
13.72525419073277 0.9163567054263717
13.825438527891404 0.9518048802489144
13.925622865050036 0.9777078710058009
14.02580720220867 0.9938059093140827
14.125991539367304 0.9999375558473417
14.226175876525938 0.9960413193314731
14.32636021368457 0.9821562732104984
14.426544550843204 0.9584216637981678
14.526728888001836 0.9250755138450149
14.626913225160472 0.8824522355249913
14.727097562319104 0.8309792767798881
14.827281899477736 0.7711728346536797
14.92746623663637 0.7036326786056861
15.027650573795002 0.6290361357169948
15.127834910953638 0.5481312981095371
15.22801924811227 0.4617295206973251
15.328203585270904 0.3706972845061543
15.428387922429536 0.275947507160621
15.52857225958817 0.1784303876812464
15.628756596746804 0.07912387740480165
15.728940933905438 -0.020976127409746
15.82912527106407 -0.12086577293609585
15.929309608222704 -0.2195433149380244
16.029493945381336 -0.31601916477073305
16.12967828253997 -0.4093258134797608
16.2298626196986 -0.4985275344734885
16.330046956857238 -0.5827297674659604
16.430231294015872 -0.6610880895829724
16.530415631174503 -0.7328166836647233
16.630599968333136 -0.7971962188404814
16.73078430549177 -0.8535810643448781
16.830968642650404 -0.9014057642320349
16.93115297980904 -0.9401907080557558
17.03133731696767 -0.9695469406473328
17.131521654126306 -0.9891800627560654
17.231705991284937 -0.9988931834348668
17.33189032844357 -0.998588894562962
17.432074665602205 -0.9882702477041233
17.532259002760835 -0.9680407235040387
17.632443339919472 -0.9381031939336916
17.732627677078103 -0.8987578877859301
17.832812014236737 -0.8503993798282196
17.93299635139537 -0.7935126338059414
18.033180688554005 -0.7286681389789709
18.13336502571264 -0.6565161889648466
18.23354936287127 -0.577780360263201
18.333733700029903 -0.49325025586211424
18.43391803718854 -0.4037735866972415
18.53410237434717 -0.3102476703748409
18.634286711505805 -0.21361043241381047
18.734471048664435 -0.11483100025096257
18.83465538582307 -0.014899984337508693
18.934839722981707 0.08518045620701356
19.035024060140337 0.184406663756758
19.13520839729897 0.28178354736940714
19.235392734457605 0.3763345620648776
19.33557707161624 0.4671115021157235
19.435761408774873 0.5532040101370619
19.535945745933503 0.6337487066140438
19.636130083092137 0.7079378483113343
19.736314420250775 0.7750274287336218
19.836498757409405 0.8343446394016548
19.93668309456804 0.8852946171183319
20.03686743172667 0.9273664095597663
20.137051768885303 0.960138099365419
20.23723610604394 0.9832810353402504
20.33742044320257 0.9965631283362789
20.437604780361205 0.9998511787607592
20.537789117519836 0.9931122123695261
20.637973454678473 0.9764138109495089
20.738157791837107 0.9499234345741585
20.838342128995738 0.9139067422285457
20.93852646615437 0.8687249276457627
21.038710803313005 0.8148310970722297
21.13889514047164 0.7527657252874973
21.239079477630273 0.6831512354479099
21.339263814788904 0.6066857571102151
21.439448151947538 0.5241361250328203
21.53963248910617 0.4363301889663246
21.639816826264806 0.3441485115546104
21.74000116342344 0.24851553760420733
21.84018550058207 0.15039032328098342
21.940369837740707 0.050756918206476834
22.040554174899338 -0.04938550309281822
22.140738512057972 -0.14903266141650287
22.240922849216606 -0.2471852443135065
22.34110718637524 -0.34285892769628457
22.441291523533874 -0.4350942471440526
22.541475860692504 -0.522966219900622
22.641660197851138 -0.6055936210725581
22.741844535009772 -0.6821478210011754
22.842028872168406 -0.7518610951827641
22.94221320932704 -0.81403432340089
23.04239754648567 -0.8680440008599645
23.142581883644304 -0.9133484910088752
23.24276622080294 -0.9494934573481498
23.342950557961572 -0.9761164197477556
23.443134895120206 -0.992950389582453
23.543319232278836 -0.9998265472296874
23.643503569437474 -0.9966759350787457
23.743687906596108 -0.9835301490727925
23.84387224375474 -0.9605210218486625
23.944056580913372 -0.9278793006520366
24.044240918072006 -0.8859323332865535
24.14442525523064 -0.8351007853033238
24.244609592389274 -0.775894421352551
24.344793929547905 -0.7089069930040138
24.44497826670654 -0.6348102843039338
24.545162603865172 -0.5543473747824548
24.645346941023806 -0.4683251874736755
24.74553127818244 -0.3776063966805246
24.84571561534107 -0.28310077663751854
24.94589995249971 -0.18575607783139977
25.04608428965834 -0.08654852247663138
25.146268626816973 0.013526985538179364
25.246452963975607 0.11346683805311326
25.34663730113424 0.21226878733069277
25.446821638292874 0.3089419971066056
25.547005975451505 0.40251697920036383
25.64719031261014 0.4920553160365234
25.747374649768773 0.5766590715740194
25.847558986927407 0.6554797962660917
25.94774332408604 0.7277270357444274
26.04792766124467 0.7926762578981198
26.148111998403305 0.8496761188506678
26.248296335561943 0.8981549949680685
26.348480672720573 0.9376267153917314
26.448665009879207 0.9676954376074544
26.548849347037837 0.9880596171557313
26.649033684196475 0.9985150316731696
26.74921802135511 0.9989568289383486
26.84940235851374 0.9893805783832996
26.949586695672373 0.9698823155254938
27.049771032831003 0.9406575788747681
27.14995536998964 0.9019994489735602
27.250139707148275 0.8542956092359832
27.350324044306905 0.7980244580611036
27.45050838146554 0.7337503112101581
27.550692718624173 0.6621177425607223
27.650877055782807 0.5838451199915946
27.75106139294144 0.49971740122386643
27.85124573010007 0.4105782618651423
27.95143006725871 0.31732163460087065
28.05161440441734 0.22088274438215647
28.151798741575973 0.12222872951362253
28.251983078734607 0.022348942697991963
28.352167415893238 -0.0777549706966765
28.452351753051875 -0.1770791176468625
28.552536090210506 -0.2746274250240387
28.65272042736914 -0.36942162872332385
28.752904764527774 -0.4605110841940893
28.853089101686408 -0.5469822999876661
28.95327343884504 -0.6279680987148032
29.053457776003672 -0.7026563135421522
29.153642113162306 -0.7702979330148962
29.253826450320943 -0.8302146125250539
29.354010787479574 -0.8818054770966706
29.454195124638208 -0.9245531472661026
29.554379461796838 -0.9580289276267436
29.654563798955472 -0.9818971060048991
29.75474813611411 -0.9959183201524233
29.85493247327274 -0.9999519581932478
29.955116810431374 -0.9939575687508856
30.055301147590004 -0.9779952666154333
30.15548548474864 -0.9522251298818388
30.255669821907276 -0.9169055946052492
30.355854159065906 -0.8723908630726305
30.45603849622454 -0.8191273516818456
30.556222833383174 -0.7576492140506785
30.656407170541808 -0.6885729842523207
30.756591507700442 -0.6125913938977032
30.856775844859072 -0.5304664250701173
30.956960182017706 -0.4430216687808163
31.05714451917634 -0.3511340655789411
31.157328856334974 -0.2557251111450818
31.257513193493608 -0.15775161506330423
31.35769753065224 -0.058196105447369806
31.457881867810876 0.04194302435158039
31.558066204969506 0.14166152814196448
31.65825054212814 0.23995937798405179
31.758434879286774 0.33585079297938875
31.85861921644541 0.4283741251836956
31.958803553604042 0.5166015035021878
32.05898789076267 0.5996481388534491
32.15917222792131 0.6766811972849515
32.25935656507994 0.7469281520560387
32.35954090223858 0.8096845309295468
32.4597252393972 0.8643209809781229
32.55990957655584 0.9102895800559417
32.660093913714476 0.947129331640973
32.76027825087311 0.9744707879429074
32.860462588031744 0.9920397549137452
32.960646925190375 0.9996600420053368
33.060831262349005 0.9972552290979388
33.16101559950764 0.9848494328800869
33.26119993666627 0.9625670649941661
33.36138427382491 0.9306315843730947
33.46156861098354 0.889363256280356
33.56175294814217 0.8391759405268201
33.66193728530081 0.7805729410737983
33.76212162245944 0.7141419586446153
33.86230595961808 0.6405491969624274
33.96249029677671 0.5605326817200451
34.06267463393534 0.4748948592823962
34.162858971093975 0.3844945493457289
34.26304330825261 0.29023833225634055
34.36322764541124 0.1930714573611581
34.46341198256987 0.09396836356588498
34.563596319728504 -0.006077092834579077
34.66378065688714 -0.10606160505321856
34.76396499404578 -0.20498247748229612
34.86414933120441 -0.3018476812355653
34.96433366836304 -0.39568580271916676
35.06451800552167 -0.48555578546183925
35.16470234268031 -0.5705563675084789
35.264886679838945 -0.6498351197339933
35.365071016997575 -0.7225969944366991
35.465255354156206 -0.7881122984815788
35.56543969131484 -0.8457240110346369
35.665624028473474 -0.8948543725024148
35.76580836563211 -0.9350106785994577
35.86599270279074 -0.9657902214377811
35.96617703994937 -0.9868843280866803
36.06636137710801 -0.9980814561020657
36.16654571426664 -0.9992693149818265
36.26673005142528 -0.9904359922721745
36.36691438858391 -0.9716700730317974
36.46709872574254 -0.943159751455774
36.567283062901176 -0.9051909435683424
36.667467400059806 -0.8581444199114118
36.76765173721844 -0.8024919869836322
36.86783607437708 -0.7387917557245707
36.968020411535704 -0.6676825444939773
37.06820474869434 -0.5898774726759036
37.16838908585297 -0.5061568091544154
37.26857342301161 -0.41736014737979127
37.36875776017025 -0.324377985497868
37.46894209732887 -0.2281427959811199
37.56912643448751 -0.12961967431977442
37.66931077164614 -0.029796660552830204
37.769495108804776 0.07032516930071675
37.86967944596341 0.1697417425419544
37.96986378312204 0.267456059144439
38.070048120280674 0.36248819017825135
38.17023245743931 0.45388510503627216
38.27041679459794 0.5407302289105109
38.37060113175658 0.6221526346710754
38.47078546891521 0.697335776966926
38.57096980607384 0.76552568095854
38.67115414323248 0.8260385035615604
38.77133848039111 0.8782673913734965
38.871522817549746 0.9216885665087253
38.971707154708376 0.955866579309844
39.07189149186701 0.9804586752586194
39.172075829025644 0.9952182322928392
39.272260166184275 0.9999972340579496
39.37244450334291 0.994747754290444
39.47262884050155 0.9795224374468376
39.57281317766017 0.9544739707582531
39.67299751481881 0.9198535530050913
39.77318185197744 0.8760083753677584
39.87336618913608 0.8233781396166682
39.973550526294716 0.7624906485589822
40.07373486345334 0.6939565129632641
40.17391920061198 0.6184630280436889
40.27410353777061 0.5367672809136796
40.374287874929244 0.4496885581307103
40.47447221208788 0.35810012947351305
40.574656549246505 0.26292049034799675
40.67484088640514 0.16510415064750483
40.77502522356378 0.06563206244158164
40.87520956072241 -0.03449821751099764
40.97539389788105 -0.1342825317694457
41.07557823503967 -0.2327201924131112
41.17576257219831 -0.32882401644965215
41.275946909356946 -0.4216302257887357
41.37613124651558 -0.5102081124996025
41.476315583674214 -0.5936693724241893
41.57649992083284 -0.6711770135435646
41.676684257991475 -0.7419537497602203
41.77686859515011 -0.8052897959188324
41.87705293230874 -0.8605499858933141
41.97723726946738 -0.9071801423562028
42.07742160662601 -0.9447126343511009
42.17760594378464 -0.9727710669340813
42.27779028094328 -0.9910740558538602
42.37797461810191 -0.9994380494163677
42.47815895526055 -0.9977791692346218
42.57834329241918 -0.9861140514039047
42.67852762957781 -0.964559679666528
42.778711966736445 -0.9333322122392856
42.878896303895075 -0.8927448140687826
42.97908064105371 -0.8432045162538474
43.07926497821234 -0.7852081341304069
43.179449315370974 -0.7193372849542607
43.27963365252961 -0.646252555147048
43.37981798968825 -0.5666868755992055
43.48000232684688 -0.48143817146572976
43.58018666400551 -0.39136136016634926
43.68037100116414 -0.2973597778382721
43.78055533832278 -0.20037612022134696
43.880739675481415 -0.10138298882511661
43.980924012640045 -0.0013731371855499384
44.081108349798676 0.09865048497301222
44.181292686957306 0.19768478982844467
44.281477024115944 0.29473661093637527
44.38166136127458 0.3888326632090591
44.48184569843321 0.47902930351391904
44.58203003559184 0.5644219940074613
44.68221437275048 0.6441543733014107
44.78239870990911 0.7174268444908162
44.88258304706775 0.783504593919064
44.98276738422638 0.8417249602634043
45.08295172138501 0.8915040800402029
45.183136058543646 0.932342742885284
45.283320395702276 0.9638313978896892
45.383504732860914 0.9856542607847834
45.483689070019544 0.9975924807877026
45.583873407178174 0.9995263353484715
45.68405774433681 0.991436430788698
45.78424208149544 0.9734038967912615
45.88442641865408 0.9456095727905304
45.98461075581272 0.9083321944224252
46.08479509297134 0.8619455982215122
46.18497943012998 0.8069149725978242
46.28516376728861 0.743792192690622
46.385348104447246 0.6732102858834006
46.48553244160588 0.5958770834829376
46.58571677876451 0.512568122226466
46.685901115923144 0.4241188668042711
46.786085453081775 0.33141633139437604
46.88626979024041 0.23539018423256103
46.98645412739905 0.13700342442589278
47.08663846455767 0.03724272450723972
47.18682280171631 -0.06289146441942156
47.28700713887495 -0.1623949457120927
47.38719147603358 -0.2602698477861372
47.487375813192216 -0.3555346312787318
47.58756015035084 -0.44723393242541176
47.68774448750948 -0.5344481439345192
47.787928824668114 -0.6163026372773682
47.888113161826745 -0.6919765339086008
47.98829749898538 -0.7607109374542969
48.08848183614401 -0.8218165443112594
48.18866617330264 -0.8746805563346253
48.28885051046128 -0.9187728262897242
48.38903484761991 -0.9536511744385309
48.48921918477855 -0.9789658229432864
48.58940352193718 -0.9944629036167679
48.68958785909581 -0.9999870038417719
48.78977219625445 -0.9954827251279776
48.88995653341308 -0.9809952386762261
48.990140870571715 -0.9566698323787083
49.090325207730345 -0.9227504537980007
49.190509544888975 -0.8795772637366611
49.29069388204761 -0.82758322493147
49.39087821920625 -0.7672897600826187
49.49106255636488 -0.6993015227613234
49.59124689352351 -0.6243003336358683
49.69143123068214 -0.5430383428267257
49.79161556784078 -0.4563304869620899
49.89179990499942 -0.36504631657836406
49.99198424215805 -0.27010127582453397
