0.0 0.0
0.07904517991280727 0.07896289139329765
0.15809035982561453 0.15743266838369044
0.23713553973842183 0.2349192960124284
0.31618071965122907 0.3109388789782877
0.3952258995640363 0.3850166835094695
0.47427107947684366 0.4566901020227744
0.5533162593896509 0.5255115420560885
0.6323614393024581 0.591051221433123
0.7114066192152654 0.6528998522049145
0.7904517991280726 0.7106711966071745
0.86949697904088 0.7640044790718192
0.9485421589536873 0.8125666392299405
1.0275873388664944 0.8560544118364645
1.1066325187793018 0.8941962206276025
1.185677698692109 0.926753874284168
1.2647228786049163 0.9535240539096573
1.3437680585177236 0.9743395827339604
1.4228132384305308 0.9890704701135451
1.501858418343338 0.9976247233084518
1.5809035982561452 0.9999489219666379
1.6599487781689526 0.9960285517280877
1.73899395808176 0.9858880948653631
1.8180391379945673 0.969590877394556
1.8970843179073746 0.9472386736114188
1.9761294978201815 0.9189710705222992
2.055174677732989 0.884964596138936
2.134219857645796 0.8454316170808209
2.2132650375586036 0.80061901236947
2.2923102174714107 0.750806631696618
2.371355397384218 0.69630554779427
2.450400577297025 0.6374561138203712
2.5294457572098326 0.5746258378914967
2.6084909371226397 0.5082070880358733
2.6875361170354473 0.4386146418990355
2.766581296948254 0.3662830965039393
2.8456264768610615 0.29166415424128006
2.9246716567738686 0.2152238020387156
3.003716836686676 0.13743940132474775
3.0827620165994833 0.05879670696013002
3.1618071965122905 -0.020213166246774588
3.240852376425098 -0.09909681049690361
3.319897556337905 -0.17736160627687467
3.3989427362507123 -0.2545187987126134
3.47798791616352 -0.3300865497887383
3.557033096076327 -0.40359294737293866
3.6360782759891346 -0.4745789522543297
3.7151234559019413 -0.5426012647918506
3.7941686358147493 -0.6072350932708218
3.873213815727556 -0.6680768066795663
3.952258995640363 -0.7247464553398266
4.031304175553171 -0.7768901436498985
4.110349355465978 -0.8241822401229835
4.189394535378786 -0.8663274109193131
4.268439715291592 -0.9030624641728607
4.347484895204399 -0.9341579935950386
4.426530075117207 -0.9594198110912434
4.505575255030014 -0.9786901594437342
4.5846204349428215 -0.9918486974877699
4.663665614855629 -0.998813251628689
4.742710794768436 -0.9995403290067932
4.821755974681244 -0.9940253891053814
4.90080115459405 -0.9823028721057661
4.979846334506858 -0.9644459838122025
5.058891514419665 -0.940566238489851
5.137936694332472 -0.9108127624706932
5.216981874245279 -0.8753713628763106
5.2960270541580865 -0.8344633672732434
5.3750722340708945 -0.7883442415071553
5.454117413983702 -0.7373019943472723
5.533162593896508 -0.6816553789039105
5.612207773809316 -0.6217519020510421
5.691252953722123 -0.5579656542848376
5.770298133634931 -0.49069497357045583
5.849343313547737 -0.4203599577661228
5.928388493460544 -0.3473998411591029
6.007433673373352 -0.27227025149683187
6.08647885328616 -0.1954403646427213
6.165524033198967 -0.11738997462549476
6.244569213111774 -0.03860649737927927
6.323614393024581 0.040418073114251725
6.402659572937388 0.11919023727312827
6.481704752850196 0.19721807176463974
6.560749932763003 0.27401430151138634
6.63979511267581 0.3490993426695062
6.7188402925886175 0.4220042975760027
6.797885472501425 0.49227388296207486
6.876930652414233 0.5594692731460822
6.95597583232704 0.6231708404507195
7.035021012239847 0.6829807757308148
7.114066192152654 0.7385255726468333
7.19311137206546 0.7894583601700867
7.272156551978269 0.8354610687534187
7.351201731891076 0.8762464166398545
7.4302469118038825 0.911559703904969
7.50929209171669 0.941180403029354
7.588337271629499 0.9649235360682482
7.667382451542305 0.9826408298180609
7.746427631455112 0.9942216417659068
7.825472811367919 0.9995936510396891
7.904517991280726 0.9987233100438387
7.983563171193534 0.9916160539602862
8.062608351106341 0.9783162668063604
8.141653531019148 0.9589070042615767
8.220698710931956 0.9335094749942313
8.299743890844763 0.9022822837268583
8.378789070757572 0.8654204407675204
8.457834250670377 0.8231541441923058
8.536879430583184 0.7757473422841445
8.615924610495991 0.7234960852053871
8.694969790408798 0.6667266761977308
8.774014970321607 0.605793633855062
8.853060150234414 0.5410774781945943
8.932105330147222 0.4729823543520185
9.011150510060029 0.4019335087404521
9.090195689972836 0.32837463343426854
9.169240869885643 0.25276509536184294
9.24828604979845 0.1755770676105918
9.327331229711257 0.09729258075898492
9.406376409624064 0.018400512649631513
9.485421589536871 -0.060606464598030575
9.56446676944968 -0.13923496126988094
9.643511949362487 -0.21699395122055207
9.722557129275295 -0.2933978382766606
9.8016023091881 -0.3679694887304531
9.880647489100907 -0.44024321098632
9.959692669013716 -0.5097676637525853
10.038737848926523 -0.5761086746172661
10.11778302883933 -0.638851951406111
10.196828208752137 -0.6976056693907682
10.275873388664944 -0.7520029181902828
10.354918568577752 -0.801703993085284
10.433963748490559 -0.8463985164358688
10.513008928403366 -0.8858073759551611
10.592054108316173 -0.9196844677342472
10.67109928822898 -0.9478182331334921
10.750144468141789 -0.9700329799425237
10.829189648054596 -0.986189979558384
10.908234827967403 -0.9961883333301033
10.98728000788021 -0.9999656026594592
11.066325187793016 -0.9974981989230228
11.145370367705825 -0.988801530780466
11.224415547618632 -0.9739299079492109
11.303460727531439 -0.9529762020463329
11.382505907444246 -0.9260712666157263
11.461551087357053 -0.8933831199623943
11.540596267269862 -0.8551158958969729
11.619641447182667 -0.8115085689429768
11.698686627095475 -0.7628334619676868
11.777731807008282 -0.7093945455563864
11.856776986921089 -0.6515255397501364
11.935822166833898 -0.5895878300015363
12.014867346746705 -0.5239682103630996
12.093912526659512 -0.45507646800175733
12.17295770657232 -0.3833428241239543
12.252002886485126 -0.30921524729245253
12.331048066397933 -0.23315665591288623
12.41009324631074 -0.15564202736022398
12.489138426223548 -0.07715543179831981
12.568183606136355 0.0018129907839830259
12.647228786049162 0.0807700914421245
12.72627396596197 0.15922279193569328
12.805319145874776 0.23668116394674205
12.884364325787585 0.3126614886272182
12.963409505700392 0.3866892773689081
13.042454685613198 0.45830223493160965
13.121499865526006 0.5270531464250711
13.200545045438812 0.5925126701158206
13.27959022535162 0.6542720186181739
13.35863540526443 0.711945511725601
13.437680585177235 0.7651729849403807
13.516725765090042 0.8136220386605096
13.59577094500285 0.8569901139779358
13.674816124915656 0.8950063821250197
13.753861304828465 0.9274334357698213
13.83290648474127 0.9540687715982642
13.91195166465408 0.974746054924634
13.990996844566885 0.9893361584330305
14.070042024479694 0.9977479685629848
14.149087204392501 0.999928954503423
14.228132384305308 0.9958654962416938
14.307177564218115 0.9855829696190198
14.38622274413092 0.9691455878612146
14.46526792404373 0.9466560005742853
14.544313103956538 0.9182546527091568
14.623358283869344 0.8841189074987
14.702403463782153 0.8444619388442235
14.781448643694958 0.7995314000683741
14.860493823607765 0.7496078773478925
14.939539003520574 0.6950031374844089
15.01858418343338 0.6360581809557272
15.097629363346188 0.5731411124060617
15.176674543258997 0.5066448418738261
15.255719723171802 0.4369846311124918
15.33476490308461 0.3645955003274912
15.413810082997417 0.2899295115238258
15.492855262910224 0.2134529454295255
15.571900442823033 0.13564338962478462
15.650945622735838 0.056986756061082396
15.729990802648647 -0.022025753404489465
15.809035982561452 -0.1009007145097212
15.888081162474261 -0.17914556196650464
15.967126342387068 -0.25627166547580127
16.046171522299876 -0.3317973811690907
16.125216702212683 -0.4052510594203155
16.20426188212549 -0.4761739902449133
16.283307062038297 -0.5441232678922368
16.362352241951104 -0.6086745567423049
16.44139742186391 -0.66942474123417
16.52044260177672 -0.7259944432773966
16.599487781689525 -0.7780303914256972
16.678532961602333 -0.8252076270175033
16.757578141515143 -0.8672315335063724
16.836623321427947 -0.903839676308277
16.915668501340754 -0.9348034416761737
16.99471368125356 -0.9599294643672023
17.073758861166368 -0.9790608351869545
17.15280404107918 -0.9920780808697984
17.231849220991982 -0.9988999101760239
17.310894400904793 -0.9994837215465237
17.389939580817597 -0.9938258691447498
17.468984760730407 -0.981961685624554
17.548029940643215 -0.9639652614817299
17.62707512055602 -0.9399489823671697
17.70612030046883 -0.9100628272510785
17.785165480381632 -0.8744934318211226
17.864210660294443 -0.8334629229634793
17.94325584020725 -0.7872275316053552
18.022301020120057 -0.7360759925815593
18.101346200032864 -0.6803277415178436
18.18039137994567 -0.6203309199912349
18.25943655985848 -0.5564602014249229
18.338481739771286 -0.4891144512947432
18.417526919684093 -0.41871423625900384
18.4965720995969 -0.34569919776686103
18.575617279509707 -0.27052530654676504
18.654662459422514 -0.193662015120387
18.733707639335325 -0.115589326124256
18.81275281924813 -0.03679479474713258
18.891797999160936 0.042229515997512304
18.970843179073743 0.12099010814980785
19.04988835898655 0.1989951306429261
19.12893353889936 0.27575745085784453
19.207978718812164 0.3507976967119144
19.287023898724975 0.4236472502838035
19.36606907863778 0.4938511742798204
19.44511425855059 0.560971053066355
19.524159438463396 0.6245877305263047
19.6032046183762 0.684303927642059
19.68224979828901 0.7397467234584165
19.761294978201814 0.7905698839321101
19.840340158114625 0.8364560241246226
19.919385338027432 0.8771185902355055
19.99843051794024 0.9123036490987568
20.077475697853046 0.941791473966959
20.156520877765853 0.9653979166801818
20.23556605767866 0.9829755576505932
20.314611237591468 0.9944146264812552
20.393656417504275 0.9996436874699451
20.472701597417082 0.9986300857171058
20.55174677732989 0.9913801510520319
20.630791957242696 0.9779391585037958
20.709837137155503 0.9583910455637674
20.78888231706831 0.9328578880053924
20.867927496981117 0.9014991375346747
20.946972676893925 0.8645106260321518
21.02601785680673 0.8221233426047581
21.105063036719542 0.7746019910847503
21.184108216632346 0.7222433369839667
21.263153396545157 0.6653743542264555
21.34219857645796 0.6043501832330179
21.421243756370767 0.5395519131090626
21.500288936283578 0.4713842017858989
21.57933411619638 0.40027274897733056
21.658379296109192 0.3266616377326438
21.737424476021996 0.2510105611878059
21.816469655934807 0.17379195183332238
21.895514835847614 0.09548803122635648
21.97456001576042 0.016587798571137194
22.053605195673228 -0.06241602302622418
22.13265037558603 -0.14103006355828424
22.211695555498842 -0.2187633871566616
22.29074073541165 -0.2951305579314528
22.369785915324456 -0.3696546714639696
22.448831095237264 -0.4418703330213422
22.52787627515007 -0.5113265638944468
22.606921455062878 -0.5775896177093768
22.685966634975685 -0.6402456891249136
22.765011814888492 -0.6989034980004843
22.8440569948013 -0.7531967328967658
22.923102174714106 -0.8027863386495505
23.002147354626914 -0.8473626337312298
23.081192534539724 -0.8866472441772119
23.160237714452528 -0.9203948420001092
23.239282894365335 -0.9483946772355288
23.318328074278142 -0.9704718940519521
23.39737325419095 -0.9864886227058054
23.47641843410376 -0.9963448405225481
23.555463614016563 -0.9999789965270588
23.634508793929374 -0.9973683958225756
23.713553973842178 -0.9885293413177806
23.79259915375499 -0.9735170319169609
23.871644333667795 -0.952425217809046
23.950689513580603 -0.9253856150081842
24.02973469349341 -0.8925670828020063
24.108779873406213 -0.8541745692443088
24.187825053319024 -0.8104478312774293
24.26687023323183 -0.7616599374770429
24.34591541314464 -0.7081155627695067
24.424960593057445 -0.650149085771117
24.504005772970253 -0.5881225006311404
24.58305095288306 -0.5224231564189413
24.662096132795867 -0.45346133817247636
24.741141312708674 -0.3816677047142353
24.82018649262148 -0.3074905992351836
24.899231672534288 -0.23139324944180603
24.978276852447095 -0.1538508747510195
25.057322032359906 -0.07534771859819597
25.13636721227271 0.0036259756087772353
25.215412392185517 0.08257702600464575
25.294457572098324 0.16101239213220242
25.37350275201113 0.2384422539246773
25.45254793192394 0.3143830705771325
25.53159311183675 0.38836060020455765
25.610638291749552 0.45991286142928417
25.68968347166236 0.5285930184028869
25.76872865157517 0.5939721712459429
25.847773831487977 0.6556420344796882
25.926819011400784 0.7132174867230675
26.005864191313588 0.7663389757325628
26.084909371226395 0.8146747637656502
26.163954551139206 0.8579229992457935
26.242999731052013 0.8958136017916961
26.32204491096482 0.9281099488390082
26.401090090877624 0.9546103533217
26.480135270790434 0.9751493231851824
26.55918045070324 0.9895985948656214
26.63822563061605 0.9978679342815224
26.71727081052886 0.9999057003354465
26.79631599044166 0.9956991674068751
26.87536117035447 0.985274604822282
26.954406350267277 0.968697112806137
27.033451530180084 0.9460702159373019
27.112496710092895 0.9175352166496423
27.1915418900057 0.8832703128141796
27.270587069918506 0.843489484913352
27.349632249831313 0.79844115975691
27.428677429744123 0.7484066590843343
27.50772260965693 0.6936984427421276
27.586767789569734 0.6346581574070973
27.66581296948254 0.5716545030411645
27.74485814939535 0.5050809304014571
27.82390332930816 0.4353531839844335
27.902948509220966 0.3629067057481342
27.98199368913377 0.2881939158259626
28.061038869046577 0.21168138721367943
28.140084048959388 0.13384693207337292
28.219129228872195 0.05517661785008283
28.298174408785002 -0.023838268164910473
28.377219588697805 -0.10270428686811607
28.456264768610616 -0.18092892881572728
28.535309948523423 -0.25802368988983954
28.61435512843623 -0.33350712195192755
28.69340030834904 -0.40690783943247294
28.77244548826184 -0.47776746308097506
28.85149066817465 -0.5456434824930219
28.93053584808746 -0.6101120195380849
29.009581028000266 -0.6707704754309632
29.088626207913077 -0.7272400449160392
29.16767138782588 -0.7791680818636162
29.246716567738687 -0.8262303015054818
29.325761747651494 -0.8681328055569002
29.404806927564305 -0.9046139175784603
29.483852107477112 -0.9354458171160898
29.562897287389916 -0.9604359624142552
29.641942467302723 -0.9794282928176337
29.72098764721553 -0.9923042033524017
29.80003282712834 -0.9989832854010027
29.879078007041148 -0.9994238288449458
29.95812318695395 -0.9936230825398212
30.03716836686676 -0.9816172714958855
30.11621354677957 -0.9634813706569355
30.195258726692376 -0.939328636690194
30.274303906605184 -0.9093099007111167
30.353349086517994 -0.8736126263599905
30.432394266430794 -0.8324597391125285
30.511439446343605 -0.7861082341352439
30.590484626256412 -0.7348475713794872
30.66952980616922 -0.6789978679364788
30.74857498608203 -0.618907898941976
30.827620165994833 -0.5549529195146695
30.90666534590764 -0.4875323213300155
30.985710525820448 -0.41706713846403254
31.06475570573326 -0.3439974180826889
31.143800885646066 -0.268779472396708
31.22284606555887 -0.1918830290429611
31.301891245471676 -0.11378829768804305
31.380936425384487 -0.03498297117276283
31.459981605297294 0.04404082007496359
31.5390267852101 0.12278958133947249
31.618071965122905 0.2007715354365001
31.697117145035712 0.2774996938065745
31.776162324948523 0.35249489770394754
31.85520750486133 0.42528881048923606
31.934252684774137 0.4954268423392385
32.01329786468694 0.5624709891093929
32.09234304459975 0.6260025676205655
32.171388224512555 0.685624830288527
32.250433404425365 0.740965442768173
32.329478584338176 0.7916788091397209
32.40852376425098 0.8374482301164976
32.48756894416378 0.8779878807964808
32.566614124076594 0.9130445956067531
32.645659303989405 0.9423994492941133
32.72470448390221 0.965869124088744
32.80374966381501 0.9833070545031322
32.88279484372782 0.9946043426170978
32.96184002364063 0.9996904381330948
33.04088520355344 0.9985335789549128
33.11993038346625 0.9911409895384049
33.19897556337905 0.9775588357755719
33.27802074329186 0.9578719366937385
33.357065923204665 0.9322032347702479
33.436111103117476 0.9007130281704616
33.51515628303029 0.8635979697037052
33.59420146294308 0.8210898387485236
33.673246642855894 0.7734540938164214
33.752291822768704 0.7209882147932692
33.83133700268151 0.6640198452107476
33.91038218259432 0.6029047461492154
33.98942736250712 0.5380245745496902
34.06847254241993 0.46978449980900155
34.147517722332736 0.3986106735423848
34.22656290224555 0.3249475683143778
34.30560808215836 0.2492552019575371
34.38465326207116 0.17200626481263478
34.463698441983965 0.09368316783046785
34.542743621896776 0.014775029969574482
34.621788801809586 -0.06422537629680393
34.70083398172239 -0.1428247022895795
34.77987916163519 -0.22053210403101534
34.858924341548004 -0.29686230751031545
34.937969521460815 -0.3713386391653963
35.01701470137362 -0.4434960026558487
35.09605988128643 -0.5128837833374528
35.17510506119923 -0.5790686623000605
35.25415024111204 -0.6416373223956525
35.33319542102485 -0.7001990293575363
35.41224060093766 -0.7543880718920747
35.49128578085047 -0.803866045504671
35.570330960763265 -0.8483239657979077
35.649376140676075 -0.8874841980444881
35.728421320588886 -0.9211021909849304
35.80746650050169 -0.9489680040227929
35.8865116804145 -0.97090761828016
35.965556860327304 -0.9867840233260067
36.044602040240115 -0.9964980727909927
36.12364722015292 -0.9999891035254116
36.20269240006573 -0.9972353144337653
36.28173757997854 -0.9882539026201572
36.36078275989134 -0.9731009559943093
36.43982793980415 -0.9518711030088498
36.51887311971696 -0.9246969217152375
36.59791829962977 -0.8917481118287022
36.67696347954257 -0.8532304349725484
36.756008659455375 -0.8093844297198812
36.835053839368186 -0.7604839094571922
36.914099019281 -0.7068342524504732
36.9931441991938 -0.6487704947921786
37.07218937910661 -0.5866552381383786
37.151234559019414 -0.52087638530211
37.23027973893222 -0.4518447178437659
37.30932491884503 -0.37999133078632596
37.38837009875784 -0.30576494047528885
37.46741527867065 -0.22962908239538873
37.54646045858345 -0.1520592164434883
37.62550563849626 -0.07353975773477837
37.70455081840907 0.005438948515216953
37.78359599832187 0.08438368914157886
37.86264117823468 0.16280146309092097
37.941686358147486 0.24020256015763963
38.020731538060296 0.3161036191692946
38.0997767179731 0.3900306465228776
38.17882189788591 0.4615219762217704
38.25786707779872 0.5301311529280816
38.336912257711525 0.5954297200261931
38.41595743762433 0.6570098952862947
38.49500261753714 0.7144871174186723
38.57404779744995 0.767502447615833
38.65309297736275 0.8157248110851241
38.73213815727556 0.8588530645736978
38.81118333718837 0.8966178769743489
38.89022851710118 0.928783411268074
38.96927369701398 0.9551487972998208
39.04831887692679 0.9755493861900889
39.127364056839596 0.9898577785487052
39.2064092367524 0.9979846200697444
39.28545441666521 0.9998791595391433
39.36449959657802 0.995529565770343
39.443544776490825 0.9849630014887254
