0.0 0.0
0.17098855806909374 0.1701565740159409
0.3419771161381875 0.3353503745916863
0.5129656742072812 0.4907633721522786
0.683954232276375 0.6318628032648892
0.8549427903454686 0.754533372865533
1.0259313484145625 0.8551972806357186
1.1969199064836562 0.9309185708490371
1.36790846455275 0.9794887622281633
1.5388970226218435 0.9994912603384977
1.7098855806909372 0.9903426738715725
1.8808741387600312 0.9523098297907064
2.051862696829125 0.886501991076488
2.2228512548982184 0.7948385040487189
2.3938398129673124 0.6799928188605179
2.564828371036406 0.5453145158585119
2.7358169291055 0.3947316119822416
2.9068054871745934 0.23263599652676759
3.077794045243687 0.06375533764012828
3.248782603312781 -0.10698480447918093
3.4197711613818744 -0.2746046360889231
3.5907597194509684 -0.43421537018116996
3.7617482775200624 -0.5811618124649917
3.932736835589156 -0.7111581344020849
4.10372539365825 -0.8204128733495081
4.274713951727343 -0.905739514065052
4.445702509796437 -0.9646494263636469
4.61669106786553 -0.9954244483123174
4.787679625934625 -0.9971669980078568
4.958668184003718 -0.9698262523809996
5.129656742072812 -0.9141996294981167
5.300645300141905 -0.831909531127741
5.471633858211 -0.725356023896421
5.642622416280093 -0.5976468391316448
5.813610974349187 -0.4525067330109801
5.98459953241828 -0.2941688506122967
6.155588090487374 -0.1272512623327534
6.326576648556468 0.04337772639422324
6.497565206625562 0.21274156371761496
6.668553764694655 0.37590059709411644
6.839542322763749 0.5280961428110842
7.010530880832843 0.6648892773866117
7.181519438901937 0.782290302867512
7.352507996971029 0.8768751100503772
7.523496555040125 0.9458850457850279
7.694485113109217 0.9873073716383206
7.865473671178312 0.999933967267186
8.036462229247405 0.9833965663628466
8.2074507873165 0.938177497477417
8.378439345385592 0.8655956164667639
8.549427903454687 0.7677678408429023
8.720416461523781 0.6475474079220358
8.891405019592874 0.508440657526291
9.062393577661968 0.35450476634841654
9.23338213573106 0.19022941665105209
9.404370693800155 0.02040585054206916
9.57535925186925 -0.15001287102112085
9.746347809938342 -0.31605632882329016
9.917336368007437 -0.47288171225271913
10.08832492607653 -0.6159150643398719
10.259313484145624 -0.7409846854316202
10.430302042214718 -0.8444428046597545
10.60129060028381 -0.9232719705432054
10.772279158352905 -0.9751730577439051
10.943267716422 -0.9986323231780692
11.114256274491092 -0.9929655557295745
11.285244832560187 -0.9583380318983024
11.45623339062928 -0.8957596953585628
11.627221948698374 -0.80705570102022
11.798210506767468 -0.6948131827021553
11.96919906483656 -0.562305796987967
12.140187622905655 -0.4133982440119564
12.311176180974748 -0.2524335499147717
12.482164739043842 -0.08410639847982802
12.653153297112937 0.08667379364978245
12.82414185518203 0.25492606463632783
12.995130413251124 0.41574318179407127
13.166118971320216 0.5644347655571605
13.33710752938931 0.6966640887262666
13.508096087458405 0.808574561117707
13.679084645527498 0.8969022105736262
13.85007320359659 0.9590708797207953
14.021061761665687 0.993267361976747
14.192050319734781 0.9984942853923242
14.363038877803874 0.9745992019245954
14.534027435872966 0.9222790337246487
14.705015993942059 0.8430597467601868
14.876004552011155 0.7392518446104676
15.04699311008025 0.6138829804981237
15.217981668149342 0.47060965299009305
15.388970226218435 0.3136105608440177
15.559958784287527 0.14746472740438724
15.730947342356624 -0.02298205083717723
15.901935900425718 -0.192758536366539
16.07292445849481 -0.35691304137482205
16.243913016563905 -0.5106578483009837
16.414901574633 -0.6495088480308505
16.585890132702094 -0.7694163230757555
16.756878690771185 -0.8668830613187085
16.92786724884028 -0.9390663554317602
17.098855806909373 -0.9838609130574318
17.269844364978468 -0.9999602596023345
17.440832923047562 -0.9868948427738243
17.611821481116653 -0.9450457275057532
17.782810039185748 -0.875633481848159
17.953798597254842 -0.7806825779741925
18.124787155323936 -0.6629623465817326
18.29577571339303 -0.525906206809046
18.46676427146212 -0.37351152739850285
18.637752829531216 -0.21022303974986603
18.80874138760031 -0.04080320322904241
18.979729945669405 0.12980669635241276
19.1507185037385 0.29663066389602066
19.32170706180759 0.45480312450347365
19.492695619876685 0.599710832456752
19.66368417794578 0.7271274207849073
19.834672736014873 0.8333366671553483
20.005661294083968 0.9152408809261542
20.17664985215306 0.9704512501510768
20.347638410222153 0.9973575134834886
20.518626968291247 0.9951749249339176
20.689615526360342 0.9639671417107165
20.860604084429436 0.9046443675988592
21.03159264249853 0.8189368060269447
21.20258120056762 0.7093441970881978
21.373569758636716 0.579062910314784
21.54455831670581 0.4318927196119614
21.715546874774905 0.2721259793470675
21.886535432844 0.1044224338749631
22.05752399091309 -0.06632668820440238
22.228512548982184 -0.2351413312399814
22.39950110705128 -0.39709786044646633
22.570489665120373 -0.5474726642545686
22.741478223189468 -0.6818799227996761
22.91246678125856 -0.7963995244038526
23.083455339327653 -0.8876913992489966
23.254443897396747 -0.9530929355940824
23.42543245546584 -0.9906966373026929
23.596421013534936 -0.9994057577273839
23.767409571604027 -0.9789662873373401
23.93839812967312 -0.929974362140646
24.109386687742216 -0.8538588768277144
24.28037524581131 -0.7528398097395717
24.451363803880405 -0.6298634751517471
24.622352361949496 -0.4885165913006365
24.79334092001859 -0.3329216704375972
24.964329478087684 -0.16761678195638954
25.13531803615678 0.002576804586794111
25.306306594225873 0.17269523624725946
25.477295152294964 0.3377768520417891
25.64828371036406 0.49300689436805994
25.819272268433153 0.6338579358514138
25.990260826502247 0.7562219259405273
26.16124938457134 0.856530005991163
26.332237942640432 0.9318565983205812
26.503226500709527 0.9800047333793284
26.67421505877862 0.9995701263947079
26.845203616847716 0.989982134631549
27.01619217491681 0.9515204007139599
27.1871807329859 0.885306696590243
27.358169291054995 0.7932722060192514
27.52915784912409 0.6781011998146714
27.70014640719318 0.5431527466106638
27.87113496526228 0.3923627425265995
28.042123523331373 0.23012911712614478
28.213112081400464 0.06118356374469019
28.384100639469562 -0.1095464647114765
28.55508919753865 -0.2770814694744166
28.726077755607747 -0.43653513758945606
28.89706631367684 -0.5832568557397608
29.068054871745932 -0.7129673496736771
29.23904342981503 -0.8218834931856415
29.410031987884118 -0.9068286464816436
29.581020545953216 -0.9653253058091136
29.75200910402231 -0.9956673621391727
29.9229976620914 -0.9969698614102677
30.0939862201605 -0.9691948150296803
30.264974778229586 -0.9131523078458837
30.435963336298684 -0.8304768712766677
30.60695189436778 -0.7235798106926067
30.77794045243687 -0.5955788774716289
30.948929010505967 -0.4502073369041391
31.119917568575055 -0.2917050840671483
31.290906126644153 -0.1246949833732506
31.461894684713247 0.045951961534211425
31.632883242782338 0.21525867509565388
31.803871800851436 0.37828717083499125
31.974860358920523 0.5302825722901645
32.14584891698962 0.6668117933713014
32.31683747505872 0.7838928334057138
32.48782603312781 0.8781109158607042
32.6588145911969 0.9467180834510662
32.829803149266 0.987713344848117
33.00079170733509 0.9999010354375898
33.17178026540419 0.9829256899810452
33.34276882347328 0.9372824100874416
33.51375738154237 0.8643024241180066
33.68474593961147 0.7661142606831026
33.85573449768056 0.6455816681418851
34.026723055749656 0.5062200907397452
34.19771161381875 0.35209413743414947
34.36870017188784 0.18769903382500458
34.539688729956936 0.017829514753480935
34.71067728802603 -0.15256001856245663
34.881665846095125 -0.3184999982097514
35.052654404164215 -0.475150631612506
35.223642962233306 -0.6179430585469188
35.394631520302404 -0.7427126061641822
35.565620078371495 -0.8458202555157607
35.73660863644059 -0.9242587768978308
35.907597194509684 -0.9757404384795447
36.078585752578775 -0.9987637301121954
36.24957431064787 -0.992657156257739
36.420562868716964 -0.9575988207755813
36.59155142678606 -0.8946112323592248
36.76253998485515 -0.8055314821270311
36.93352854292424 -0.6929576631651349
37.10451710099334 -0.560173094746009
37.27550565906243 -0.4110505612932417
37.44649421713153 -0.24993935905137704
37.61748277520062 -0.08153844484903118
37.78847133326971 0.08924061331155925
37.95945989133881 0.25741688666592355
38.1304484494079 0.4180853590693535
38.301437007477 0.5665599863173882
38.47242556554609 0.6985103689475745
38.64341412361518 0.8100880523343609
38.81440268168428 0.8980387704181944
38.98539123975337 0.9597973593770004
39.15637979782247 0.9935625729952838
39.32736835589156 0.9983496176715226
39.49835691396065 0.9740188748319807
39.66934547202975 0.9212799730351908
39.84033403009884 0.8416710910004686
40.011322588167936 0.7375140952066689
40.182311146237026 0.6118468205145776
40.35329970430612 0.46833446891095176
40.524288262375215 0.31116271051166094
40.695276820444306 0.14491560463175668
40.866265378513404 -0.025558098533011598
41.037253936582495 -0.19528637617827665
41.208242494651586 -0.3593189465225781
41.379231052720684 -0.5128716483418285
41.550219610789775 -0.6514659754444918
41.72120816885887 -0.7710596964358495
41.89219672692796 -0.8681647501252943
42.06318528499706 -0.9399489780485152
42.23417384306615 -0.9843187269815709
42.40516240113524 -0.9999799122684557
42.57615095920434 -0.9864757609937921
42.74713951727343 -0.9442001341862595
42.91812807534253 -0.8743860394983731
43.08911663341162 -0.7790696694009385
43.26010519148071 -0.6610310137513598
43.43109374954981 -0.5237127788250832
43.6020823076189 -0.3711199776114081
43.773070865688 -0.20770311991523463
43.94405942375709 -0.03822840913333002
44.11504798182618 0.13236126846431479
44.28603653989528 0.29909050757203925
44.45702509796437 0.45709649613373904
44.62801365603347 0.6017708437421755
44.79900221410256 0.7288939895961096
44.96999077217165 0.8347582698833999
45.14097933024075 0.9162760552161541
45.31196788830984 0.9710698041899701
45.482956446378935 0.997541406572153
45.653945004448026 0.9949187936607917
45.82493356251712 0.9632784563806477
45.995922120586215 0.903543214354767
46.166910678655306 0.8174553010189425
46.337899236724404 0.7075255497764351
46.508887794793495 0.5769601632257061
46.679876352862586 0.4295672013040775
46.85086491093168 0.26964551570696893
47.021853469000774 0.10185936991279587
47.19284202706987 -0.0688975983639226
47.36383058513896 -0.2376451046305345
47.534819143208054 -0.39946147220753947
47.70580770127715 -0.5496271774688694
47.87679625934624 -0.683762499101897
48.04778481741534 -0.7979552567195853
48.21877337548443 -0.8888749132101782
48.38976193355352 -0.9538697129243169
48.56075049162262 -0.9910440225746164
48.73173904969171 -0.9993136191290986
48.90272760776081 -0.9784373121760559
49.0737161658299 -0.9290239784648905
49.24470472389899 -0.852514803454063
49.41569328196809 -0.7511412478077886
49.58668184003718 -0.6278599647873968
49.75767039810628 -0.4862665667316024
49.92865895617537 -0.3304907557059539
50.09964751424446 -0.16507587693265582
50.27063607231356 0.0051535920637786675
50.44162463038265 0.17523275179379294
50.612613188451746 0.34020108667626436
50.78360174652084 0.4952471430511444
50.95459030458993 0.6358488596637737
51.125578862659026 0.7579054577526751
51.29656742072812 0.8578570440448381
51.467555978797215 0.9327884383268416
51.638544536866306 0.9805141973648217
51.8095330949354 0.9996423553723491
51.980521653004494 0.9896150219765788
52.151510211073585 0.9507246536056002
52.32249876914268 0.8841055237269333
52.493487327211774 0.7917006407155629
52.664475885280865 0.67620507822236
52.83546444334996 0.540987370865017
53.006453001419054 0.38999126780867754
53.17744155948815 0.22762070968362666
53.34843011755724 0.05861138359449243
53.51941867562633 -0.11210739756258761
53.69040723369543 -0.279556463057552
53.86139579176452 -0.4388520064337166
54.03238434983362 -0.5853480262281436
54.20337290790271 -0.7147718308899087
54.3743614659718 -0.8233486557705229
54.5453500240409 -0.9079117576168735
54.71633858210999 -0.9659947755593213
54.88732714017909 -0.995903664801552
55.05831569824818 -0.9967661049996946
55.22930425631728 -0.968556942289822
55.40029281438636 -0.9120989229235981
55.57128137245546 -0.8290386971148955
55.74226993052456 -0.721798792967401
55.913258488593655 -0.5935069612078216
56.084247046662746 -0.44790495145079123
56.25523560473183 -0.28923938061981397
56.42622416280093 -0.1221378764474287
56.597212720870026 0.04852589155625836
56.768201278939124 0.21777435717054344
56.939189837008215 0.3806712327744329
57.1101783950773 0.5324654807285473
57.281166953146396 0.6687298817704236
57.452155511215494 0.785490158948096
57.62314406928459 0.8793408910734714
57.79413262735368 0.9475448349725566
57.96512118542277 0.9881127597075766
58.136109743491865 0.999861464332211
58.30709830156096 0.9824482870386173
58.47808685963006 0.936381099205153
58.64907541769915 0.8630034928591447
58.820063975768235 0.7644555935760258
58.99105253383733 0.6436116417427775
59.16204109190643 0.5039961626857701
59.33302964997553 0.3496811706384318
59.50401820804462 0.18516740468996176
59.675006766113704 0.015253060578123524
59.8459953241828 -0.15510615311550408
60.0169838822519 -0.3209415527775889
60.187972440321 -0.4774163960039842
60.35896099839009 -0.6199669496535247
60.52994955645917 -0.7444355953348666
60.70093811452827 -0.8471920901820233
60.87192667259737 -0.9252394462361918
61.042915230666466 -0.9763013403641452
61.21390378873556 -0.9988885053221706
61.38489234680464 -0.9923421656089939
61.55588090487374 -0.9568532512609452
61.72686946294284 -0.893456829201335
61.897858021011935 -0.8040019145588493
62.068846579081026 -0.6910975424357229
62.23983513715011 -0.5580366729922992
62.41082369521921 -0.40870014922638276
62.581812253288305 -0.24744350860741596
62.7528008113574 -0.07896994980842817
62.923789369426494 0.09180684042165872
63.09477792749558 0.2599059994646523
63.265766485564676 0.4204247602859031
63.436755043633774 0.5686814451573168
63.60774360170287 0.7003520111069046
63.77873215977196 0.8115961646207078
63.949720717841046 0.8991693673455792
64.12070927591014 0.9605174660431399
64.29169783397924 0.9938511868250027
64.46268639204834 0.998198320976248
64.63367495011744 0.9734320803193899
64.80466350818652 0.9202747951085314
64.97565206625562 0.8402768466011795
65.1466406243247 0.7357714487587731
65.3176291823938 0.6098065979091992
65.4886177404629 0.4660561751223556
65.659606298532 0.3087127940797835
65.83059485660108 0.14236551962923863
66.00158341467018 -0.02813397652478131
66.17257197273928 -0.19781291930158532
66.34356053080838 -0.3617224658166526
66.51454908887747 -0.5150820429493509
66.68553764694656 -0.6534187771677744
66.85652620501564 -0.77269795001129
67.02751476308474 -0.8694406743761907
67.19850332115384 -0.9408253594671234
67.36949187922293 -0.9847700050954104
67.54048043729202 -0.9999929251350574
67.71146899536112 -0.9860501290808994
67.88245755343021 -0.9433482714412287
68.05344611149931 -0.8731327912839556
68.22443466956841 -0.7774515878573479
68.3954232276375 -0.6590952917194051
68.56641178570658 -0.5215158734234189
68.73740034377568 -0.36872596361256715
68.90838890184477 -0.20518182094583068
69.07937745991387 -0.035653361203542525
69.25036601798296 0.13491496170627554
69.42135457605205 0.30154836530715295
69.59234313412115 0.4593868326739441
69.76333169219025 0.6038268593095748
69.93432025025935 0.7306557186001365
70.10530880832843 0.8361743298725551
70.27629736639753 0.9173051454946302
70.44728592446661 0.9716819103905209
70.61827448253571 0.9977186760528116
70.78926304060481 0.994656056193634
70.96025159867389 0.9625833749462638
71.13124015674299 0.9024360616443601
71.30222871481209 0.8159683681625881
71.47321727288119 0.7057022045424964
71.64420583095028 0.5748535851598494
71.81519438901937 0.4272388306987942
71.98618294708847 0.26716326163873566
72.15717150515755 0.09929562961124713
72.32816006322665 -0.07146805104800558
72.49914862129575 -0.2401473000735421
72.67013717936483 -0.4018224315712407
72.84112573743393 -0.5517780411955884
73.01211429550303 -0.6856405352670091
73.18310285357212 -0.7995056906659557
73.35409141164122 -0.8900525251015837
73.5250799697103 -0.9546401566236636
73.6960685277794 -0.991384827380729
73.86705708584849 -0.9992148451554353
74.03804564391758 -0.9779018402566727
74.20903420198668 -0.9280674261322536
74.38002276005577 -0.8511650694393199
74.55101131812486 -0.7494376983485235
74.72199987619396 -0.6258522854750038
74.89298843426306 -0.4840133133851934
75.06397699233216 -0.32805764653785835
75.23496555040124 -0.16253387581616877
75.40595410847034 0.007730345321261276
75.57694266653942 0.1777691038066125
75.74793122460852 0.34262306239834467
75.91891978267762 0.4974841033264329
76.0899083407467 0.6378355614823704
76.2608968988158 0.7595839571234363
76.4318854568849 0.859178385985306
76.602874014954 0.9337140846804609
76.7738625730231 0.9810171508018385
76.94485113109218 0.9997079467918263
77.11583968916128 0.9892413383442645
77.28682824723036 0.9499225937493334
77.45781680529946 0.8828984804622722
77.62880536336856 0.7901238185727405
77.79979392143764 0.674304466673702
77.97078247950674 0.5388184029995337
78.14177103757584 0.387617203574899
78.31275959564493 0.22511079085486593
78.48374815371403 0.05603881426862974
78.65473671178312 -0.11466758602811182
78.82572526985221 -0.2820296004045307
78.9967138279213 -0.441165961330101
79.1677023859904 -0.5874353100449059
79.3386909440595 -0.7165715660691463
79.50967950212858 -0.8248083513755782
79.68066806019768 -0.9089888402789501
79.85165661826677 -0.9666578311690388
80.02264517633587 -0.9961333547304219
80.19363373440497 -0.9965557301290657
80.36462229247405 -0.9679126383968573
80.53561085054315 -0.9110394817256596
80.70659940861223 -0.8275950181918024
80.87758796668133 -0.7200129825466448
81.04857652475043 -0.5914311040976244
81.21956508281951 -0.4455995919386294
81.39055364088861 -0.28677175664239335
81.56154219895771 -0.11957995853429548
81.73253075702681 0.05109949936964497
81.9035193150959 0.22028859323831038
82.07450787316499 0.3830527670824284
82.24549643123409 0.534644853631878
82.41648498930317 0.6706435298480022
82.58747354737227 0.7870822688885287
82.75846210544137 0.8805650275217214
82.92945066351045 0.9483652948599178
83.10043922157955 0.9885056135646155
83.27142777964865 0.9998152542137989
83.44241633771775 0.9819643607054838
83.61340489578684 0.9354735708151962
83.78439345385593 0.8616988313150007
83.95538201192502 0.7627918505350882
84.12637056999412 0.6416373418055438
84.2973591280632 0.5017688881310924
84.4683476861323 0.3472658819832111
84.63933624420139 0.18263454605579035
84.81032480227049 0.012676505123453136
84.98131336033958 -0.15765125777410938
85.15230191840868 -0.3233809763150577
85.32329047647778 -0.47967899038262735
