0.0 0.0
0.08019512279838457 0.08010919118501446
0.16039024559676915 0.1597034555734008
0.24058536839515374 0.23827117622102056
0.3207804911935383 0.3153073346136059
0.40097561399192283 0.390316756830676
0.4811707367903075 0.4628172964302584
0.561365859588692 0.5323429335954306
0.6415609823870766 0.5984467706219544
0.7217561051854611 0.6607039044925679
0.8019512279838457 0.7187141580735739
0.8821463507822302 0.7721046523781023
0.962341473580615 0.8205322033620259
1.0425365963789994 0.8636855278463758
1.122731719177384 0.9012872443870021
1.2029268419757684 0.9330956562302669
1.2831219647741532 0.9589063048942659
1.3633170875725378 0.9785532843894507
1.4435122103709221 0.9919103076310909
1.523707333169307 0.998891518188875
1.6039024559676913 0.9994520421558772
1.684097578766076 0.9935882765895829
1.7642927015644605 0.9813379126709234
1.8444878243628453 0.9627796934324627
1.92468294716123 0.9380329076130114
2.0048780699596143 0.9072566228920748
2.085073192757999 0.8706486634327613
2.1652683155563834 0.8284443383053115
2.245463438354768 0.7809149289647027
2.3256585611531526 0.728365945504538
2.4058536839515368 0.671135162895691
2.486048806749922 0.6095904498323935
2.5662439295483064 0.5441274041415414
2.646439052346691 0.4751668099543492
2.7266341751450756 0.4031519329851887
2.8068292979434597 0.3285456713030429
2.8870244207418443 0.2518275799098791
2.967219543540229 0.1734907882513971
3.047414666338614 0.09403883047380537
3.1276097891369985 0.013982408801144968
3.2078049119353826 -0.06616388916244509
3.2880000347337677 -0.1458848981049524
3.368195157532152 -0.22466818639210845
3.4483902803305364 -0.3020073498814505
3.528585403128921 -0.3774052669927903
3.6087805259273056 -0.4503772941121272
3.6889756487256906 -0.520454380789542
3.7691707715240748 -0.5871860847071666
3.84936589432246 -0.6501434670375902
3.929561017120844 -0.708921849581869
4.0097561399192285 -0.7631434159647942
4.089951262717613 -0.8124596401674066
4.170146385515998 -0.8565535267866221
4.250341508314382 -0.8951416486219927
4.330536631112767 -0.927975968492383
4.4107317539111515 -0.9548454335722651
4.490926876709536 -0.9755773319995419
4.571121999507921 -0.9900384030348738
4.651317122306305 -0.9981356936366202
4.73151224510469 -0.9998171559454875
4.8117073679030735 -0.9950719818383683
4.891902490701459 -0.9839306724009216
4.972097613499844 -0.9664648418723379
5.052292736298228 -0.9427867573224941
5.132487859096613 -0.9130486170203672
5.2126829818949965 -0.8774415721322215
5.292878104693382 -0.836194498037902
5.373073227491766 -0.7895725231629942
5.453268350290151 -0.7378753247832204
5.533463473088536 -0.6814352027553474
5.613658595886919 -0.6206149435562728
5.693853718685305 -0.5558054883598621
5.774048841483689 -0.48742342014070406
5.854243964282074 -0.4159082859571795
5.934439087080458 -0.3417197716257481
6.014634209878842 -0.26533474694706566
6.094829332677228 -0.18724420047670629
6.1750244554756115 -0.10795008354317938
6.255219578273997 -0.027962083799296943
6.335414701072381 0.05220565095407303
6.415609823870765 0.13203781761327127
6.49580494666915 0.21102127004315785
6.576000069467535 0.2886483174838504
6.65619519226592 0.36441998789132773
6.736390315064304 0.4378492352357783
6.816585437862688 0.5084640701417703
6.896780560661073 0.5758105937470788
6.976975683459458 0.6394559152791085
7.057170806257842 0.6989909345952638
7.137365929056227 0.7540329718016396
7.217561051854611 0.8042282270473154
7.297756174652995 0.8492540546831805
7.377951297451381 0.8888210371674153
7.458146420249765 0.9226748453869472
7.5383415430481495 0.9505978734371084
7.618536665846534 0.9724106373514106
7.69873178864492 0.9879729287906878
7.778926911443304 0.9971847162758984
7.859122034241688 0.9999867881716387
7.9393171570400725 0.9963611332873838
8.019512279838457 0.9863310566500307
8.099707402636842 0.9699610297035721
8.179902525435226 0.9473562758987951
8.26009764823361 0.9186620943367528
8.340292771031995 0.8840629258135017
8.42048789383038 0.8437811672693943
8.500683016628765 0.7980757422634237
8.58087813942715 0.7472404366613401
8.661073262225534 0.6916020102354254
8.741268385023918 0.6315180963142043
8.821463507822303 0.5673749029827501
8.901658630620688 0.4995847306098354
8.981853753419072 0.4285833216587968
9.062048876217457 0.3548270598170292
9.142243999015841 0.278790036447579
9.222439121814226 0.2009610032191322
9.30263424461261 0.12184023050231874
9.382829367410995 0.04193629172596918
9.46302449020938 -0.038237205637122844
9.543219613007764 -0.1181649214423252
9.623414735806147 -0.19733309538257823
9.703609858604533 -0.27523284934291775
9.783804981402918 -0.3513634583731606
9.864000104201303 -0.42523556925361666
9.944195226999687 -0.496374345965433
10.02439034979807 -0.5643225218471128
10.104585472596456 -0.6286433388185212
10.184780595394841 -0.6889233547795695
10.264975718193226 -0.7447751011381991
10.34517084099161 -0.7958395733855255
10.425365963789993 -0.8417885387092215
10.50556108658838 -0.8823266458122352
10.585756209386764 -0.9171933233753038
10.665951332185148 -0.9461644549603389
10.746146454983531 -0.9690538195886843
10.826341577781916 -0.9857142887345057
10.906536700580302 -0.9960387720392474
10.986731823378687 -0.9999609056682938
11.066926946177071 -0.997455478885203
11.147122068975454 -0.9885385961015731
11.227317191773839 -0.9732675733609158
11.307512314572225 -0.9517405699219222
11.38770743737061 -0.9240959573092317
11.467902560168994 -0.8905114298873246
11.548097682967377 -0.8512028626746088
11.628292805765762 -0.806422923739446
11.708487928564148 -0.7564594500973895
11.788683051362533 -0.7016335975490471
11.868878174160916 -0.6422977763510641
11.9490732969593 -0.5788333859893497
12.029268419757685 -0.5116483636150049
12.109463542556071 -0.4411745619011215
12.189658665354456 -0.36786497317512395
12.269853788152838 -0.29219081766937777
12.350048910951223 -0.21463851460626474
12.430244033749608 -0.13570655558702094
12.510439156547994 -0.055902300381580304
12.590634279346379 0.02426128428448373
12.670829402144761 0.10426892198348899
12.751024524943146 0.18360633868549678
12.83121964774153 0.26176356841493126
12.911414770539917 0.3382382312158542
12.9916098933383 0.4125387623557152
13.071805016136684 0.48418757201090895
13.15200013893507 0.5527241151242175
13.232195261733454 0.61770785170172
13.31239038453184 0.6787210785209356
13.392585507330223 0.7353716140484639
13.472780630128607 0.7872953193090558
13.552975752926994 0.8341584385023667
13.633170875725376 0.8756597443223971
13.713365998523763 0.9115324741899054
13.793561121322146 0.941546044952022
13.87375624412053 0.9655075350273516
13.953951366918917 0.983262924469563
14.0341464897173 0.9946980849786047
14.114341612515684 0.9997395134959303
14.194536735314067 0.9983548046683154
14.274731858112453 0.9905528591433673
14.35492698091084 0.9763838263578384
14.435122103709222 0.9559387821864909
14.515317226507607 0.9293491435235192
14.59551234930599 0.8967858235595048
14.675707472104376 0.858458133183603
14.755902594902762 0.8146124355725677
14.836097717701145 0.7655305626146378
14.91629284049953 0.7115280033472212
14.996487963297913 0.6529518760527788
15.076683086096299 0.5901786970478545
15.156878208894685 0.523611960507102
15.237073331693068 0.4536795448787009
15.317268454491453 0.38083096256225174
15.39746357728984 0.3055344705277252
15.477658700088222 0.22827406044783125
15.557853822886608 0.149546347690664
15.638048945684991 0.06985737916965236
15.718244068483376 -0.010280619430738413
15.798439191281762 -0.09035253614523853
15.878634314080145 -0.16984368377049236
15.95882943687853 -0.2482431081775036
16.039024559676914 -0.32504687262854765
16.1192196824753 -0.3997612969876425
16.199414805273683 -0.47190613100349454
16.279609928072066 -0.5410176412676989
16.359805050870452 -0.6066515920057607
16.440000173668835 -0.6683861005409963
16.52019529646722 -0.7258243490769613
16.600390419265608 -0.7785971353675052
16.68058554206399 -0.8263652458793003
16.760780664862377 -0.8688216361925664
16.84097578766076 -0.9056934046247709
16.921170910459146 -0.9367435463912731
17.00136603325753 -0.9617724770274395
17.081561156055912 -0.9806193152800112
17.1617562788543 -0.9931629172215017
17.24195140165268 -0.9993226549405508
17.322146524451068 -0.9990589348029603
17.402341647249454 -0.9923734519521165
17.482536770047837 -0.9793091794129298
17.562731892846223 -0.9599500918693197
17.642927015644606 -0.9344206258907626
17.72312213844299 -0.9028848800774498
17.803317261241375 -0.8655455602653856
17.883512384039758 -0.8226426765714484
17.963707506838144 -0.7744520006535409
18.043902629636527 -0.7212832931023148
18.124097752434913 -0.6634783123584036
18.2042928752333 -0.6014086179535355
18.284487998031683 -0.5354731821958192
18.36468312083007 -0.466095825650864
18.44487824362845 -0.3937224929030087
18.525073366426835 -0.3188183861074821
18.60526848922522 -0.24186497475855423
18.685463612023604 -0.16335690089429714
18.76565873482199 -0.0837987996306795
18.845853857620373 -0.003702055462090249
18.92604898041876 0.07641848482192744
19.006244103217146 0.1560478214748705
19.08643922601553 0.23467411211468442
19.16663434881391 0.3117919617502236
19.246829471612294 0.38690567136507986
19.32702459441068 0.4595324241775277
19.407219717209067 0.5292053890958748
19.48741484000745 0.5954767214208238
19.567609962805836 0.6579204415068793
19.64780508560422 0.7161351728792793
19.728000208402605 0.7697467222064182
19.80819533120099 0.8184104845441048
19.888390453999374 0.8618136583912643
19.968585576797757 0.8996772563190909
20.04878069959614 0.931757898249701
20.128975822394526 0.9578493758574499
20.209170945192913 0.9777839780372167
20.289366067991295 0.9914335689198124
20.369561190789682 0.99871041150522
20.449756313588065 0.9995677316195064
20.52995143638645 0.9940000185704078
20.610146559184837 0.9820430605690207
20.69034168198322 0.9637737146899213
20.770536804781603 0.9393094128483597
20.850731927579986 0.9088074069700222
20.930927050378372 0.8724637582052609
21.01112217317676 0.8305120766849422
21.09131729597514 0.7832220199185109
21.171512418773528 0.7308975594862883
21.25170754157191 0.6738750271674057
21.331902664370297 0.61252095306244
21.41209778716868 0.547229709606964
21.492292909967063 0.47842097661977073
21.57248803276545 0.40653704368003
21.65268315556383 0.33203996717316614
21.732878278362218 0.25540860027939305
21.813073401160604 0.1771355149956614
21.893268523958987 0.0977238359756024
21.973463646757374 0.01768400653898018
22.053658769555756 -0.06246949236182817
22.133853892354143 -0.14222144912854748
22.214049015152526 -0.22105923320011728
22.29424413795091 -0.2984760901454363
22.374439260749295 -0.3739743989854144
22.454634383547678 -0.44706887080691604
22.534829506346064 -0.5172896681085386
22.61502462914445 -0.5841854248275795
22.695219751942833 -0.6473261476361071
22.77541487474122 -0.7063059798571135
22.855609997539602 -0.7607458102347942
22.93580512033799 -0.810295709790335
23.01600024313637 -0.8546371810994796
23.096195365934754 -0.8934852055340146
23.17639048873314 -0.9265900753078372
23.256585611531523 -0.9537389985515815
23.33678073432991 -0.9747574670986959
23.416975857128296 -0.9895103781910701
23.49717097992668 -0.9979029028941288
23.577366102725065 -0.9998810956393673
23.657561225523448 -0.9954322409763069
23.73775634832183 -0.9845849353050165
23.817951471120217 -0.9674089030638364
23.8981465939186 -0.9440145485538218
23.978341716716987 -0.9145522462806774
24.05853683951537 -0.8792113743757586
24.138731962313756 -0.8382190973090917
24.218927085112142 -0.7918389057189459
24.299122207910525 -0.7403689227436204
24.37931733070891 -0.68413998774204
24.459512453507294 -0.623513529720668
24.539707576305677 -0.5588792441358914
24.619902699104063 -0.49065258800501316
24.700097821902446 -0.41927210942678356
24.780292944700832 -0.34519662867677703
24.860488067499215 -0.2689022889970808
24.9406831902976 -0.19087949603716461
25.020878313095988 -0.11162976561873122
25.10107343589437 -0.0316625000864385
25.181268558692757 0.04850828603446405
25.26146368149114 0.12836727002669146
25.341658804289523 0.20740113337834123
25.42185392708791 0.28510186129762066
25.502049049886292 0.36097000813626084
25.58224417268468 0.4345179077321236
25.66243929548306 0.5052728080354387
25.742634418281447 0.5727799098699883
25.822829541079834 0.636605290296552
25.903024663878217 0.6963386917878639
25.9832197866766 0.7515961592867528
26.063414909474982 0.8020225081969435
26.14361003227337 0.8472936074427664
26.223805155071755 0.8871184629226727
26.30400027787014 0.921241087964533
26.38419540066852 0.9494421487597589
26.464390523466907 0.9715403741997349
26.544585646265293 0.9873937210523567
26.62478076906368 0.9969002869891909
26.704975891862063 0.9999989655944521
26.785171014660445 0.9966698391455379
26.865366137458828 0.9869343066403975
26.945561260257215 0.9708549462488031
27.0257563830556 0.948535113071659
27.105951505853987 0.9201182747938735
27.186146628652367 0.8857870895010981
27.266341751450753 0.8457622315879342
27.34653687424914 0.8003009733044953
27.426731997047526 0.7496955310588153
27.50692711984591 0.694271187104806
27.58712224264429 0.6343841986891718
27.667317365442674 0.5704195080969164
27.74751248824106 0.5027882683148135
27.827707611039447 0.43192520021743497
27.907902733837833 0.35828579826321766
27.988097856636212 0.28234340266186186
28.0682929794346 0.2045861568325651
28.148488102232985 0.12551386971007947
28.228683225031368 0.045634803066968536
28.308878347829754 -0.03453759549737028
28.389073470628134 -0.11448799290116572
28.46926859342652 -0.1937024830443291
28.549463716224906 -0.2716718901000528
28.629658839023293 -0.3478950414011772
28.70985396182168 -0.42188198888371864
28.79004908462006 -0.49315715838076307
28.870244207418445 -0.5612624065236866
28.95043933021683 -0.6257599656014247
29.030634453015214 -0.6862352574489106
29.1108295758136 -0.7422995582774616
29.19102469861198 -0.7935924973180768
29.271219821410366 -0.8397843732169112
29.351414944208752 -0.8805782732934678
29.43161006700714 -0.9157119820394175
29.511805189805525 -0.9449596665905085
29.592000312603904 -0.9681333283376917
29.67219543540229 -0.9850840113467882
29.752390558200677 -0.9957027598191734
29.83258568099906 -0.9999213184391439
29.912780803797446 -0.9977125711062322
29.992975926595825 -0.9890907152323947
30.07317104939421 -0.9741111704837186
30.153366172192598 -0.9528702225532476
30.233561294990984 -0.9255044042546751
30.31375641778937 -0.8921896179151264
30.39395154058775 -0.8531400047081265
30.474146663386136 -0.8086065681944432
30.55434178618452 -0.758875560918486
30.634536908982906 -0.7042666444308278
30.714732031781292 -0.6451308345639657
30.79492715457968 -0.5818482451686368
30.875122277378058 -0.5148256448135674
30.955317400176444 -0.4444938421536828
31.03551252297483 -0.3713049167732291
31.115707645773217 -0.2957293133033068
31.1959027685716 -0.2182528174923754
31.276097891369982 -0.1393734336669233
31.356293014168365 -0.0595981836534402
31.43648813696675 0.020560152262419914
31.516683259765138 0.1005863313909493
31.596878382563524 0.179965960521388
31.677073505361903 0.25818880234461355
31.75726862816029 0.33475205516251566
31.837463750958676 0.4091635848025939
31.91765887375706 0.4809450879637761
31.997853996555445 0.5496351666599801
32.07804911935383 0.614792293999467
32.158244242152215 0.6759976522365865
32.2384393649506 0.7328578248533644
32.31863448774898 0.7850073253668076
32.39882961054737 0.832110946607212
32.479024733345746 0.8738659153667
32.55921985614413 0.9100038385684225
32.63941497894252 0.9402924284466924
32.719610101740905 0.9645369956490184
32.79980522453929 0.9825817006626
32.88000034733767 0.9943105555213703
32.96019547013606 0.9996481693548057
33.04039059293444 0.9985602329862397
33.12058571573283 0.9910537394657943
33.200780838531216 0.9771769391203697
33.280975961329595 0.9570190294096306
33.36117108412798 0.9307095815815227
33.44136620692637 0.8984177078127004
33.521561329724754 0.8603509741872912
33.60175645252314 0.8167540665011929
33.68195157532152 0.7679072174678553
33.762146698119906 0.7141244054351479
33.84234182091829 0.6557513361916864
33.92253694371667 0.5931632208351078
34.00273206651506 0.5267623639857676
34.08292718931344 0.4569755778484321
34.163122312111824 0.38425143874374723
34.24331743491021 0.3090574037441568
34.3235125577086 0.23187680594783758
34.40370768050698 0.15320574770456005
34.48390280330536 0.07354991176320587
34.56409792610375 -0.006578689161751787
34.644293048902135 -0.08666500351152422
34.72448817170052 -0.16619425153747258
34.80468329449891 -0.24465523420839375
34.88487841729729 -0.32154361910162893
34.96507354009567 -0.39636518215693956
35.04526866289406 -0.46863898445566443
35.125463785692446 -0.5379004636055574
35.20565890849083 -0.603704419860362
35.28585403128921 -0.6656278777799455
35.3660491540876 -0.7232728050368042
35.44624427688598 -0.7762686708928799
35.526439399684364 -0.824274827901414
35.60663452248275 -0.8669827015245596
35.68682964528113 -0.9041177735924224
35.767024768079516 -0.9354413468541742
35.8472198908779 -0.9607520792790156
35.92741501367629 -0.979887278244851
36.007610136474675 -0.9927239462958258
36.087805259273054 -0.9991795717468126
36.16800038207144 -0.9992126590529874
36.24819550486983 -0.9928229955353755
36.32839062766821 -0.9800516527479145
36.4085857504666 -0.9609807224772385
36.48878087326498 -0.9357327890721338
36.568975996063365 -0.9044701414944172
36.64917111886175 -0.8673937301560617
36.72936624166014 -0.8247418752477788
36.80956136445852 -0.7767887348617127
36.8897564872569 -0.7238425427548311
36.96995161005528 -0.6662436270804044
37.05014673285367 -0.6043622228226828
37.130341855652055 -0.5385960919961658
37.21053697845044 -0.4693679669062502
37.29073210124882 -0.397122832905582
37.37092722404721 -0.32232506811197276
37.451122346845594 -0.2454554584733379
37.53131746964398 -0.16700810736612853
37.61151259244237 -0.08748725959187183
37.691707715240746 -0.007404060186541921
37.77190283803913 0.07272673112351287
37.85209796083752 0.1523900487001208
37.932293083635905 0.231073831738252
38.01248820643429 0.3082723156964466
38.09268332923267 0.38348928325604686
38.17287845203106 0.4562412539127118
38.25307357482944 0.5260605916980212
38.33326869762782 0.5924985110554475
38.41346382042621 0.6551279615494245
38.49365894322459 0.7135463728650947
38.573854066022975 0.7673782424545347
38.65404918882136 0.8162775491963903
38.73424431161975 0.8599299775545107
38.814439434418134 0.8980549379390251
38.89463455721651 0.9304073702833895
38.9748296800149 0.9567793192443615
39.055024802813286 0.9770012708997722
39.13521992561167 0.9909432423521103
39.21541504841006 0.9985156172341099
39.29561017120844 0.9996697217458839
39.375805294006824 0.9943981375209451
39.45600041680521 0.9827347493100683
39.5361955396036 0.9647545271764937
39.61639066240198 0.9405730446024765
39.69658578520036 0.9103457356047082
39.77678090799875 0.8742668956337137
39.856976030797135 0.8325684326792968
39.937171153595514 0.7855183766096432
40.0173662763939 0.7334191563257824
