0.0 0.0
0.09159927096132146 0.09147123186408875
0.18319854192264293 0.1821755175612798
0.27479781288396443 0.27135234143196113
0.36639708384528585 0.3582539949141078
0.4579963548066073 0.4421518457516874
0.5495956257679289 0.5223424472566044
0.6411948967292502 0.5981534364007011
0.7327941676905717 0.668949171284903
0.8243934386518931 0.7341360607177981
0.9159927096132146 0.793167541217473
1.0075919805745361 0.8455486597066281
1.0991912515358577 0.8908402234770818
1.1907905224971789 0.9286624826280329
1.2823897934585005 0.9586983141024497
1.3739890644198218 0.980695880624836
1.4655883353811434 0.9944707422463515
1.557187606342465 0.9999074027928996
1.6487868773037861 0.9969602782499009
1.7403861482651077 0.985654078964265
1.831985419226429 0.9660836024589685
1.9235846901877507 0.9384129385973946
2.0151839611490723 0.9028740937617868
2.1067832321103936 0.8597650455814742
2.1983825030717155 0.8094472445211183
2.2899817740330364 0.7523425832770742
2.3815810449943577 0.6889298593921376
2.4731803159556796 0.6197407607481153
2.564779586917001 0.5453554075960944
2.6563788578783227 0.46639748850252954
2.7479781288396437 0.38352903099412045
2.839577399800965 0.2974448507473098
2.931176670762287 0.20886672586353291
3.022775941723608 0.11853734507635372
3.11437521268493 0.027214080632117655
3.205974483646251 -0.06433736194420454
3.2975737546075723 -0.15534936395406873
3.389173025568894 -0.24505882967152184
3.4807722965302155 -0.332713584566229
3.5723715674915373 -0.417578681957067
3.663970838452858 -0.49894256521775
3.75557010941418 -0.5761230338671118
3.8471693803755014 -0.6484729635209739
3.9387686513368223 -0.7153857317463316
4.030367922298145 -0.7763003043244361
4.121967193259465 -0.8307059392766883
4.213566464220787 -0.878146469212164
4.305165735182109 -0.9182241260911388
4.396765006143431 -0.9506028763356769
4.488364277104751 -0.975011238323819
4.579963548066073 -0.9912445586439351
4.671562819027395 -0.9991667280238331
4.7631620899887155 -0.9987113225473196
4.854761360950038 -0.9898821605896092
4.946360631911359 -0.9727532708019225
5.0379599028726805 -0.947468271413709
5.129559173834002 -0.914239166056773
5.221158444795323 -0.8733445662077896
5.3127577157566455 -0.8251273551532498
5.404356986717966 -0.7699918130634682
5.495956257679287 -0.7084002272806367
5.58755552864061 -0.6408690162421877
5.67915479960193 -0.5679643995386592
5.770754070563252 -0.4902976504107211
5.862353341524574 -0.4085199704911207
5.953952612485894 -0.32331702976455134
6.045551883447216 -0.23540321752551277
6.137151154408538 -0.14551565253736126
6.22875042536986 -0.05440800261471312
6.3203496963311805 0.03715583455067112
6.411948967292502 0.12840813633705464
6.503548238253824 0.21858379221023536
6.595147509215145 0.3069267188398562
6.686746780176467 0.3926961995265788
6.778346051137788 0.4751730947867732
6.86994532209911 0.5536658720217387
6.961544593060431 0.6275164037152855
7.053143864021752 0.6961054855443553
7.144743134983075 0.7588580281357347
7.236342405944395 0.8152478789382565
7.327941676905716 0.8648022337812166
7.419540947867038 0.9071056011300043
7.51114021882836 0.9418032858004202
7.602739489789681 0.9686043629222513
7.694338760751003 0.9872841172167331
7.785938031712323 0.9976859271356172
7.877537302673645 0.9997225780641718
7.969136573634968 0.9933769935774798
8.06073584459629 0.9787023786187745
8.15233511555761 0.9558217733993216
8.24393438651893 0.9249270217602042
8.335533657480251 0.8862771626458412
8.427132928441575 0.8401962581760355
8.518732199402896 0.7870706765272097
8.610331470364217 0.7273458524046734
8.701930741325539 0.6615225522679569
8.793530012286862 0.5901526756236422
8.885129283248181 0.5138346275900297
8.976728554209503 0.43320830153262146
9.068327825170824 0.3489497138388731
9.159927096132146 0.2617653358172278
9.251526367093469 0.17238617024499875
9.34312563805479 0.08156162223064997
9.434724909016111 -0.009946784219416567
9.526324179977431 -0.10137179124569994
9.617923450938752 -0.19194684025630032
9.709522721900075 -0.2809124991845493
9.801121992861397 -0.3675228299938601
9.892721263822718 -0.451051643041062
9.98432053478404 -0.5307985858580997
10.075919805745361 -0.6060950153003591
10.167519076706682 -0.676309603826219
10.259118347668004 -0.7408536329016355
10.350717618629325 -0.7991859291468834
10.442316889590646 -0.8508174018380277
10.533916160551968 -0.895315143718166
10.625515431513291 -0.9323060607349387
10.71711470247461 -0.9614800002705437
10.808713973435932 -0.9825923516354343
10.900313244397253 -0.9954660970216772
10.991912515358575 -0.999993295719648
11.083511786319898 -0.9961359891535472
11.17511105728122 -0.9839265191474121
11.26671032824254 -0.9634672567531051
11.35830959920386 -0.934929743913936
11.449908870165181 -0.8985532551606907
11.541508141126505 -0.8546427913996206
11.633107412087826 -0.8035665226135946
11.724706683049147 -0.7457527009182396
11.816305954010469 -0.6816860698557532
11.907905224971788 -0.6119038000328737
11.999504495933111 -0.5369909851808983
12.091103766894433 -0.45757573640133664
12.182703037855754 -0.37432391572975315
12.274302308817076 -0.28793355317460095
12.365901579778397 -0.19912899404170287
12.45750085073972 -0.10865482561650229
12.54910012170104 -0.017269634126202867
12.640699392662361 0.07426035567310652
12.732298663623682 0.16516770495500632
12.823897934585004 0.2546901954607748
12.915497205546327 0.3420772203652366
13.007096476507648 0.42659607778582653
13.09869574746897 0.5075381141665779
13.19029501843029 0.58422466602742
13.28189428939161 0.656012750259856
13.373493560352934 0.7223004552583571
13.465092831314255 0.782531987685223
13.556692102275576 0.8362023325539971
13.648291373236898 0.8828614875586609
13.73989064419822 0.9221182361456352
13.83148991515954 0.9536434276930241
13.923089186120862 0.9771727372942395
14.014688457082183 0.9925088820064297
14.106287728043505 0.9995232749814428
14.197886999004826 0.998157103610159
14.28948626996615 0.9884218226404281
14.381085540927469 0.9703990581340329
14.47268481188879 0.9442399230679535
14.564284082850111 0.910163750318324
14.655883353811433 0.8684562536504485
14.747482624772756 0.8194671321341697
14.839081895734076 0.7636071380705245
14.930681166695399 0.7013446330138134
15.02228043765672 0.6332016607653703
15.11387970861804 0.5597495702652054
15.205478979579363 0.48160422508169204
15.297078250540682 0.39942083966563147
15.388677521502006 0.31388848566438704
15.480276792463329 0.22572431435831694
15.571876063424646 0.13566754366176892
15.66347533438597 0.044473260105014796
15.75507460534729 -0.04709391223514765
15.846673876308612 -0.1382662227730081
15.938273147269935 -0.2282792316659017
16.029872418231253 -0.3163782193070741
16.12147168919258 -0.40182451431864047
16.213070960153896 -0.483901686987122
16.30467023111522 -0.5619215562124734
16.396269502076542 -0.6352299596047751
16.48786877303786 -0.7032122383490392
16.579468043999185 -0.7652983908498282
16.671067314960503 -0.8209678519446486
16.762666585921828 -0.8697538576145947
16.85426585688315 -0.9112473585959268
16.94586512784447 -0.9451004500787927
17.037464398805792 -0.9710292887364843
17.12906366976711 -0.9888164726272606
17.220662940728435 -0.9983128640142968
17.312262211689756 -0.9994388398202014
17.403861482651077 -0.9921849592316097
17.4954607536124 -0.9766120428562597
17.587060024573724 -0.9528506627688683
17.67865929553504 -0.9211000477215485
17.770258566496363 -0.8816264126980787
17.861857837457684 -0.8347607268180162
17.953457108419006 -0.7808959383057615
18.04505637938033 -0.7204836797920132
18.13665565034165 -0.6540304815722227
18.228254921302973 -0.582093524572165
18.31985419226429 -0.5052759686302524
18.411453463225612 -0.42422189526674703
18.503052734186937 -0.33961090734268756
18.594652005148255 -0.2521524308879225
18.68625127610958 -0.16257976687491626
18.777850547070898 -0.0716439428117156
18.869449818032223 0.019892584294417384
18.961049088993544 0.11126232080460338
19.052648359954862 0.20169917154597916
19.144247630916187 0.290444863183771
19.235846901877505 0.37675530201065166
19.32744617283883 0.4599068128462248
19.41904544380015 0.5392022067360142
19.510644714761472 0.6139766265751488
19.602243985722794 0.6836031216436165
19.69384325668411 0.7474979043131182
19.785442527645436 0.80512524485034
19.877041798606758 0.8560019632758116
19.96864106956808 0.8997014806161733
20.0602403405294 0.9358573955817907
20.151839611490722 0.9641665566808945
20.243438882452043 0.9843916040119006
20.335038153413365 0.9963629594220965
20.426637424374686 0.9999802483460882
20.518236695336007 0.9952131414025143
20.60983596629733 0.982101608692608
20.70143523725865 0.9607555846684271
20.79303450821997 0.9313540463806818
20.884633779181293 0.8941435128346498
20.976233050142614 0.8494359780364221
21.067832321103936 0.7976062950599783
21.159431592065257 0.7390890330685429
21.251030863026582 0.6743748336427182
21.3426301339879 0.604006296966002
21.43422940494922 0.5285734323601652
21.525828675910542 0.4487087113158481
21.617427946871864 0.3650817644964523
21.70902721783319 0.27839376717867526
21.800626488794506 0.18937156020531484
21.89222575975583 0.09876155574350108
21.98382503071715 0.0073234789460459885
22.07542430167847 -0.08417600201085779
22.167023572639796 -0.17496970410405716
22.258622843601113 -0.2642963619566602
22.35022211456244 -0.3514070107144232
22.441821385523756 -0.43557126578756367
22.53342065648508 -0.516083446805308
22.625019927446402 -0.5922684944362946
22.71661919840772 -0.6634876304650701
22.808218469369045 -0.7291437136673043
22.899817740330363 -0.7886862465770706
22.991417011291688 -0.8416159911667281
23.08301628225301 -0.8874891547388218
23.17461555321433 -0.925921110933261
23.266214824175652 -0.9565896246506707
23.35781409513697 -0.9792375538523925
23.449413366098295 -0.9936750055837212
23.541012637059616 -0.9997809281430489
23.632611908020937 -0.9975041260473066
23.72421117898226 -0.9868636892836362
23.815810449943577 -0.9679488332482205
23.9074097209049 -0.9409181507143052
23.999008991866223 -0.905998282101351
24.090608262827544 -0.8634820151944946
24.182207533788866 -0.8137258302473686
24.273806804750187 -0.7571469110514993
24.36540607571151 -0.69421964703316
24.45700534667283 -0.6254716557060614
24.54860461763415 -0.5514793588298732
24.640203888595472 -0.4728631493665429
24.731803159556794 -0.3902821897573669
24.823402430518115 -0.30442888513497846
24.91500170147944 -0.21602307780994323
25.006600972440758 -0.1258060117086699
25.09820024340208 -0.03453411736810565
25.1897995143634 0.05702733040256891
25.281398785324722 0.14811062901564118
25.372998056286047 0.23795208495440887
25.464597327247365 0.3257984170084028
25.55619659820869 0.41091307220604284
25.647795869170007 0.4925824014882582
25.73939514013133 0.5701216433429456
25.830994411092654 0.6428806652299308
25.92259368205397 0.7102494146572228
26.014192953015296 0.7716630342036622
26.105792223976614 0.8266065976006569
26.19739149493794 0.874619427163174
26.28899076589926 0.9152989563700787
26.38059003686058 0.9483041052079008
26.472189307821903 0.9733581399771709
26.56378857878322 0.9902509935831276
26.655387849744546 0.9988410268562002
26.746987120705867 0.9990562161343238
26.83858639166719 0.9908947571497676
26.93018566262851 0.9744250801571255
27.021784933589828 0.949785276175642
27.113384204551153 0.9171819391565659
27.204983475512474 0.8768884337834768
27.296582746473796 0.8292426034292788
27.388182017435117 0.7746439374876767
27.47978128839644 0.7135502218297939
27.57138055935776 0.646473700470393
27.66297983031908 0.5739767806264433
27.754579101280402 0.49666731717923485
27.846178372241724 0.4151935160777578
27.937777643203045 0.33023849941607325
28.029376914164366 0.24251457775412022
28.120976185125688 0.15275727770603492
28.21257545608701 0.06171917487203721
28.30417472704833 -0.029836416177955346
28.395773998009652 -0.12114184196226473
28.487373268970973 -0.21143154652526236
28.5789725399323 -0.29994849028834614
28.670571810893616 -0.3859504974948105
28.762171081854937 -0.4687164790281386
28.85377035281626 -0.5475524784279963
28.94536962377758 -0.6217974904108523
29.036968894738905 -0.6908290031094138
29.128568165700223 -0.7540682175616347
29.220167436661548 -0.8109849006862232
29.311766707622866 -0.8611018310544726
29.403365978584187 -0.903998800182702
29.494965249545512 -0.9393161357960984
29.586564520506833 -0.9667577175230214
29.67816379146815 -0.9860934597344699
29.769763062429472 -0.9971612407111791
29.861362333390797 -0.99986826196314
29.95296160435212 -0.9941918263042473
30.04456087531344 -0.9801795281582507
30.136160146274758 -0.9579488545003837
30.22775941723608 -0.9276861997805934
30.319358688197404 -0.8896453030878199
30.410957959158726 -0.8441451206590085
30.502557230120047 -0.7915671515709253
30.594156501081365 -0.7323522390377026
30.685755772042686 -0.6669968741337973
30.77735504300401 -0.5960490329340662
30.868954313965332 -0.5201035819746804
30.960553584926657 -0.43979729055806527
31.05215285588797 -0.3558034917215678
31.143752126849293 -0.26882643663516315
31.235351397810618 -0.1795953897642731
31.32695066877194 -0.08885851430700795
31.418549939733264 0.0026234008261803096
31.51014921069458 0.09408331989385328
31.601748481655903 0.18475439158197154
31.693347752617225 0.2738763787158097
31.784947023578546 0.36070203251533794
31.87654629453987 0.44450335794853796
31.968145565501185 0.5245777176504884
32.05974483646251 0.6002537232295911
32.15134410742383 0.6708968645647666
32.24294337838516 0.7359148298945922
32.334542649346474 0.7947624720916774
32.42614192030779 0.8469463794822777
32.51774119126912 0.8920290128867946
32.60934046223044 0.9296323741939202
32.70093973319176 0.9594411757090489
32.792539004153085 0.9812054837033402
32.8841382751144 0.9947428139984187
32.97573754607572 0.9999396620161994
33.067336817037045 0.9967524544649925
33.15893608799837 0.9852079146824487
33.250535358959695 0.9654028385720931
33.342134629921006 0.9375032830121248
33.43373390088233 0.9017431735412957
33.525333171843656 0.8584223429958747
33.61693244280497 0.8079040175427883
33.7085317137663 0.7506117711874807
33.800130984727616 0.6870259742916551
33.89173025568894 0.6176797658784084
33.98332952665026 0.543154583495356
34.074928797611584 0.46407528811572585
34.16652806857291 0.38110492495315434
34.25812733953422 0.2949391641183211
34.349726610495544 0.2063004677300903
34.44132588145687 0.11593203238754117
34.532925152418194 0.02459155779234045
34.62452442337951 -0.06695510623096654
34.71612369434083 -0.15794038104991293
34.807722965302155 -0.247601395034328
34.89932223626347 -0.3351863799003982
34.9909215072248 -0.4199609739581072
35.08252077818612 -0.501214379411924
35.17412004914745 -0.5782653220886443
35.26571932010876 -0.6504677636225602
35.35731859107008 -0.717216318203898
35.44891786203141 -0.7779513284732898
35.540517132992726 -0.8321635580033507
35.63211640395405 -0.8793984610228149
35.72371567491537 -0.9192599935834709
35.81531494587669 -0.9514139342150216
35.90691421683801 -0.9755906862255244
35.998513487799336 -0.9915875381514483
36.09011275876066 -0.9992703634043872
36.18171202972197 -0.9985747448636956
36.2733113006833 -0.9895065149857917
36.36491057164462 -0.9721417069015693
36.456509842605946 -0.946625916911939
36.548109113567264 -0.9131730837266934
36.63970838452858 -0.8720636946822365
36.73130765548991 -0.82364243397827
36.822906926451225 -0.7683152926519441
36.91450619741255 -0.7065461645210214
37.006105468373875 -0.6388529566376706
37.09770473933519 -0.5658032468649387
37.18930401029651 -0.4880095249852522
37.280903281257835 -0.40612405724219225
37.37250255221916 -0.3208334173740902
37.46410182318048 -0.23285272999429912
37.555701094141796 -0.14291967458489493
37.64730036510312 -0.051788300377722134
37.738899636064446 0.03977729601773231
37.83049890702576 0.1310093772293492
37.92209817798709 0.2211430022635927
38.013697448948406 0.3094224402002475
38.105296719909724 0.395107506664828
38.19689599087105 0.47747976994994834
38.288495261832374 0.5558485747501274
38.38009453279369 0.6295568330036707
38.47169380375501 0.6979865332879306
38.563293074716334 0.7605639225740581
38.65489234567766 0.8167643168945381
38.74649161663898 0.8661165005881821
38.8380908876003 0.9082066772368177
38.92969015856162 0.9426819391667701
39.021289429522945 0.969253226424974
39.11288870048426 0.9876977504198983
39.20448797144559 0.9978608619062054
39.29608724240691 0.9996573476508438
39.38768651336822 0.9930721449086475
39.47928578432955 0.9781604677168417
39.57088505529087 0.9550473439495598
39.66248432625219 0.9239265670139455
39.754083597213516 0.885059070977408
39.84568286817483 0.8387707427499099
39.93728213913616 0.7854496896651132
40.028881410097476 0.7255429853706084
40.1204806810588 0.6595529213113993
40.212079952020126 0.5880327952364346
40.303679222981444 0.5115822720396044
40.39527849394276 0.4308423558325596
40.48687776490409 0.3464900154063406
40.57847703586541 0.2592325081449458
40.67007630682673 0.16980144998230345
40.76167557778805 0.078946681123482
40.85327484874937 -0.012570021036593756
40.94487411971069 -0.10398132908251993
41.036473390672015 -0.19452079928235028
41.12807266163334 -0.2834292978821354
41.21967193259466 -0.36996136610957336
41.311271203555975 -0.45339147051892775
41.4028704745173 -0.5330200862707917
41.494469745478625 -0.6081795623410965
41.58606901643994 -0.6782397194821825
41.67766828740126 -0.7426131339994513
41.769267558362586 -0.8007600630414337
41.86086682932391 -0.8521929701069006
41.95246610028523 -0.8964806128246425
42.04406537124655 -0.9332516587316491
42.13566464220787 -0.9621977987329511
42.22726391316919 -0.983076332138203
42.318863184130514 -0.9957122016005294
42.41046245509184 -0.9999994608956121
42.502061726053164 -0.9959021632343259
42.593660997014474 -0.9834546626608018
42.6852602679758 -0.9627613260088239
42.776859538937124 -0.9339956578317062
42.86845880989844 -0.8973988456426963
42.96005808085977 -0.8532777376634321
43.051657351821085 -0.8020022700361845
43.14325662278241 -0.7440023650715041
43.23485589374373 -0.6797643265382083
43.32645516470505 -0.6098267622195009
43.41805443566638 -0.5347760679229352
43.50965370662769 -0.4552415108087092
43.60125297758901 -0.37188995326043034
43.69285224855034 -0.28542026153653816
43.78445151951166 -0.19655744608314768
43.87605079047298 -0.10604658263941173
43.9676500614343 -0.014646565104160613
44.05924933239562 0.0768762574566333
44.15084860335694 0.16775450631069005
44.242447874318266 0.25722620719362815
44.33404714527959 0.34454117912897847
44.42564641624091 0.4289673243667218
44.51724568720223 0.5097967667018933
44.60884495816355 0.5863517867061266
44.70044422912488 0.6579905041078533
44.792043500086194 0.7241122596769146
44.88364277104751 0.7841626514888117
44.97524204200884 0.8376381833417127
45.06684131297016 0.884090486351302
45.15844058393148 0.9231300783272671
45.250039854892805 0.9544296294106731
45.34163912585412 0.9777267065912689
45.43323839681544 0.9928259740932132
45.524837667776765 0.9996008311798856
45.61643693873809 0.9979944736455469
45.70803620969941 0.9880203700936981
