0.0 0.0
0.11319842906057341 0.11295683197278067
0.22639685812114682 0.22446779308990142
0.3395952871817203 0.3331055199422617
0.45279371624229364 0.4374794271147283
0.565992145302867 0.5362535069676008
0.6791905743634405 0.6281634308112404
0.7923890034240139 0.7120327325752858
0.9055874324845873 0.7867878678181368
1.0187858615451606 0.8514719553182607
1.131984290605734 0.9052570253521096
1.2451827196663074 0.9474546178781488
1.358381148726881 0.9775245949680492
1.4715795777874543 0.9950820546840942
1.5847780068480277 0.9999022579037403
1.697976435908601 0.9919235050269553
1.8111748649691746 0.9712479257438831
1.924373294029748 0.9381401717536482
2.037571723090321 0.8930240291677658
2.1507701521508946 0.8364769939601001
2.263968581211468 0.7692228798987323
2.3771670102720415 0.692122553579744
2.490365439332615 0.606162915156402
2.6035638683931888 0.5124442658126959
2.716762297453762 0.41216622368018413
2.829960726514335 0.30661236847732926
2.9431591555749086 0.19713381142312372
3.056357584635482 0.08513190073351755
3.1695560136960554 -0.027959715926128496
3.282754442756629 -0.1406934424282331
3.395952871817202 -0.2516262637133915
3.5091513008777757 -0.35933821668215293
3.622349729938349 -0.4624505660169281
3.7355481589989226 -0.5596434522797533
3.848746588059496 -0.6496727863865904
3.961945017120069 -0.7313861742053966
4.075143446180642 -0.8037376674398097
4.188341875241216 -0.8658011519840769
4.301540304301789 -0.9167822023755146
4.414738733362363 -0.9560282506050476
4.527937162422936 -0.9830369391229477
4.64113559148351 -0.9974625511195665
4.754334020544083 -0.9991204357721365
4.867532449604656 -0.9879893718135655
4.98073087866523 -0.9642118391690523
5.093929307725803 -0.9280921951835205
5.2071277367863775 -0.8800927787845351
5.32032616584695 -0.8208279924482282
5.433524594907524 -0.7510564377202862
5.546723023968097 -0.6716712049589776
5.65992145302867 -0.5836884415934974
5.773119882089244 -0.4882343452263183
5.886318311149817 -0.38653074807051
5.9995167402103915 -0.2798794772442295
6.112715169270964 -0.16964569111385397
6.2259135983315375 -0.05724040498400067
6.339112027392111 0.05589757019074796
6.452310456452684 0.16832004488421112
6.565508885513258 0.2785879881246312
6.678707314573831 0.38528994738930206
6.791905743634404 0.48706011548933337
6.905104172694978 0.5825958131846891
7.018302601755551 0.6706741637483874
7.131501030816125 0.7501677460420128
7.244699459876698 0.8200590257399029
7.357897888937271 0.8794533799793668
7.471096317997845 0.9275905487187088
7.5842947470584186 0.9638543662232958
7.697493176118992 0.9877806481146437
7.810691605179565 0.9990631330266465
7.923890034240138 0.9975574028145245
8.037088463300712 0.9832827311370036
8.150286892361285 0.9564218367494898
8.263485321421859 0.9173185446661365
8.376683750482432 0.8664733851284209
8.489882179543006 0.80453718671433
8.603080608603578 0.7323027455977077
8.716279037664153 0.6506946775929414
8.829477466724725 0.5607575828809528
8.9426758957853 0.46364267491041405
9.055874324845872 0.3605930446270669
9.169072753906445 0.2529277486520192
9.28227118296702 0.14202492508366804
9.395469612027593 0.02930415304448106
9.508668041088166 -0.0837917182259505
9.621866470148738 -0.1958150381401457
9.735064899209313 -0.3053318849902344
9.848263328269887 -0.41094042044294354
9.96146175733046 -0.5112888333607498
10.074660186391034 -0.6050926432645599
10.187858615451606 -0.6911511419499974
10.301057044512179 -0.7683627628012338
10.414255473572755 -0.8357391810719293
10.527453902633328 -0.8924179646467755
10.6406523316939 -0.9376736133512932
10.753850760754473 -0.9709268455043919
10.867049189815049 -0.9917520128439267
10.980247618875621 -0.9998825489126524
11.093446047936194 -0.9952143811641171
11.206644476996766 -0.9778072631128186
11.31984290605734 -0.9478840094768382
11.433041335117915 -0.9058276441032789
11.546239764178488 -0.8521764971836547
11.659438193239062 -0.7876173145158853
11.772636622299634 -0.7129764670157847
11.885835051360207 -0.6292093729980949
11.999033480420783 -0.537388268624081
12.112231909481356 -0.43868848305649377
12.225430338541928 -0.3343733940027227
12.3386287676025 -0.22577825621836112
12.451827196663075 -0.1142931099696447
12.56502562572365 -0.0013449882300109381
12.678224054784222 0.11162034963766763
12.791422483844796 0.22315692390051736
12.904620912905369 0.3318370432958614
13.017819341965941 0.4362695797752339
13.131017771026515 0.5351177752316585
13.24421620008709 0.6271163522804113
13.357414629147662 0.7110877100717342
13.470613058208235 0.7859569978257316
13.583811487268807 0.8507658731450741
13.697009916329383 0.904684768996271
13.810208345389956 0.9470235123395918
13.923406774450529 0.9772401584869993
14.036605203511103 0.9949479281064487
14.149803632571675 0.9999201580774861
14.26300206163225 0.9920932028261592
14.376200490692824 0.9715672490015511
14.489398919753397 0.9386050330659138
14.602597348813969 0.8936284782135058
14.715795777874542 0.8372132936662778
14.828994206935118 0.7700816054765339
14.94219263599569 0.6930927131638345
15.055391065056263 0.607232090503073
15.168589494116837 0.5135987712559593
15.28178792317741 0.41339128131113595
15.394986352237984 0.3078922973044403
15.508184781298556 0.1984522280921879
15.62138321035913 0.08647192923797271
15.734581639419703 -0.0266152282288123
15.847780068480276 -0.13936170525918024
15.960978497540852 -0.2503243235843263
16.074176926601424 -0.3580827386965054
16.187375355662 -0.46125762055307107
16.30057378472257 -0.558528309286818
16.413772213783144 -0.6486497199259643
16.526970642843718 -0.730468279739771
16.640169071904293 -0.8029366942085463
16.753367500964863 -0.865127352610508
16.866565930025438 -0.9162442016312454
16.979764359086012 -0.9556329350110867
17.092962788146586 -0.9827893688008131
17.206161217207157 -0.9973658950206815
17.31935964626773 -0.999175931114596
17.432558075328306 -0.9881963082454863
17.545756504388876 -0.9645675678612261
17.65895493344945 -0.9285921627349742
17.772153362510025 -0.8807305855070093
17.8853517915706 -0.8215954742835109
17.99855022063117 -0.7519437707418546
18.111748649691744 -0.6726670311202831
18.22494707875232 -0.5847800141133254
18.33814550781289 -0.48940769175022697
18.451343936873464 -0.3877708495198548
18.56454236593404 -0.28117046006348795
18.677740794994612 -0.17097103045543285
18.790939224055187 -0.058583136229694334
18.904137653115757 0.05455463427911562
19.01733608217633 0.16699409416458966
19.130534511236906 0.2772959950409894
19.243732940297477 0.3840484497208281
19.356931369358055 0.4858850046634486
19.470129798418625 0.5815021308634581
19.5833282274792 0.6696759092921538
19.696526656539774 0.7492776973146699
19.809725085600345 0.8192885755495906
19.92292351466092 0.8788123902481728
20.03612194372149 0.9270872242480132
20.149320372782068 0.9634951496706229
20.262518801842642 0.9875701375263015
20.375717230903213 0.9990040229817864
20.488915659963787 0.9976504499339697
20.602114089024358 0.9835267443983448
20.715312518084932 0.9568136927324177
20.82851094714551 0.9178532275328699
20.94170937620608 0.867144050827473
21.054907805266655 0.8053352505857799
21.168106234327226 0.7332179922586308
21.2813046633878 0.6517153916964237
21.394503092448375 0.5618706990749602
21.507701521508945 0.4648339450770129
21.620899950569523 0.36184722026126726
21.734098379630097 0.25422877604582156
21.84729680869067 0.14335615081684555
21.960495237751243 0.030648537151791548
22.073693666811813 -0.08245138413965433
22.186892095872388 -0.19449591062890997
22.300090524932962 -0.30405084915954483
22.413288953993533 -0.40971387381688035
22.52648738305411 -0.5101324759902939
22.63968581211468 -0.6040212767636607
22.752884241175256 -0.6901784800318744
22.86608267023583 -0.7675012557399895
22.9792810992964 -0.834999856336461
23.092479528356975 -0.8918102857469009
23.205677957417546 -0.9372053587028496
23.318876386478124 -0.9706040088639112
23.432074815538698 -0.9915787265873016
23.54527324459927 -0.9998610311398759
23.658471673659843 -0.9953449073071394
23.771670102720414 -0.9780881624099624
23.884868531780988 -0.9483116863588932
23.998066960841566 -0.906396624217532
24.111265389902137 -0.852879497466744
24.22446381896271 -0.7884453364185139
24.337662248023282 -0.7139189116860212
24.450860677083856 -0.6302541769488686
24.56405910614443 -0.5385220581483253
24.677257535205 -0.43989674541335977
24.79045596426558 -0.33564066318366526
24.90365439332615 -0.2270883109152728
25.016852822386724 -0.11562918121093972
25.1300512514473 -0.002689974026946027
25.24324968050787 0.11028366538199341
25.356448109568444 0.22184565102156012
25.469646538629014 0.3305679663581862
25.582844967689592 0.435058943226622
25.696043396750166 0.5339810754707897
25.809241825810737 0.6260681392997638
25.92244025487131 0.7101414012146706
26.035638683931882 0.7851247060417096
26.148837112992457 0.8500582519413952
26.26203554205303 0.9041108760709706
26.375233971113605 0.9465906936410347
26.48843240017418 0.9769539541842133
26.60163082923475 0.9948120016738147
26.714829258295325 0.9999362494015085
26.8280276873559 0.992261105934556
26.94122611641647 0.9718848146997435
27.054424545477044 0.9390681964471593
27.167622974537615 0.8942313106905511
27.280821403598193 0.837948078858497
27.394019832658767 0.7709389379812112
27.507218261719338 0.6940616189472576
27.620416690779912 0.6083001673704395
27.733615119840483 0.5147523476020489
27.846813548901057 0.41461559111967533
27.960011977961635 0.3091716691561824
28.073210407022206 0.1997702857623297
28.18640883608278 0.0878118013152127
28.29960726514335 -0.025270692384703308
28.412805694203925 -0.13802971598561906
28.5260041232645 -0.2490219306200199
28.63920255232507 -0.356826612941273
28.752400981385648 -0.4600638406768732
28.86559941044622 -0.5574121559194365
28.978797839506793 -0.6476254800617859
29.091996268567367 -0.7295490638612956
29.205194697627938 -0.802134268469492
29.318393126688512 -0.864451988226614
29.431591555749083 -0.915704543406568
29.54478998480966 -0.9552358906827302
29.657988413870235 -0.9825400206184527
29.771186842930806 -0.9972674346927203
29.88438527199138 -0.9992296189536344
29.99758370105195 -0.9884014570360601
30.110782130112526 -0.9649215516563049
30.2239805591731 -0.9290904504686307
30.337178988233674 -0.8813667989929996
30.45037741729425 -0.822361469857381
30.56357584635482 -0.752829743501533
30.676774275415394 -0.6736616404308586
30.789972704475968 -0.585870528769524
30.90317113353654 -0.4905801529384778
31.016369562597113 -0.38901024949399615
31.129567991657687 -0.2824609342470312
31.24276642071826 -0.17229606051141577
31.355964849778836 -0.059925761498836855
31.469163278839407 0.053211599678471284
31.58236170789998 0.16566784135362939
31.69556013696055 0.2760035003305102
31.808758566021126 0.38280625731095586
31.921956995081704 0.4847090148744278
32.035155424142275 0.5804073966082717
32.14835385320285 0.6686764433961139
32.261552282263416 0.7483862931483459
32.374750711324 0.8185166432710358
32.48794914038457 0.8781698107505019
32.60114756944514 0.9265822226819476
32.71434599850571 0.963134190160853
32.82754442756629 0.9873578404293502
32.94074285662686 0.998943105744486
33.053941285687436 0.9977416923095801
33.16713971474801 0.9837689784655507
33.280338143808585 0.9572038178449644
33.39353657286915 0.9183862500084813
33.50673500192973 0.8678131478680057
33.6199334309903 0.8061318576104692
33.733131860050875 0.7341319125324891
33.84633028911145 0.6527349268505689
33.959528718172024 0.562982798848156
34.0727271472326 0.4660243743617149
34.18592557629317 0.36310074131596204
34.29912400535374 0.2555293435412638
34.412322434414314 0.14468711721958563
34.52552086347489 0.03199286581608096
34.63871929253546 -0.0811109008992878
34.75191772159604 -0.19317643127570838
34.86511615065661 -0.30276926330264575
34.978314579717185 -0.4084865860208198
35.09151300877775 -0.508975195793162
35.20471143783833 -0.6029488175917997
35.3179098668989 -0.6892045695849113
35.431108295959476 -0.7666383602734547
35.54430672502005 -0.8342590210911334
35.657505154080624 -0.8912009935674311
35.7707035831412 -0.9367354086553907
35.88390201220177 -0.9702794164064492
35.99710044126234 -0.991403646570553
36.110298870322914 -0.9998377046243361
36.22349729938349 -0.9954736328770405
36.33669572844406 -0.978367292351335
36.44989415750464 -0.948737647750648
36.56309258656521 -0.9069639646655901
36.67629101562578 -0.8535809548958094
36.78948944468635 -0.7892719320281402
36.90268787374693 -0.7148600648811192
37.01588630280751 -0.6312978407735163
37.12908473186808 -0.5396548734893086
37.24228316092865 -0.44110421199958044
37.355481589989225 -0.33690732519261424
37.4686800190498 -0.22839795481075692
37.58187844811037 -0.11696504327972156
37.69507687717095 -0.004034954957733819
37.808275306231515 0.10894678162381113
37.92147373529209 0.2205339768251147
38.03467216435266 0.3292982914249947
38.14787059341324 0.433847519658919
38.26106902247381 0.532843409741271
38.37426745153438 0.6250187937655063
38.487465880594954 0.7091938077159565
38.600664309655535 0.7842909939716852
38.71386273871611 0.8493490929873074
38.827061167776684 0.9035353476143804
38.94025959683725 0.9461561625654425
39.053458025897825 0.9766659825774315
39.1666564549584 0.9946742756320825
39.279854884018974 0.9999505318466984
39.39305331307955 0.9924272140484098
39.506251742140115 0.9722006222639848
39.61945017120069 0.9395296610595251
39.732648600261264 0.8948325255083788
39.84584702932184 0.8386813482075406
39.95904545838241 0.7717948758618565
40.07224388744298 0.6950292691772713
40.18544231650356 0.6093671438263574
40.298640745564136 0.5159049927641433
40.41183917462471 0.4158391508910282
40.525037603685284 0.3104504817181832
40.63823603274585 0.20108798204919529
40.751434461806426 0.08915151454142073
40.864632890867 -0.023926110826061227
40.977831319927574 -0.13669747701710816
41.09102974898815 -0.2477190871764977
41.204228178048716 -0.3555698416887827
41.31742660710929 -0.45886922854786943
41.430625036169864 -0.5562949941967189
41.54382346523044 -0.6466000686468955
41.65702189429102 -0.7286285282328289
41.77022032335158 -0.8013303916742308
41.88341875241216 -0.8637750600541243
41.996617181472736 -0.9151632286777249
42.10981561053331 -0.9548371183382288
42.223014039593885 -0.9822888950269361
42.33621246865445 -0.9971671703137964
42.449410897715026 -0.9992814991921306
42.5626093267756 -0.9886048178141728
42.675807755836175 -0.9652737899139349
42.78900618489675 -0.9295870574830909
42.902204613957316 -0.8820014180916038
43.01540304301789 -0.8231259777841614
43.128601472078465 -0.7537143543966066
43.241799901139046 -0.6746550310914601
43.35499833019962 -0.5869599835893564
43.468196759260195 -0.49175172667009226
43.58139518832076 -0.39024894575086916
43.69459361738134 -0.28375089746039156
43.80779204644191 -0.17362077888483193
43.920990475502485 -0.06126827836262698
44.03418890456306 0.0518684688183576
44.14738733362363 0.16434128885050858
44.2605857626842 0.274710506331315
44.373784191744775 0.3815633724068009
44.48698262080535 0.48353214824962815
44.600181049865924 0.579311612399496
44.71337947892649 0.6676757678682895
44.826577907987065 0.7474935351555952
44.93977633704765 0.8177432303006539
45.05297476610822 0.8775256426487729
45.166173195168795 0.9260755449340577
45.27937162422936 0.9627714883469616
45.39257005328994 0.9871437572078352
45.50576848235051 0.9988803814249442
45.618966911411086 0.997831129776299
45.73216534047166 0.9840094329004234
45.84536376953223 0.9575922113814008
45.9585621985928 0.9189176111287297
46.071760627653376 0.8684806750396228
46.18495905671395 0.8069270063473364
46.29815748577453 0.7350445047660021
46.41135591483509 0.6537532812110509
46.52455434389567 0.5640938801887583
46.63775277295625 0.4672139606110498
46.75095120201682 0.3643536055235374
46.864149631077396 0.2568294487856029
46.97734806013796 0.14601782188417256
47.09054648919854 0.03333713660545949
47.20374491825911 -0.07977027092977546
47.316943347319686 -0.19185660246747133
47.43014177638026 -0.30148712973791847
47.54334020544083 -0.4072585592749022
47.6565386345014 -0.5078169948628809
47.769737063561976 -0.6018752676890535
47.88293549262255 -0.6882294123709114
47.99613392168313 -0.7657740779626124
48.1093323507437 -0.8335166766761113
48.22253077980427 -0.8905900892105713
48.33572920886485 -0.9362637640590498
48.44892763792542 -0.9699530687191924
48.562126066985996 -0.9912267731104025
48.675324496046564 -0.9998125694082308
48.78852292510714 -0.995600557640956
48.90172135416771 -0.9786446524319924
49.01491978322829 -0.9491618928815414
49.12811821228886 -0.9075296644211341
49.24131664134943 -0.8542808682019112
49.35451507041 -0.7900970998494488
49.46771349947058 -0.7157999248985342
49.58091192853116 -0.6323403625840612
49.69411035759173 -0.5407867125977819
49.8073087866523 -0.442310880630859
49.920507215712874 -0.3381733777381772
50.03370564477345 -0.22970718553567532
50.14690407383402 -0.11830069375942352
50.2601025028946 -0.005379928589311668
50.373300931955164 0.107609700781541
50.48649936101574 0.21922190368399724
50.59969779007631 0.32802802079311816
50.71289621913689 0.4326353112635911
50.82609464819746 0.5317047801011403
50.93929307725803 0.6239683175759084
51.0524915063186 0.7082449312897932
51.165689935379184 0.7834558631238332
51.27888836443976 0.8486383975656712
51.39208679350033 0.9029581846676241
51.5052852225609 0.9457199198988818
51.618483651621474 0.9763762441875946
51.73168208068205 0.9945347502303976
51.84488050974262 0.9999630053872189
51.9580789388032 0.9925915268672323
52.071277367863765 0.9725146711229802
52.18447579692434 0.9399894260682224
52.29767422598491 0.8954321215793963
52.41087265504549 0.8394131003869236
52.52407108410606 0.7726494175700787
52.63726951316663 0.6959956621033929
52.75046794222721 0.6104330179406726
52.863666371287785 0.5170567046571232
52.97686480034836 0.41706195841179
53.09006322940893 0.3117287326770765
53.2032616584695 0.20240531456907285
53.316460087530075 0.09049106649305633
53.42965851659065 -0.022581485985224463
53.542856945651224 -0.13536499076366007
53.6560553747118 -0.24641579561059426
53.769253803772365 -0.35431242721252965
53.88245223283294 -0.4576737863271187
53.995650661893514 -0.5551768261396102
54.10884909095409 -0.6455734875362615
54.22204752001467 -0.7277066745196095
54.33524594907523 -0.8005250652769774
54.44844437813581 -0.863096569317598
54.561642807196385 -0.914620258423947
54.67484123625696 -0.9544366186989595
54.788039665317534 -0.9820359924805477
54.9012380943781 -0.9970651020652882
55.014436523438675 -0.9993315717362335
55.12763495249925 -0.9888063902119465
55.240833381559824 -0.965624281996919
55.3540318106204 -0.9300819828799958
55.467230239680966 -0.8826344416547928
55.58042866874154 -0.8238889966808535
55.693627097802114 -0.7545976018268147
55.806825526862696 -0.675647201305055
55.92002395592327 -0.5880483766020109
56.03322238498384 -0.49292241082571886
56.14642081404441 -0.3914869360496795
56.259619243104986 -0.28504034737003625
56.37281767216556 -0.17494518317927357
56.486016101226134 -0.06261068439245954
