0.0 0.0
0.12148888132516159 0.12119024829312652
0.24297776265032317 0.24059398223276884
0.3644666439754848 0.35645102319443217
0.48595552530064634 0.46705347578599227
0.6074444066258079 0.5707709046228507
0.7289332879509696 0.6660743692338623
0.8504221692761311 0.7515589627897863
0.9719110506012927 0.8259645224017738
1.0933999319264542 0.8881942056910194
1.2148888132516158 0.9373306597848718
1.3363776945767776 0.9726495443857054
1.4578665759019391 0.993630209563537
1.5793554572271007 0.99996337086674
1.7008443385522622 0.9915556686089497
1.8223332198774238 0.9685310441218732
1.9438221012025854 0.9312289126861052
2.065310982527747 0.8801991600735137
2.1867998638529085 0.8161940364591842
2.30828874517807 0.7401570671980359
2.4297776265032316 0.6532091439368284
2.551266507828393 0.5566320010980876
2.672755389153555 0.4518493213157709
2.7942442704787167 0.3404057483550674
2.9157331518038783 0.22394411689535054
3.0372220331290394 0.10418123484124474
3.1587109144542014 -0.017117424835475743
3.280199795779363 -0.138163749645373
3.4016886771045245 -0.2571733468691064
3.523177558429686 -0.37239184801055475
3.6446664397548476 -0.4821207706507509
3.766155321080009 -0.5847425564626014
3.8876442024051707 -0.6787444162909128
4.009133083730332 -0.7627406307877775
4.130621965055494 -0.8354929778606555
4.252110846380655 -0.8959289858038942
4.373599727705817 -0.9431577430369125
4.4950886090309785 -0.9764830313913149
4.61657749035614 -0.9954135893438547
4.738066371681302 -0.9996703539007844
4.859555253006463 -0.9891905743780559
4.981044134331626 -0.9641287374344751
5.102533015656786 -0.9248542897215267
5.224021896981948 -0.8719461917212005
5.34551077830711 -0.806184383055903
5.466999659632271 -0.7285382850837593
5.588488540957433 -0.6401525102671802
5.709977422282594 -0.5423299889786827
5.8314663036077565 -0.4365127624784913
5.952955184932918 -0.32426072520243154
6.074444066258079 -0.20722862972858616
6.195932947583241 -0.08714169340180566
6.317421828908403 0.0342298337913339
6.438910710233564 0.1550967651919334
6.560399591558726 0.2736773525912881
6.6818884728838865 0.38822355170021366
6.803377354209049 0.49704679077529806
6.9248662355342105 0.5985428625363454
7.046355116859372 0.6912155724332406
7.167843998184534 0.7736987946535616
7.289332879509695 0.8447766107344481
7.410821760834857 0.9034012339073172
7.532310642160018 0.9487084549454281
7.653799523485181 0.9800303818208244
7.7752884048103414 0.9969052853702287
7.896777286135503 0.9990844058309605
8.018266167460665 0.9865356199089764
8.139755048785826 0.9594439143213119
8.261243930110988 0.9182086588322375
8.38273281143615 0.8634377189824082
8.50422169276131 0.7959384952976392
8.625710574086472 0.7167060210719477
8.747199455411634 0.6269082941802444
8.868688336736795 0.5278690591503421
8.990177218061957 0.4210482933107056
9.111666099387119 0.3080206846755151
9.23315498071228 0.19045241883322112
9.354643862037442 0.07007661703243674
9.476132743362603 -0.05133221245774766
9.597621624687765 -0.1719843330902189
9.719110506012926 -0.2901011632684869
9.840599387338088 -0.40394149513570216
9.962088268663251 -0.5118271624222975
10.083577149988413 -0.6121677789721449
10.205066031313573 -0.7034841832666531
10.326554912638734 -0.7844302433415917
10.448043793963896 -0.853812700661569
10.569532675289059 -0.9106087604256182
10.69102155661422 -0.9539811689980789
10.81251043793938 -0.9832905562022981
10.933999319264542 -0.9981048605344043
11.055488200589703 -0.9982056983562831
11.176977081914867 -0.9835915831769113
11.298465963240028 -0.9544779475653211
11.419954844565188 -0.9112939673721678
11.54144372589035 -0.8546762350753285
11.662932607215513 -0.7854593755133077
11.784421488540675 -0.7046637423437018
11.905910369865836 -0.6134803765981875
12.027399251190996 -0.5132534490660644
12.148888132516158 -0.40546044533023423
12.27037701384132 -0.2916903855560277
12.391865895166482 -0.1736204001037372
12.513354776491644 -0.05299100627320186
12.634843657816806 0.06841954936404639
12.756332539141965 0.1888215048150622
12.877821420467129 0.3064399662692487
12.99931030179229 0.4195410725242175
13.120799183117452 0.5264575545334483
13.242288064442613 0.6256133132920813
13.363776945767773 0.7155466537483446
13.485265827092936 0.7949318322401503
13.606754708418098 0.8625985998173774
13.72824358974326 0.9175494533538828
13.849732471068421 0.9589743401435963
13.97122135239358 0.9862625992143385
14.092710233718744 0.9990119633276312
14.214199115043906 0.997034488962382
14.335687996369067 0.980359326866171
14.457176877694229 0.9492322923323173
14.57866575901939 0.9041122415374466
14.700154640344552 0.845664307357432
14.821643521669714 0.7747500943752722
14.943132402994875 0.6924149776202536
15.064621284320037 0.5998726922728079
15.186110165645198 0.49848744150444435
15.307599046970362 0.3897537862083048
15.429087928295521 0.2752746130739528
15.550576809620683 0.15673750578785997
15.672065690945844 0.03588986768131659
15.793554572271006 -0.08548683744720563
15.91504345359617 -0.20560334660877352
16.03653233492133 -0.32268897387171747
16.158021216246492 -0.4350177127574865
16.279510097571652 -0.5409336799986119
16.400998978896812 -0.638875525582167
16.522487860221975 -0.727399449240343
16.64397674154714 -0.8052004840928022
16.7654656228723 -0.8711317336900557
16.88695450419746 -0.9242212788768308
17.00844338552262 -0.9636865052445275
17.129932266847785 -0.9889456399660197
17.251421148172945 -0.9996263279436647
17.372910029498108 -0.995571120846051
17.494398910823268 -0.9768397981173857
17.615887792148428 -0.9437084857445847
17.73737667347359 -0.8966655857726739
17.858865554798754 -0.8364045765731652
17.980354436123914 -0.7638137899995446
18.101843317449077 -0.6799633161289468
18.223332198774237 -0.586089228632535
18.3448210800994 -0.4835753633147072
18.46630996142456 -0.37393291843111176
18.587798842749724 -0.25877817750532967
18.709287724074883 -0.13980868304126673
18.830776605400043 -0.01877821236407803
18.952265486725207 0.10252907551906676
19.07375436805037 0.2223249409268549
19.19524324937553 0.3388434246665811
19.316732130700693 0.45036688075122716
19.438221012025853 0.5552512969120481
19.559709893351016 0.6519505296468524
19.681198774676176 0.7390390965452528
19.80268765600134 0.8152331899001191
19.924176537326503 0.8794096018350197
20.045665418651662 0.9306222819647815
20.167154299976826 0.9681162835059753
20.288643181301982 0.9913388922520817
20.410132062627145 0.9999477743566548
20.53162094395231 0.993816022814683
20.65310982527747 0.9730340282499673
20.77459870660263 0.9379081464304566
20.89608758792779 0.888956182154255
21.017576469252955 0.8268997560801368
21.139065350578118 0.7526536670262327
21.260554231903278 0.6673124065515034
21.38204311322844 0.5721340246140048
21.503531994553597 0.4685215841488214
21.62502087587876 0.35800247795113427
21.746509757203924 0.2422059127627232
21.867998638529084 0.12283889247793887
21.989487519854247 0.0016610545104680159
22.110976401179407 -0.11954126973181653
22.23246528250457 -0.23898138787899806
22.353954163829734 -0.35489858495229293
22.475443045154893 -0.46558407877405755
22.596931926480057 -0.5694062098154162
22.718420807805213 -0.6648344941477684
22.839909689130376 -0.7504621849240045
22.96139857045554 -0.8250270098014013
23.0828874517807 -0.8874297786076069
23.204376333105863 -0.9367505869465236
23.325865214431026 -0.9722623768802054
23.447354095756186 -0.9934416547833153
23.56884297708135 -0.9999762083738988
23.69033185840651 -0.9917697091606158
23.811820739731672 -0.9689431324599032
23.933309621056836 -0.9318329740500194
24.054798502381992 -0.8809862897509954
24.176287383707155 -0.8171526310540274
24.297776265032315 -0.7412729956805023
24.41926514635748 -0.6544659559548497
24.54075402768264 -0.5580111694785499
24.6622429090078 -0.4533305151810509
24.783731790332965 -0.3419671328286935
24.905220671658125 -0.2255626749787415
25.026709552983288 -0.10583310671655935
25.14819843430845 0.015456590078123625
25.26968731563361 0.13651843504132816
25.391176196958774 0.2555678066648775
25.51266507828393 0.3708497501221625
25.634153959609094 0.4806648477654511
25.755642840934257 0.5833942709271486
25.877131722259417 0.6775236437264502
25.99862060358458 0.7616653670952939
26.12010948490974 0.834579073936136
26.241598366234903 0.895189913873876
26.363087247560067 0.9426043980589501
26.484576128885227 0.9761235704470164
26.60606501021039 0.9952533113920525
26.727553891535546 0.9997116216634421
26.84904277286071 0.9894327795104317
26.970531654185873 0.9645683094929766
27.092020535511033 0.9254847487970612
27.213509416836196 0.8727582439621279
27.334998298161356 0.8071660576724581
27.45648717948652 0.729675110814285
27.577976060811682 0.6414277287048455
27.699464942136842 0.5437248016139156
27.820953823462006 0.4380066078153914
27.94244270478716 0.3258315818640883
28.063931586112325 0.20885334108306142
28.18542046743749 0.08879630892341175
28.306909348762648 -0.03256970545767845
28.42839823008781 -0.15345559666790318
28.54988711141297 -0.2720793370043463
28.671375992738135 -0.38669224604297203
28.792864874063298 -0.49560476864236963
28.914353755388458 -0.5972113813578827
29.03584263671362 -0.6900142601105851
29.15733151803878 -0.7726453602164196
29.27882039936394 -0.8438865832849458
29.400309280689104 -0.9026877336992388
29.521798162014264 -0.9481819999732551
29.643287043339427 -0.9796987327697406
29.764775924664587 -0.9967733312127248
29.88626480598975 -0.9991540917565193
30.007753687314914 -0.9868059186492488
30.129242568640073 -0.9599108412934955
30.250731449965237 -0.9188653308774172
30.372220331290396 -0.8642744558329833
30.49370921261556 -0.7969429622780487
30.615198093940723 -0.7178634109291048
30.73668697526588 -0.6282015453632331
30.858175856591043 -0.5292791073216085
30.979664737916202 -0.42255435238116934
31.101153619241366 -0.30960055322068136
31.22264250056653 -0.19208280737334785
31.34413138189169 -0.07173349135215344
31.465620263216852 0.04967327701138303
31.587109144542012 0.17034779155404095
31.708598025867175 0.2885111405616707
31.83008690719234 0.402421430424584
31.951575788517495 0.5103994635941616
32.07306466984266 0.610853492311538
32.19455355116782 0.7023026832035887
32.316042432492985 0.7833989468452638
32.43753131381815 0.8529468104897842
32.559020195143304 0.9099210410148038
32.68050907646847 0.9534817582975865
32.801997957793624 0.9829868162267874
32.92348683911879 0.9980012688374225
33.04497572044395 0.9983037820248368
33.166464601769114 0.9838898963200629
33.28795348309428 0.95497209262865
33.409442364419434 0.9119766599638968
33.5309312457446 0.8555374113484768
33.65242012706976 0.7864863405209268
33.77390900839492 0.7058413571802112
33.89539788972008 0.6147912815680796
34.01688677104524 0.5146783195901922
34.13837565237041 0.40697827681723064
34.25986453369557 0.29327880303946025
34.381353415020726 0.17525598808052034
34.50284229634589 0.054649653880961
34.62433117767105 -0.0667622929190044
34.745820058996216 -0.18719006981874126
34.86730894032138 -0.3048584023632521
34.988797821646536 -0.4180326941802806
35.1102867029717 -0.5250445973654154
35.231775584296855 -0.6243166062717251
35.35326446562202 -0.7143853121571141
35.47475334694718 -0.7939229758830705
35.596242228272345 -0.8617571006531083
35.71773110959751 -0.9168877162611713
35.839219990922665 -0.9585021200559515
35.96070887224783 -0.9859868573186281
36.08219775357299 -0.998936764446408
36.203686634898155 -0.9971609416326985
36.32517551622332 -0.9806855669981869
36.446664397548474 -0.9497535106886019
36.56815327887364 -0.9048207546278831
36.6896421601988 -0.8465496707046506
36.81113104152396 -0.7757992564809085
36.93261992284912 -0.6936124723623404
37.054108804174284 -0.6012008668981319
37.17559768549945 -0.4999267168549004
37.29708656682461 -0.39128294534516855
37.41857544814977 -0.27687111404533593
37.54006432947493 -0.15837781392870895
37.661553210800086 -0.037549802547427485
37.78304209212525 0.08383174562552778
37.90453097345041 0.2039774962079426
38.026019854775576 0.32111633220856806
38.14750873610074 0.43352146277737325
38.268997617425896 0.5395358785262641
38.39048649875106 0.6375967781731434
38.51197538007622 0.7262586064262048
38.633464261401386 0.804214363497832
38.75495314272655 0.8703148721158709
38.876442024051705 0.9235857180095176
38.99793090537687 0.9632416141432981
39.11941978670203 0.9886979769501224
39.240908668027195 0.9995795439135553
39.36239754935235 0.9957259054639961
39.483886430677515 0.977193869640872
39.60537531200268 0.9442566246624065
39.72686419332784 0.8973997117478562
39.848353074653005 0.8373138675584691
39.96984195597816 0.7648848417696357
40.091330837303325 0.681180339877483
40.21281971862849 0.5874342837213359
40.33430859995365 0.48502862174394684
40.455797481278815 0.37547295713185413
40.577286362603964 0.26038229414565855
40.69877524392913 0.1414532306904679
40.82026412525429 0.020438948081636998
40.941753006579454 -0.10087663330850875
41.06324188790462 -0.2207051515407268
41.18473076922977 -0.3372801660738473
41.30621965055494 -0.4488831975776219
41.4277085318801 -0.5538690607299409
41.54919741320526 -0.6506901165575685
41.67068629453043 -0.737919086806753
41.79217517585558 -0.8142700940279046
41.913664057180746 -0.8786176172139818
42.03515293850591 -0.9300130835598064
42.15664181983107 -0.9676988517565763
42.278130701156236 -0.9911193806881222
42.39961958248139 -0.9999294188866757
42.521108463806556 -0.9939990940240753
42.64259734513172 -0.9734158274121584
42.76408622645688 -0.9384830452899313
42.885575107782046 -0.8897157058949375
43.007063989107195 -0.8278327082560877
43.12855287043236 -0.7537462946129494
43.25004175175752 -0.668548602684824
43.371530633082685 -0.5734955660278932
43.49301951440785 -0.4699883998118722
43.614508395733004 -0.3595529449417728
43.73599727705817 -0.24381717502138078
43.85748615838333 -0.12448719773747113
43.978975039708494 -0.0033221044379139046
44.10046392103366 0.11789196134371756
44.221952802358814 0.23736813415072308
44.34344168368398 0.353345167508047
44.46493056500914 0.46411339716723354
44.586419446334304 0.568039943957035
44.70790832765947 0.6635927847141773
44.82939720898462 0.7493633364550152
44.95088609030979 0.8240872208657144
45.07237497163495 0.886662903013154
45.19386385296011 0.9361679295158947
45.31535273428528 0.9718725268017028
45.436841615610426 0.9932503589942593
45.55833049693559 0.9999862868427114
45.67981937826075 0.9919810133165208
45.801308259585916 0.9693525473830716
45.92279714091108 0.9324344643898594
46.044286022236236 0.8817709886956905
46.1657749035614 0.8181089710397875
46.28726378488656 0.7423868789136873
46.408752666211726 0.6557209622332404
46.53024154753689 0.5593887982481691
46.65173042886205 0.4548104582602937
46.77321931018721 0.34352757377944326
46.89470819151237 0.2271806107112551
47.016197072837535 0.10748468658732827
47.1376859541627 -0.013795712674429486
47.25917483548786 -0.1348727437687271
47.38066371681302 -0.25396156132248743
47.50215259813818 -0.36930662902075073
47.623641479463345 -0.47920759867585594
47.74513036078851 -0.5820443757462374
47.86661924211367 -0.6763010018038049
47.98810812343882 -0.7605880018888517
48.109597004763984 -0.8336628673211621
48.23108588608915 -0.8944483720217927
48.35257476741431 -0.9420484523374301
48.474063648739474 -0.9757614162762799
48.59555253006463 -0.9950902874328669
48.71704141138979 -0.9997501311177756
48.83853029271496 -0.9896722546948777
48.96001917404012 -0.9650052202072068
49.08150805536528 -0.926112654363931
49.20299693669044 -0.8735678881723044
49.3244858180156 -0.8081455052339217
49.445974699340766 -0.7308099232953019
49.56746358066593 -0.6427011773767066
49.68895246199109 -0.5451181140558767
49.81044134331625 -0.43949924464651713
49.93193022464141 -0.32740153952252077
50.053419105966576 -0.21047747618944565
50.17490798729174 -0.09045067944676405
50.2963968686169 0.030909487260827595
50.41788574994206 0.15181400474392392
50.53937463126722 0.2704805707222252
50.660863512592385 0.38515987346161396
50.78235239391755 0.4941613790843482
50.90384127524271 0.5958782524111206
51.02533015656786 0.688811043966825
51.146819037893025 0.7715897939703792
51.26830791921819 0.8429942274646056
51.38979680054335 0.9019717428818328
51.511285681868515 0.9476529288683445
51.63277456319367 0.9793643806279738
51.754263444518834 0.996638626853946
51.875752325844 0.999221020912037
51.99724120716916 0.9870734946893741
52.118730088494324 0.9603751197718459
52.24021896981948 0.9195194676775984
52.361707851144644 0.8651088080604591
52.48319673246981 0.7979452304099525
52.60468561379497 0.719018820126463
52.726174495120134 0.6294930632728247
52.84766337644529 0.5306876951567782
52.96915225777045 0.42405924558022856
53.09064113909562 0.3111795675457226
53.21213002042078 0.1937126659370326
53.33361890174594 0.07339016775170085
53.45510778307109 -0.04801420451127273
53.576596664396256 -0.16871078001058817
53.69808554572142 -0.2869203218226104
53.81957442704658 -0.4009002553908851
53.941063308371746 -0.5089703565208352
54.0625521896969 -0.6095375202426216
54.184041071022065 -0.7011192454143852
54.30552995234723 -0.7823654888697714
54.42701883367239 -0.8520785669490466
54.548507714997555 -0.9092308110372168
54.66999659632271 -0.9529797168417694
54.791485477647875 -0.9826803640884313
54.91297435897304 -0.997894923551158
55.0344632402982 -0.9983991112694421
55.155952121623365 -0.9841854948086753
55.27744100294852 -0.9554636028246694
55.398929884273684 -0.9126568363171823
55.52041876559885 -0.8563962271049381
55.64190764692401 -0.7875111355309437
55.763396528249174 -0.7070170245270044
55.88488540957432 -0.6161004902648938
56.00637429089949 -0.5161017700633178
56.12786317222465 -0.40849498540884455
56.24935205354981 -0.29486641133618224
56.37084093487498 -0.1768910925078005
56.49232981620013 -0.05630815070464384
56.613818697525296 0.0651048522698501
56.73530757885046 0.18555811834554478
56.85679646017562 0.30327599732121446
56.978285341500786 0.41652316244067417
57.09977422282594 0.5236301915447359
57.221263104151106 0.6230181766969366
57.34275198547627 0.7132219995025222
57.46424086680143 0.7929119290099433
57.585729748126596 0.8609132238113862
57.70721862945175 0.9162234493799013
57.828707510776916 0.9580272553612849
57.95019639210208 0.9857083949826464
58.07168527342724 0.9988588093947726
58.193174154752406 0.9972846430322824
58.31466303607756 0.9810091013167433
58.43615191740272 0.9502721085761863
58.55764079872788 0.9055267712237668
58.679129680053045 0.8474326983332978
58.80061856137821 0.7768462780757165
58.922107442703364 0.6948080533554886
59.04359632402853 0.602527382747748
59.16508520535369 0.5013646128555619
59.286574086678854 0.3928110248917015
59.40806296800402 0.2784668511005185
59.529551849329174 0.1600176850887031
59.65104073065434 0.03920963380971948
59.7725296119795 -0.08217642250335316
59.894018493304664 -0.20235108301199495
60.01550737462983 -0.3195428045520686
60.13699625595498 -0.43202401666645907
60.25848513728015 -0.538136588418327
60.37997401860531 -0.6363162715683081
60.50146289993047 -0.7251157597890503
60.62295178125564 -0.8032260239918049
