0.0 0.0
0.026928162964760784 0.026924908697744276
0.05385632592952157 0.053830294624951924
0.08078448889428236 0.08069664916669865
0.10771265185904313 0.10750449200902079
0.1346408148238039 0.13423438526374323
0.16156897778856472 0.160866947562545
0.1884971407533255 0.18738286811004323
0.21542530371808627 0.21376292068570638
0.24235346668284705 0.23998797758444318
0.2692816296476078 0.26603902348576025
0.2962097926123686 0.2918971692414313
0.32313795557712943 0.3175436655716813
0.3500661185418902 0.3429599166599544
0.376994281506651 0.3681274936364088
0.40392244447141173 0.3930281479403606
0.43085060743617254 0.4176438245519901
0.45777877040093334 0.44195667508371345
0.4847069333656941 0.4659490707217303
0.5116350963304549 0.489603615008362
0.5385632592952156 0.5129031564559121
0.5654914222599765 0.5358308009829041
0.5924195852247373 0.558369924163678
0.6193477481894981 0.5805041832824648
0.6462759111542589 0.6022175291831975
0.6732040741190195 0.6234942179064682
0.7001322370837804 0.6443188221051915
0.7270604000485412 0.6646762422306987
0.753988563013302 0.68455171748115
0.7809167259780628 0.7039308365043301
0.8078448889428235 0.7227995478470605
0.8347730519075843 0.7411441701436589
0.8617012148723451 0.7589514020360517
0.8886293778371059 0.7762083318183527
0.9155575408018667 0.7929024467989091
0.9424857037666274 0.809021642373032
0.9694138667313882 0.8245542307998281
0.996342029696149 0.839488949676773
1.0232701926609098 0.8538149701058769
1.0501983556256707 0.8675219045455264
1.0771265185904313 0.8805998143423044
1.1040546815551922 0.8930392169373313
1.130982844519953 0.9048310927418984
1.1579110074847137 0.9159668916774104
1.1848391704494745 0.9264385393748956
1.2117673334142351 0.9362384430295859
1.2386954963789962 0.9453594969063245
1.2656236593437569 0.953795087491807
1.2925518223085177 0.9615390982899223
1.3194799852732784 0.9685859142567146
1.346408148238039 0.9749304258717515
1.3733363112028 0.9805680328429459
1.4002644741675607 0.9854946474421458
1.4271926371323216 0.9897066974690728
1.4541208000970824 0.9932011288414612
1.481048963061843 0.9959754078095178
1.507977126026604 0.9980275227930993
1.5349052889913646 0.999355985840273
1.5618334519561257 0.9999598337062037
1.5887616149208863 0.9998386285515859
1.615689777885647 0.9989924582601132
1.6426179408504078 0.9974219363747548
1.6695461038151687 0.9951282016528874
1.6964742667799295 0.9921129172406017
1.7234024297446902 0.9883782694667855
1.7503305927094508 0.9839269662578551
1.7772587556742119 0.9787622351742868
1.8041869186389725 0.97288782107037
1.8311150816037334 0.9663079833788801
1.858043244568494 0.9590274930226406
1.8849714075332549 0.9510516289552111
1.9118995704980157 0.9423861743332134
1.9388277334627764 0.9330374123230669
1.9657558964275372 0.9230121215451776
1.992684059392298 0.912317571158881
2.0196122223570585 0.9009615155917051
2.0465403853218196 0.8889521889167719
2.0734685482865802 0.8762982988824203
2.1003967112513413 0.8630090205983713
2.127324874216102 0.8490939898830211
2.1542530371808626 0.83456329627668
2.1811812001456232 0.8194274757258281
2.2081093631103843 0.8036975029436874
2.235037526075145 0.7873847834526548
2.261965689039906 0.7705011453143598
2.2888938520046667 0.7530588305533492
2.3158220149694273 0.7350704862806136
2.3427501779341884 0.716549155523392
2.369678340898949 0.6975082677679082
2.3966065038637097 0.6779616292218869
2.4235346668284703 0.657923412803921
2.450462829793231 0.637408147866941
2.4773909927579925 0.6164307096632401
2.504319155722753 0.5950063085586965
2.5312473186875137 0.5731504790040052
2.5581754816522744 0.5508790682709275
2.5851036446170355 0.5282082249617165
2.612031807581796 0.5051543873000551
2.6389599705465567 0.48173427121199164
2.6658881335113174 0.4579648582055216
2.692816296476078 0.433863383057599
2.7197444594408395 0.40944732131750683
2.7466726224056 0.3847343766356513
2.773600785370361 0.3597424679269562
2.8005289483351214 0.334489716378181
2.827457111299882 0.3089944323085708
2.854385274264643 0.28327510189337096
2.881313437229404 0.25735037375983244
2.908241600194165 0.23123904546542273
2.9351697631589255 0.2049600498680559
2.962097926123686 0.17853244139821217
2.9890260890884472 0.15197538224291204
3.015954252053208 0.12530812845155803
3.0428824150179685 0.09855001597371424
3.069810577982729 0.07172044663895649
3.09673874094749 0.044838874088951666
3.1236669039122513 0.017924789671968564
3.150595066877012 -0.009002291689947116
3.1775232298417726 -0.035922845650899635
3.2044513928065332 -0.06281735259789425
3.231379555771294 -0.08966631180416099
3.258307718736055 -0.11645025556878377
3.2852358817008156 -0.1431497633323811
3.3121640446655762 -0.1697454757586095
3.3390922076303373 -0.19621810877127122
3.366020370595098 -0.22254846753685237
3.392948533559859 -0.24871746038235698
3.4198766965246197 -0.2747061126383347
3.4468048594893803 -0.3004955803970778
3.473733022454141 -0.3260671641760006
3.5006611854189016 -0.3514023224763007
3.5275893483836627 -0.3764826852270692
3.5545175113484238 -0.40129006710509957
3.5814456743131844 -0.4258064807207422
3.608373837277945 -0.4500141496602398
3.6353020002427057 -0.47389552137508645
3.6622301632074667 -0.49743327990906816
3.6891583261722274 -0.5206103584537517
3.716086489136988 -0.5434099517233251
3.7430146521017487 -0.5658155281398086
3.7699428150665097 -0.5878108418198079
3.796870978031271 -0.6093799443541126
3.8237991409960315 -0.6305071963716036
3.850727303960792 -0.6511772788790829
3.8776554669255527 -0.671375204368801
3.9045836298903134 -0.6910863276856312
3.9315117928550745 -0.7102963566460102
3.958439955819835 -0.7289913624009448
3.985368118784596 -0.7471577895355729
4.012296281749356 -0.7647824658979507
4.039224444714117 -0.7818526121499477
4.0661526076788785 -0.7983558510333143
4.093080770643639 -0.8142802163442101
4.1200089336084 -0.8296141616096877
4.1469370965731605 -0.8443465684598317
4.173865259537921 -0.8584667546894907
4.200793422502683 -0.8719644820037546
4.227721585467443 -0.8848299634415566
4.254649748432204 -0.8970538704720274
4.2815779113969645 -0.9086273397584442
4.308506074361725 -0.9195419795848786
4.335434237326487 -0.9297898759408801
4.3623624002912464 -0.9393635982597822
4.389290563256008 -0.9482562048064772
4.416218726220769 -0.9564612477107398
4.443146889185529 -0.9639727776424665
4.47007505215029 -0.9707853481254264
4.4970032151150505 -0.9768940194864048
4.523931378079812 -0.982294362436872
4.550859541044573 -0.9869824612845806
4.577787704009333 -0.9909549167727649
4.604715866974094 -0.9942088485448812
4.631644029938855 -0.9967418972331024
4.658572192903615 -0.9985522261690535
4.685500355868377 -0.9996385227155477
4.7124285188331365 -0.9999999992183556
4.739356681797898 -0.9996363935773193
4.766284844762659 -0.9985479694363968
4.793213007727419 -0.9967355159924982
4.820141170692181 -0.9942003474232531
4.847069333656941 -0.9909443019341246
4.873997496621702 -0.9869697404255576
4.900925659586462 -0.9822795447811346
4.927853822551223 -0.9768771157779703
4.954781985515985 -0.9707663706208718
4.981710148480745 -0.9639517401020419
5.008638311445506 -0.9564381653883898
5.035566474410266 -0.948231094438782
5.0624946373750275 -0.9393364780538207
5.089422800339788 -0.9297607655610292
5.116350963304549 -0.9195109001385555
5.143279126269309 -0.9085943137808002
5.170207289234071 -0.8970189219096089
5.1971354521988316 -0.8847931176349424
5.224063615163592 -0.8719257656691812
5.250991778128353 -0.8584261958994815
5.2779199410931135 -0.8443041966228406
5.304848104057875 -0.8295700074487767
5.331776267022635 -0.814234311874774
5.358704429987396 -0.798308229539863
5.385632592952156 -0.7818033081619776
5.4125607559169175 -0.7647315151649013
5.439488918881679 -0.7471052290009108
5.466417081846439 -0.7289372301753768
5.4933452448112 -0.7102406919798451
5.52027340777596 -0.691029170940326
5.547201570740722 -0.6713165969876898
5.574129733705482 -0.6511172633573318
5.601057896670243 -0.6304458162253956
5.627986059635004 -0.6093172440890952
5.654914222599764 -0.5877468668988255
5.681842385564526 -0.5657503249499326
5.708770548529286 -0.5433435675422246
5.735698711494047 -0.5205428414154111
5.762626874458808 -0.4973646789688865
5.789555037423568 -0.4738258862743808
5.81648320038833 -0.44994353089017713
5.84341136335309 -0.4257349294857326
5.870339526317851 -0.40121763528566595
5.897267689282612 -0.3764094253422309
5.924195852247372 -0.3513282876454922
5.951124015212133 -0.3259924080805553
5.9780521781768945 -0.30042015724130483
6.004980341141654 -0.2746300771102193
6.031908504106416 -0.24864086761390122
6.058836667071176 -0.22247137306410636
6.085764830035937 -0.1961405684940601
6.112692993000699 -0.16966754590000335
6.139621155965458 -0.14307150039793023
6.16654931893022 -0.11637171630554276
6.19347748189498 -0.08958755315954943
6.220405644859741 -0.06273843167839689
6.247333807824503 -0.035843819680666
6.274261970789262 -0.008923217969298946
6.301190133754024 0.01800385380809011
6.328118296718784 0.04491787131255056
6.355046459683545 0.07179931967055911
6.381974622648306 0.0986287076238928
6.4089027856130665 0.12538658166240207
6.435830948577827 0.15205354012939923
6.462759111542588 0.17861024728945407
6.489687274507349 0.2050374473483914
6.51661543747211 0.23131597841531998
6.5435436004368706 0.2574267863965826
6.570471763401631 0.28335093881153606
6.597399926366392 0.3090696385201552
6.6243280893311525 0.3345642373525038
6.651256252295914 0.35981624963019054
6.678184415260675 0.3848073655700006
6.705112578225435 0.40951946455999816
6.732040741190196 0.43393462829845453
6.7589689041549565 0.4580351537860901
6.785897067119718 0.48180356616220366
6.812825230084478 0.5052226313753779
6.839753393049239 0.5282753686795912
6.866681556013999 0.5509450629466413
6.893609718978761 0.5732152767859989
6.920537881943522 0.5950698624632554
6.947466044908282 0.6164929736085614
6.974394207873043 0.6374690767065504
7.001322370837803 0.657982962359404
7.028250533802565 0.6780197563149256
7.055178696767325 0.6975649302515847
7.082106859732086 0.7166043123127511
7.1090350226968475 0.7351240973824524
7.135963185661607 0.7531108570952142
7.162891348626369 0.7705515495727355
7.189819511591129 0.7874335288803129
7.21674767455589 0.8037445541961887
7.243675837520651 0.8194727986871494
7.270604000485411 0.8346068580839515
7.297532163450172 0.8491357589503541
7.3244603264149335 0.8630489666397615
7.351388489379694 0.8763363929337057
7.378316652344455 0.8889884033566361
7.405244815309215 0.9009958241617043
7.432172978273976 0.9123499489824841
7.459101141238738 0.9230425451458029
7.486029304203497 0.9330658596411041
7.512957467168259 0.9424126247420209
7.5398856301330195 0.9510760632760694
7.56681379309778 0.9590498935386599
7.593741956062542 0.9663283338478466
7.620670119027301 0.9729061067365213
7.647598281992063 0.9787784427790136
7.674526444956823 0.9839410840493121
7.701454607921584 0.9883902872084145
7.728382770886345 0.9921228262185527
7.7553109338511055 0.9951359946823375
7.782239096815867 0.9974276078051174
7.809167259780627 0.9989960039791353
7.836095422745388 0.9998400459883303
7.863023585710149 0.999959121832912
7.88995174867491 0.999353145173112
7.91687991163967 0.9980225553917861
7.943808074604431 0.9959683172758261
7.970736237569192 0.9931919203166105
7.997664400533953 0.9896953776300002
8.024592563498713 0.9854812244966645
8.051520726463474 0.9805525165237938
8.078448889428234 0.9749128274295349
8.105377052392996 0.9685662464517493
8.132305215357757 0.9615173753829824
8.159233378322517 0.9537713252337849
8.186161541287278 0.9453337125268089
8.213089704252038 0.9362106552243705
8.2400178672168 0.9264087682924211
8.266946030181561 0.9159351589041571
8.293874193146321 0.9047974212867343
8.320802356111082 0.8930036312148267
8.347730519075842 0.880562340155032
8.374658682040604 0.8674825690653493
8.401586845005365 0.8537738018542496
8.428515007970125 0.8394459785040604
8.455443170934887 0.8245094878636595
8.482371333899646 0.8089751601157124
8.509299496864408 0.7928542589238923
8.53622765982917 0.7761584732658063
8.563155822793929 0.7588999089575232
8.59008398575869 0.7410910798758588
8.61701214872345 0.7227448988847953
8.643940311688212 0.7038746684725853
8.670868474652973 0.6844940711063626
8.697796637617733 0.6646171593112269
8.724724800582493 0.6442583454810056
8.751652963547254 0.6234323914280868
8.778581126512016 0.6021543976798962
8.805509289476776 0.5804397925297707
8.832437452441537 0.558304320850175
8.859365615406297 0.5357640326763848
8.886293778371058 0.512835271568882
8.91322194133582 0.48953466276294033
8.94015010430058 0.4658791011139606
8.967078267265341 0.4418857388473074
8.994006430230101 0.4175719731215478
9.020934593194863 0.3929554334140697
9.047862756159624 0.36805396873827384
9.074790919124384 0.3428856347015679
9.101719082089145 0.3174686804135632
9.128647245053905 0.29182153525398263
9.155575408018667 0.2659627955098331
9.182503570983426 0.23991121089158354
9.209431733948188 0.21368567093807073
9.23635989691295 0.18730519132004428
9.26328805987771 0.16078890005223792
9.29021622284247 0.1341560236239825
9.31714438580723 0.10742587305843389
9.344072548771992 0.08061782991048111
9.371000711736754 0.053751332213539074
9.397928874701513 0.026845860385372476
9.424857037666273 -7.907689681090095e-05
9.451785200631035 -0.02700395684175014
9.478713363595796 -0.053909256699754986
9.505641526560558 -0.08077546791830836
9.532569689525317 -0.10758311028736597
9.559497852490077 -0.13431274606411403
9.586426015454839 -0.16094499406692597
9.6133541784196 -0.18746054372830767
9.640282341384362 -0.21384016909665038
9.66721050434912 -0.24006474277661988
9.694138667313881 -0.26611524979810286
9.721066830278643 -0.2919728014036018
9.747994993243404 -0.3176186487441494
9.774923156208166 -0.34303419647376066
9.801851319172924 -0.3682010162325831
9.828779482137685 -0.3931008600089847
9.855707645102447 -0.4177156733708412
9.882635808067208 -0.44202760855649587
9.90956397103197 -0.4660190374158496
9.936492133996728 -0.48967256419221444
9.96342029696149 -0.5129710381356787
9.99034845992625 -0.5358975659387908
10.017276622891012 -0.5584355239856075
10.044204785855772 -0.580568570405176
10.071132948820532 -0.6022806569207374
10.098061111785293 -0.6235560404860431
10.124989274750055 -0.6443792947003527
10.151917437714816 -0.664735320993847
10.178845600679576 -0.6846093595753281
10.205773763644336 -0.7039870001342846
10.232701926609097 -0.7228541922895476
10.259630089573859 -0.7411972557769688
10.286558252538619 -0.7590028903687387
10.31348641550338 -0.776258185517147
10.340414578468142 -0.792950629715784
10.367342741432902 -0.8090681195714137
10.394270904397663 -0.824598968579931
10.421199067362423 -0.8395319156000305
10.448127230327184 -0.8538561330184662
10.475055393291946 -0.8675612346009545
10.501983556256706 -0.8806372830230496
10.528911719221465 -0.8930747970755222
10.555839882186227 -0.9048647585390128
10.582768045150988 -0.91599861872298
10.60969620811575 -0.9264683046642063
10.63662437108051 -0.936266224980357
10.66355253404527 -0.9453852753743597
10.690480697010031 -0.9538188437855999
10.717408859974793 -0.9615608151842086
10.744337022939554 -0.9686055760049619
10.771265185904312 -0.9749480182175764
10.798193348869074 -0.9805835430304534
10.825121511833835 -0.9855080642251758
10.852049674798597 -0.9897180111193554
10.878977837763358 -0.9932103311556706
10.905906000728116 -0.9959824921152199
10.932834163692878 -0.9980324839535911
10.95976232665764 -0.9993588202583054
10.9866904896224 -0.9999605393265908
11.013618652587162 -0.999837204862695
11.04054681555192 -0.9989889062942356
11.067474978516682 -0.9974162587073576
11.094403141481443 -0.9951204024007457
11.121331304446205 -0.9921030020588141
11.148259467410965 -0.9883662455446733
11.175187630375724 -0.9839128423137498
11.202115793340486 -0.9787460214492076
11.229043956305247 -0.9728695293205993
11.255972119270009 -0.9662876268674393
11.282900282234769 -0.959005086509673
11.309828445199528 -0.9510271886872792
11.33675660816429 -0.9423597180315185
11.363684771129051 -0.933008959170601
11.390612934093813 -0.9229816921728136
11.417541097058573 -0.912285187630414
11.444469260023332 -0.9009272013878532
11.471397422988094 -0.8889159689181513
11.498325585952855 -0.876260199351505
11.525253748917615 -0.8629690691604518
11.552181911882377 -0.8490522155061706
11.579110074847137 -0.8345197292507543
11.606038237811898 -0.8193821476404988
11.63296640077666 -0.80365044666554
11.65989456374142 -0.7873360331013572
11.68682272670618 -0.7704507362379203
11.71375088967094 -0.7530067993024901
11.740679052635702 -0.7350168705822646
11.767607215600462 -0.7164939942533403
11.794535378565223 -0.6974516009226039
11.821463541529985 -0.6779034978894478
11.848391704494745 -0.6578638591343396
11.875319867459506 -0.6373472150415187
11.902248030424266 -0.6163684418632824
11.929176193389027 -0.5949427509334713
11.956104356353789 -0.5730856776380115
11.983032519318549 -0.5508130701504804
12.009960682283308 -0.5281410779408751
12.03688884524807 -0.5050861400659232
12.063817008212832 -0.48166497324942026
12.090745171177593 -0.45789455976122595
12.117673334142353 -0.43379213510372744
12.144601497107113 -0.40937517551467933
12.171529660071874 -0.38466138529549887
12.198457823036636 -0.35966868397419627
12.225385986001397 -0.3344151933122402
12.252314148966155 -0.30891922416479706
12.279242311930917 -0.28319926320384337
12.306170474895678 -0.25727395951383025
12.33309863786044 -0.23116211106955178
12.360026800825201 -0.20488265110607243
12.38695496378996 -0.17845463439057996
12.41388312675472 -0.15189722340610004
12.440811289719482 -0.12522967445714275
12.467739452684244 -0.0984713237072862
12.494667615649005 -0.07164157315887298
12.521595778613763 -0.044759876584968314
12.548523941578525 -0.017845725423762292
12.575452104543286 0.009081365354302555
12.602380267508048 0.03600187139650213
12.629308430472808 0.06289627312458494
12.656236593437567 0.08974506988807514
12.683164756402329 0.11652879410384234
12.71009291936709 0.14322802537169513
12.737021082331852 0.16982340455577163
12.763949245296612 0.19629564782149997
12.790877408261371 0.22262556061796734
12.817805571226133 0.2487940515955429
12.844733734190894 0.2747821464486709
12.871661897155654 0.30057100167380435
12.898590060120416 0.3261419182324981
12.925518223085176 0.35147635510973585
12.952446386049937 0.37655594275770266
12.979374549014699 0.40136249641520394
13.006302711979458 0.4258780292931168
13.03323087494422 0.4500847656162939
13.06015903790898 0.47396515351244967
13.087087200873741 0.4975018777387222
13.1140153638385 0.5206778722366339
13.140943526803262 0.5434763325063985
13.167871689768024 0.5658807277915527
13.194799852732784 0.5878748130651177
13.221728015697545 0.6094426408085817
13.248656178662305 0.6305685725751513
13.275584341627066 0.6512372903289213
13.302512504591828 0.6714338075516993
13.329440667556588 0.6911434801094665
13.35636883052135 0.7103520168705815
13.383296993486109 0.7290454900680162
13.41022515645087 0.7472103453981405
13.437153319415632 0.7648334118486975
