0.0 0.0
0.12103940968338989 0.12074407734608472
0.24207881936677977 0.23972134755202268
0.3631182290501697 0.3551908565674342
0.48415763873355955 0.4654629782219778
0.6051970484169494 0.568924137952158
0.7262364581003394 0.6640604236907585
0.8472758677837293 0.749479738428762
0.9683152774671191 0.8239321702988315
1.089354687150509 0.8863282821118261
1.2103940968338989 0.9357550527217677
1.3314335065172889 0.9714892369546695
1.4524729162006789 0.9930079486099184
1.5735123258840686 0.9999963116767411
1.6945517355674586 0.9923520678080966
1.8155911452508482 0.9701870726323935
1.9366305549342382 0.9338256590080084
2.057669964617628 0.88379989117055
2.178709374301018 0.8208417792173187
2.299748783984408 0.7458725678517736
2.4207881936677977 0.6599892561221758
2.5418276033511877 0.5644485454065012
2.6628670130345777 0.46064845052731845
2.7839064227179677 0.350107843074948
2.9049458324013577 0.23444422627452313
3.0259852420847473 0.11535006660978281
3.1470246517681373 -0.005431971465080069
3.2680640614515273 -0.12613452534344635
3.3891034711349173 -0.24499139548399199
3.5101428808183073 -0.36026338960966714
3.6311822905016964 -0.470263771718535
3.7522217001850864 -0.5733829435197281
3.8732611098684764 -0.6681119971394276
3.9943005195518664 -0.7530647944581225
4.115339929235256 -0.8269982499996786
4.236379338918646 -0.8888305205795882
4.357418748602036 -0.9376568355494415
4.478458158285426 -0.9727627359990216
4.599497567968816 -0.9936345291912696
4.720536977652206 -0.9999668052539145
4.8415763873355955 -0.9916669061385719
4.962615797018986 -0.9688562814545459
5.0836552067023755 -0.9318687113378801
5.204694616385765 -0.8812454223598077
5.3257340260691555 -0.8177271679418627
5.446773435752545 -0.742243389162251
5.5678128454359355 -0.6558986145597141
5.688852255119325 -0.5599562979419714
5.8098916648027155 -0.4558203306945708
5.930931074486105 -0.3450144991143076
6.051970484169495 -0.22916018736104005
6.173009893852885 -0.1099526522930888
6.294049303536275 0.010863782651522148
6.415088713219665 0.13152125154844285
6.536128122903055 0.2502542145695947
6.657167532586444 0.3653252925287889
6.778206942269835 0.4750506893622264
6.899246351953224 0.5778248305453242
7.0202857616366146 0.6721438569203042
7.141325171320004 0.7566276301572862
7.262364581003393 0.830039927850482
7.383403990686784 0.8913065327414578
7.504443400370173 0.939530951376014
7.625482810053564 0.9740075321889099
7.746522219736953 0.9942317910639302
7.867561629420343 0.9999077932788933
7.988601039103733 0.9909524838180886
8.109640448787122 0.96749690268816
8.230679858470513 0.9298842674541211
8.351719268153902 0.8786649510531132
8.472758677837293 0.8145884283738397
8.593798087520682 0.7385923094446687
8.714837497204073 0.651788619704019
8.835876906887462 0.5554475281092098
8.956916316570853 0.4509787611848063
9.077955726254242 0.3399109749724268
9.198995135937633 0.2238693867252329
9.320034545621022 0.1045519936549792
9.441073955304413 -0.0162952732854184
9.562113364987802 -0.13690409701746706
9.683152774671191 -0.25550964952129224
9.80419218435458 -0.37037641596560184
9.925231594037973 -0.47982358990771373
10.046271003721362 -0.5822496679642668
10.167310413404751 -0.6761558840671875
10.28834982308814 -0.760168140399328
10.40938923277153 -0.8330571141018782
10.530428642454922 -0.8937562455389039
10.651468052138311 -0.9413773449028282
10.7725074618217 -0.975223588794716
10.89354687150509 -0.9947997166047743
11.01458628118848 -0.9998192774929164
11.135625690871871 -0.9902088219267717
11.25666510055526 -0.9661089764437869
11.37770451023865 -0.9278723859107881
11.49874391992204 -0.8760585533912246
11.619783329605431 -0.8114256531265674
11.74082273928882 -0.7349194364297262
11.86186214897221 -0.647659392826784
11.9829015586556 -0.5509223689463759
12.10394096833899 -0.4461238848559494
12.22498037802238 -0.3347974212366018
12.34601978770577 -0.21857198048028123
12.46705919738916 -0.09914825005015823
12.58809860707255 0.021726283102315832
12.709138016755938 0.14228290292141788
12.83017742643933 0.2607575452694294
12.95121683612272 0.3754166108789756
13.07225624580611 0.4845823325232545
13.193295655489498 0.5866573252149483
13.314335065172887 0.6801479601990732
13.43537447485628 0.7636862207160734
13.55641388453967 0.8360497197271676
13.677453294223058 0.8961795866893972
13.798492703906447 0.9431959616492139
13.919532113589836 0.9764108699348274
14.040571523273229 0.9953382890562888
14.161610932956618 0.9997012605077775
14.282650342640007 0.9894359424075044
14.403689752323396 0.9646925436743173
14.524729162006786 0.9258331260715273
14.645768571690178 0.8734263062798977
14.766807981373567 0.8082389355225755
14.887847391056956 0.7312248784911691
15.008886800740346 0.643511055767172
15.129926210423736 0.546380953975224
15.250965620107127 0.44125584495855974
15.372005029790516 0.32967398879007026
15.493044439473906 0.21326812493426833
15.614083849157296 0.09374158092436025
15.735123258840686 -0.02715665185195313
15.856162668524076 -0.14765751055039125
15.977202078207466 -0.26599774696680073
16.098241487890856 -0.38044572855023284
16.219280897574244 -0.48932677679485903
16.340320307257635 -0.591047672242692
16.461359716941026 -0.6841199675236415
16.582399126624416 -0.7671817673011694
16.703438536307804 -0.8390176564249328
16.824477945991195 -0.8985764846885461
16.945517355674586 -0.9449867479540999
17.066556765357976 -0.9775693405766963
17.187596175041364 -0.9958474925270683
17.308635584724755 -0.9995537458057487
17.429674994408145 -0.9886338680652803
17.550714404091533 -0.9632476461737692
17.671753813774924 -0.923766548107823
17.792793223458315 -0.870768287387616
17.913832633141705 -0.8050283695908457
18.034872042825093 -0.7275087446425869
18.155911452508484 -0.6393437309282206
18.276950862191875 -0.5418234171971558
18.397990271875265 -0.4363747851316123
18.519029681558653 -0.32454082880755225
18.640069091242044 -0.20795797658557405
18.76110850092543 -0.08833214580963898
18.882147910608825 0.032586219302986434
19.003187320292213 0.15302776131835352
19.124226729975604 0.27123009999323244
19.24526613965899 0.3854636205875555
19.366305549342382 0.49405678273043685
19.487344959025773 0.5954205795035856
19.60838436870916 0.6880717888407287
19.72942377839255 0.7706546770131613
19.850463188075945 0.8419608366216622
19.971502597759333 0.9009468688122048
20.092542007442724 0.9467496509775923
20.21358141712611 0.97869896653787
20.334620826809502 0.9963273119922849
20.455660236492893 0.9993767377394771
20.57669964617628 0.9878026225665323
20.69773905585967 0.961774326576056
20.81877846554306 0.9216727129972252
20.939817875226453 0.8680845751432963
21.060857284909844 0.8017940500640443
21.18189669459323 0.7237711445341993
21.302936104276622 0.6351575412732333
21.42397551396001 0.537249893089279
21.5450149236434 0.4314808493982566
21.66605433332679 0.3193980927507936
21.78709374301018 0.20264169211826397
21.908133152693573 0.08292010431965403
22.02917256237696 -0.038014825247702985
22.15021197206035 -0.15839349676783393
22.271251381743742 -0.2764544499601325
22.39229079142713 -0.3904701389303582
22.51333020111052 -0.4987722107639151
22.634369610793907 -0.5997759179682985
22.7554090204773 -0.6920033075457994
22.876448430160693 -0.7741048473785344
22.99748783984408 -0.8448791734743087
23.11852724952747 -0.9032906691185582
23.239566659210862 -0.9484846187025378
23.36060606889425 -0.9797997144870064
23.48164547857764 -0.9967777332941301
23.602684888261027 -0.9991702415318569
23.72372429794442 -0.9869422304384307
23.844763707627813 -0.9602726283537285
23.9658031173112 -0.9195516825215418
24.08684252699459 -0.8653752487339796
24.20788193667798 -0.798536072375725
24.32892134636137 -0.7200121884496238
24.44996075604476 -0.6309526103221476
24.571000165728147 -0.5326605166004212
24.69203957541154 -0.4265741821615558
24.813078985094926 -0.31424593236410364
24.93411839477832 -0.1973194283974435
25.05515780446171 -0.07750561614498958
25.1761972141451 0.04344230950677851
25.29723662382849 0.1637545585745878
25.418276033511876 0.2816706427150499
25.539315443195267 0.39546513585364573
25.66035485287866 0.5034729217593671
25.781394262562046 0.6041135591259041
25.90243367224544 0.6959144076333722
26.023473081928827 0.7775321765947184
26.14451249161222 0.8477725808728793
26.26555190129561 0.9056078164501884
26.386591310978996 0.9501915999360548
26.507630720662387 0.9808715519448504
26.628670130345775 0.9971987431422334
26.749709540029166 0.9989342632758748
26.87074894971256 0.9860527170681632
26.991788359395947 0.9587425958166956
27.11282776907934 0.91740351926503
27.233867178762726 0.8626403881024935
27.354906588446116 0.7952545326575053
27.475945998129507 0.7162319873026168
27.596985407812895 0.6267290621478946
27.718024817496286 0.5280554231471685
27.839064227179673 0.4216549282002485
27.960103636863067 0.30908449966985574
28.081143046546458 0.19199134246466615
28.202182456229846 0.07208884104841233
28.323221865913236 -0.048868511933973346
28.444261275596624 -0.1691107885522717
28.565300685280015 -0.2868785243462348
28.686340094963406 -0.40044846397238326
28.807379504646793 -0.508158777015112
28.928418914330187 -0.6084333749876562
29.04945832401357 -0.6998049737004385
29.170497733696966 -0.7809365635331222
29.291537143380356 -0.8506409734429551
29.412576553063744 -0.9078982424361128
29.533615962747135 -0.9518705443110499
29.654655372430522 -0.9819144472851956
29.775694782113913 -0.9975903291140548
29.896734191797304 -0.9986688099344307
30.01777360148069 -0.9851341087021865
30.138813011164086 -0.9571842741109082
30.259852420847473 -0.9152282866125367
30.380891830530864 -0.8598800739450861
30.501931240214255 -0.7919495277362429
30.622970649897642 -0.7124306526338057
30.744010059581033 -0.6224870213727266
30.86504946926442 -0.5234347486098593
30.98608887894781 -0.4167232326644511
31.107128288631205 -0.30391394696403723
31.228167698314593 -0.18665759153326808
31.349207107997984 -0.06666993886016108
31.47024651768137 0.054293272420870266
31.591285927364762 0.1744620286571233
31.712325337048153 0.2920779411871596
31.83336474673154 0.4054199762458386
31.95440415641493 0.5128296382678197
32.07544356609832 0.6127352380907627
32.19648297578171 0.7036748909499027
32.317522385465104 0.7843179077420926
32.43856179514849 0.853484266548216
32.559601204831885 0.9101618794938091
32.68064061451527 0.9535214022876954
32.80168002419866 0.9829283697358188
32.92271943388205 0.9979524796552501
33.04375884356544 0.9983738893401323
33.16479825324883 0.9841864324454439
33.28583766293222 0.9555977092170378
33.40687707261561 0.9130260487476318
33.527916482299005 0.8570943877090544
33.64895589198239 0.7886211551311724
33.76999530166578 0.7086082966073872
33.89103471134917 0.618226613164557
34.01207412103256 0.5187986293285642
34.13311353071595 0.41177924107139385
34.25415294039934 0.29873442681172857
34.37519235008273 0.18131833298373656
34.49623175976612 0.06124906947325188
34.61727116944951 -0.059716430901609316
34.7383105791329 -0.17980812099260346
34.85934998881629 -0.29726873982106655
34.98038939849968 -0.4103795259819372
35.101428808183066 -0.5174853676965684
35.22246821786646 -0.6170190215021696
35.34350762754985 -0.7075240451939162
35.46454703723324 -0.7876761094498874
35.58558644691663 -0.8563023762929535
35.70662585660002 -0.9123986608311927
35.82766526628341 -0.9551441251549017
35.9487046759668 -0.9839132893793852
36.069744085650186 -0.9982851840800129
36.19078349533358 -0.9980495101950633
36.31182290501697 -0.9832097162605778
36.43286231470036 -0.9539829479491067
36.55390172438375 -0.9107968706507137
36.67494113406714 -0.8542834115903429
36.79598054375053 -0.7852695130510188
36.917019953433915 -0.7047650320078356
37.038059363117306 -0.6139479632332578
37.1590987728007 -0.5141472020990957
37.28013818248409 -0.40682309930113103
37.40117759216748 -0.29354609204258825
37.52221700185086 -0.17597372435907302
37.64325641153426 -0.055826392838728256
37.76429582121765 0.06513782735759312
37.885335230901035 0.18514890781406604
38.006374640584426 0.3024507670854882
38.12741405026782 0.4153269668415549
38.24845345995121 0.5221258279269396
38.3694928696346 0.6212845988222916
38.49053227931798 0.7113523228572928
38.61157168900138 0.7910110695676282
38.732611098684764 0.8590952195245137
38.853650508368155 0.9146085204486075
38.974689918051546 0.9567386650317404
39.09572932773494 0.9848691771543301
39.21676873741832 0.9985884325713895
39.33780814710171 0.9976956820705272
39.4588475567851 0.9822039889670942
39.57988696646849 0.9523400379531244
39.70092637615189 0.9085408180970991
39.82196578583527 0.8514472285311077
39.943005195518666 0.7818947003911241
40.06404460520206 0.7009009722365516
40.18508401488545 0.6096511978269408
40.30612342456884 0.5094806041689263
40.42716283425222 0.40185495359221013
40.54820224393561 0.2883490957463973
40.669241653619004 0.170623923360134
40.790281063302395 0.05040206896098417
40.911320472985786 -0.07055730182220488
41.03235988266917 -0.19048423153341906
41.15339929235256 -0.3076238700767764
41.27443870203595 -0.42026215284287777
41.39547811171934 -0.5267508820350344
41.51651752140273 -0.6255318441887252
41.63755693108612 -0.715159610980836
41.75859634076951 -0.7943226896921955
41.879635750452906 -0.861862713835787
42.000675160136296 -0.9167913931407633
42.12171456981969 -0.9583049748688748
42.24275397950307 -0.985796004855722
42.36379338918646 -0.9988622161815693
42.48483279886985 -0.9973124154067643
42.605872208553244 -0.9811692802405159
42.726911618236635 -0.9506690277056624
42.84795102792002 -0.9062579576550803
42.96899043760341 -0.8485859222172626
43.0900298472868 -0.7784968167305003
43.21106925697019 -0.6970162313085475
43.33210866665358 -0.6053364437282613
43.453148076336966 -0.504798973233194
43.57418748602036 -0.39687495053737987
43.69522689570375 -0.2831435912684846
43.816266305387146 -0.165269087840999
43.937305715070536 -0.04497625789298965
44.05834512475392 0.07597469438555683
44.17938453443731 0.1958139347237713
44.3004239441207 0.31278789615461067
44.42146335380409 0.42518493836569027
44.542502763487484 0.5313603935515595
44.66354217317087 0.6297606322799965
44.78458158285426 0.7189457972246837
44.90562099253765 0.7976108721091829
45.02666040222104 0.8646047775676076
45.14769981190443 0.9189472144986524
45.268739221587815 0.9598430084499278
45.389778631271206 0.9866937451360902
45.5108180409546 0.9991065268321467
45.63185745063799 0.9968997215126455
45.752896860321385 0.9801056206115099
45.87393627000476 0.9489699665124444
45.99497567968816 0.9039483566839392
46.11601508937155 0.8456995770760406
46.23705449905494 0.7750759623289049
46.35809390873833 0.6931109238490443
46.479133318421724 0.6010038282506366
46.60017272810511 0.5001024474305656
46.7212121377885 0.39188323707925143
46.84225154747189 0.2779297322052261
46.96329095715528 0.15990937580429881
47.08433036683867 0.03954911973162493
47.205369776522055 -0.08138984519918384
47.326409186205446 -0.20113786012405288
47.44744859588884 -0.31794269294647864
47.56848800557223 -0.4300951781556526
47.689527415255625 -0.5359542264658115
47.810566824939 -0.6339708383192353
47.9316062346224 -0.7227107698716062
48.05264564430579 -0.8008755197957229
48.17368505398918 -0.8673213298111921
48.29472446367257 -0.9210759209114692
48.41576387335596 -0.9613527203928708
48.53680328303935 -0.9875623715062335
48.65784269272274 -0.9993213573143623
48.77888210240613 -0.9964576125653352
48.89992151208952 -0.9790130414649841
49.020960921772904 -0.947242904506864
49.142000331456295 -0.9016120833319989
49.263039741139686 -0.8427882782734796
49.38407915082308 -0.7716322381238955
49.50511856050647 -0.6891851650901302
49.62615797018985 -0.5966534792345395
49.74719737987324 -0.495391165339247
49.86823678955664 -0.38687996050598256
49.98927619924003 -0.272707672399526
50.11031560892342 -0.15454494539653232
50.231355018606806 -0.03412081461290686
50.3523944282902 0.08680259448077404
50.47343383797359 0.2064558506437044
50.59447324765698 0.323088108352219
50.71551265734037 0.434992727328632
50.83655206702375 0.5405322452297018
50.957591476707144 0.6381623380778697
51.078630886390535 0.7264544178303143
51.199670296073926 0.8041165364233811
51.32070970575732 0.8700122904104989
51.4417491154407 0.9231774495684623
51.56278852512409 0.9628340661513348
51.68382793480748 0.9884018583359983
51.80486734449088 0.9995067012893136
51.92590675417427 0.9959861016099355
52.046946163857655 0.9778915750391586
52.167985573541046 0.9454878926485356
52.28902498322444 0.8992492065345772
52.41006439290783 0.8398521117119023
52.53110380259122 0.7681657457278204
52.6521432122746 0.6852390708673254
52.77318262195799 0.5922855250436581
52.894222031641384 0.4906652659728198
53.015261441324775 0.38186526844691837
53.136300851008166 0.26747756593626415
53.25734026069155 0.1491759549034562
53.37837967037494 0.028691502707292288
53.49941908005833 -0.09221278251885527
53.62045848974172 -0.2117677493672563
53.74149789942512 -0.32822399054846246
53.8625373091085 -0.43987744137491935
53.983576718791895 -0.5450943147617989
54.104616128475286 -0.6423350078792737
54.22565553815868 -0.7301766306387507
54.34669494784207 -0.8073338263610061
54.46773435752545 -0.8726775799646173
54.58877376720884 -0.9252517384608208
54.70981317689223 -0.964287002015948
54.830852586575624 -0.9892121808550419
54.951891996259015 -0.9996625532881424
55.0729314059424 -0.9954852025591007
55.19397081562579 -0.9767412544246177
55.31501022530918 -0.9437049827217744
55.43604963499257 -0.8968597960119788
55.55708904467596 -0.8368911640274082
55.678128454359346 -0.7646765874248607
55.79916786404274 -0.6812727576161839
55.920207273726135 -0.5879000945611823
56.041246683409526 -0.4859248887761895
56.162286093092916 -0.37683930886821576
56.2833255027763 -0.2622395671377357
56.40436491245969 -0.14380256274533032
56.52540432214308 -0.02326134421493771
56.64644373182647 0.09762024967755707
56.767483141509864 0.2170733995590147
56.88852255119325 0.3333501879931251
57.00956196087664 0.4447491761635707
57.13060137056003 0.549640300451236
57.25164078024342 0.6464887246024282
57.37268018992681 0.7338772984673155
57.493719599610195 0.810527294677518
57.614759009293586 0.8753171198300967
57.73579841897698 0.9272987263834656
57.856837828660375 0.9657114851156104
57.977877238343765 0.9899933151535564
58.09891664802714 0.9997889087121967
58.21995605771054 0.9949549301926218
58.34099546739393 0.9755621135633316
58.46203487707732 0.9418942273340639
58.58307428676071 0.8944439222674152
58.7041136964441 0.8339055225872897
58.82515310612749 0.7611648661679583
58.94619251581088 0.6772863423688481
59.06723192549427 0.5834973171859614
59.18827133517766 0.4811701736214522
59.309310744861044 0.3718022300685298
59.430350154544435 0.25699383055911795
59.551389564227826 0.13842492747234159
59.67242897391122 0.017830499361000788
59.79346838359461 -0.10302483640126439
59.91450779327799 -0.22237264466762338
60.03554720296138 -0.33846654942991977
60.15658661264478 -0.4496077879465764
60.27762602232817 -0.5541700681617542
60.39866543201156 -0.6506233656855703
