0.0 0.0
0.09479019849109044 0.09464831105703522
0.18958039698218088 0.18844682642214539
0.28437059547327137 0.28055338025659515
0.37916079396436175 0.37014099792372757
0.4739509924554522 0.4564053209443144
0.5687411909465427 0.5385718288937331
0.6635313894376331 0.6159027933994836
0.7583215879287235 0.6877039018028883
0.853111786419814 0.7533304910147146
0.9479019849109044 0.8121933355943275
1.0426921834019949 0.8637639380843549
1.1374823818930855 0.9075792741018304
1.2322725803841756 0.9432459495822207
1.3270627788752662 0.9704437328507081
1.4218529773663566 0.9889284298081754
1.516643175857447 0.9985340764171716
1.6114333743485376 0.9991744288027099
1.706223572839628 0.9908437375891022
1.8010137713307184 0.973616799520474
1.8958039698218088 0.9476482859014932
1.9905941683128994 0.9131713538878728
2.0853843668039898 0.8704955530951186
2.18017456529508 0.8200040463209405
2.274964763786171 0.7621501693349498
2.369754962277261 0.6974533606234218
2.4645451607683513 0.6264944976337217
2.559335359259442 0.5499106813917328
2.6541255577505325 0.4683895163183566
2.748915756241623 0.3826629366035048
2.8437059547327133 0.29350063456721515
2.9384961532238036 0.20170315001105796
3.033286351714894 0.10809468260678826
3.128076550205985 0.013515691855895457
3.2228667486970752 -0.08118464893900988
3.317656947188165 -0.17515607693929297
3.412447145679256 -0.267554873817741
3.5072373441703464 -0.3575514410463974
3.6020275426614368 -0.44433774841040896
3.6968177411525276 -0.5271345888717173
3.7916079396436175 -0.6051985746451274
3.8863981381347084 -0.6778288116727978
3.9811883366257987 -0.7443731925706621
4.075978535116889 -0.8042342515458576
4.1707687336079795 -0.8568745287170296
4.2655589320990694 -0.9018213956742014
4.36034913059016 -0.9386712989521382
4.455139329081251 -0.9670933833173578
4.549929527572342 -0.9868324623372725
4.644719726063432 -0.9977113095603339
4.739509924554522 -0.9996322497359219
4.834300123045613 -0.9925780357872802
4.929090321536703 -0.9766120036636352
5.023880520027794 -0.9518775036811651
5.118670718518884 -0.9185966134585023
5.213460917009974 -0.8770681440026129
5.308251115501065 -0.827664956847334
5.403041313992155 -0.7708306163325165
5.497831512483246 -0.7070754070811335
5.592621710974337 -0.636971752431273
5.6874119094654265 -0.5611490749584084
5.782202107956517 -0.48028814523252583
5.876992306447607 -0.3951149695495522
5.971782504938698 -0.3063942715157989
6.066572703429788 -0.21492262601075196
6.161362901920879 -0.12152130717459639
6.25615310041197 -0.027028914634528188
6.35094329890306 0.06770615582506366
6.4457334973941505 0.16183332954678142
6.54052369588524 0.25450748984730936
6.63531389437633 0.3448965658603367
6.730104092867422 0.43218900324817944
6.824894291358512 0.5156010507066496
6.919684489849603 0.5943837968416293
7.014474688340693 0.6678298942370267
7.109264886831783 0.7352799103424008
7.2040550853228735 0.7961282481590687
7.298845283813964 0.8498285835660819
7.393635482305055 0.8958987704672857
7.488425680796145 0.933925169718805
7.583215879287235 0.9635663629698796
7.678006077778325 0.9845562180724874
7.772796276269417 0.9967062785371136
7.867586474760507 0.9999074555810403
7.9623766732515975 0.9941310075771786
8.057166871742687 0.9794287981095006
8.151957070233777 0.955932830318135
8.246747268724869 0.9238540617149874
8.341537467215959 0.8834805101110137
8.436327665707049 0.8351746676609871
8.531117864198139 0.7793702462436556
8.625908062689229 0.7165682833987403
8.72069826118032 0.6473326437834542
8.815488459671412 0.5722849565385156
8.910278658162502 0.49209903401828775
9.005068856653592 0.40749482199623016
9.099859055144684 0.31923193566348523
9.194649253635774 0.22810283945734813
9.289439452126864 0.13492573195421162
9.384229650617954 0.040537199709692995
9.479019849109044 -0.054215293996908595
9.573810047600135 -0.14848101807433958
9.668600246091225 -0.2414136118710163
9.763390444582315 -0.3321786841868667
9.858180643073405 -0.41996130481796146
9.952970841564497 -0.5039733213714587
10.047761040055589 -0.5834604356571431
10.142551238546679 -0.6577089761205064
10.237341437037768 -0.7260523055113675
10.332131635528858 -0.787876806257056
10.426921834019948 -0.8426273898007625
10.52171203251104 -0.8898124804396971
10.61650223100213 -0.9290084289158811
10.71129242949322 -0.9598633161323558
10.80608262798431 -0.982100112843289
10.9008728264754 -0.9955191669488588
10.995663024966492 -0.9999999960628367
11.090453223457581 -0.9955023692583864
11.185243421948673 -0.9820666682796682
11.280033620439763 -0.9598135249761278
11.374823818930853 -0.9289427382147492
11.469614017421945 -0.889731479994727
11.564404215913035 -0.8425318068708834
11.659194414404125 -0.7877674990293928
11.753984612895215 -0.7259302553960492
11.848774811386305 -0.6575752789391176
11.943565009877396 -0.5833162918039366
12.038355208368486 -0.5038200250356744
12.133145406859576 -0.4198002323639982
12.227935605350666 -0.33201128179665623
12.322725803841758 -0.241241382559544
12.41751600233285 -0.14830550819489235
12.51230620082394 -0.054038079357212006
12.60709639931503 0.04071452799580383
12.70188659780612 0.13510158175253048
12.79667679629721 0.22827563190820635
12.891466994788301 0.3194001193574753
12.98625719327939 0.40765688690346014
13.08104739177048 0.49225352504612807
13.17583759026157 0.5724304865960775
13.27062778875266 0.6474679062355246
13.365417987243752 0.7166920637973526
13.460208185734844 0.7794814332319538
13.554998384225934 0.8352722629514933
13.649788582717024 0.8835636374487104
13.744578781208114 0.9239219747447347
13.839368979699206 0.9559849192857867
13.934159178190296 0.9794645953365548
14.028949376681386 0.994150191659809
14.123739575172475 0.999909854275806
14.218529773663565 0.9966918703074393
14.313319972154657 0.9845251322820288
14.408110170645747 0.963518878721037
14.502900369136837 0.9338617133468151
14.597690567627929 0.8958199117123887
14.692480766119019 0.8497350304581363
14.78727096461011 0.7960208406605324
14.8820611631012 0.7351596128067699
14.97685136159229 0.6676977867504253
15.07164156008338 0.5942410655253074
15.16643175857447 0.5154489770674445
15.261221957065562 0.4320289526725603
15.35601215555665 0.34472997535535194
15.450802354047742 0.25433585513846535
15.545592552538833 0.1616581916487516
15.640382751029922 0.06752908720575565
15.735172949521013 -0.027206324172319503
15.829963148012103 -0.12169746476714752
15.924753346503195 -0.21509595003487902
16.019543544994285 -0.3065632057893846
16.114333743485375 -0.39527799730366137
16.209123941976465 -0.48044380272964976
16.303914140467555 -0.5612959646345644
16.398704338958648 -0.6371085554439774
16.493494537449738 -0.7072008951505586
16.588284735940828 -0.7709436627695585
16.683074934431918 -0.8277645466695378
16.777865132923008 -0.877153383047146
16.872655331414098 -0.9186667364103582
16.96744552990519 -0.9519318809445104
17.062235728396278 -0.9766501470146034
17.15702592688737 -0.9925996027574769
17.251816125378458 -0.9996370466872543
17.34660632386955 -0.9976992934235859
17.44139652236064 -0.9868037409987986
17.53618672085173 -0.9670482146504306
17.630976919342825 -0.9386100885016432
17.72576711783391 -0.9017446930154748
17.820557316325004 -0.8567830225215111
17.915347514816094 -0.804128763397895
18.010137713307184 -0.7442546695909452
18.104927911798274 -0.6776983180146798
18.199718110289368 -0.6050572819401675
18.294508308780454 -0.5269837657102486
18.389298507271548 -0.4441787489515384
18.484088705762634 -0.357385692859769
18.578878904253727 -0.26738386506614126
18.673669102744817 -0.17498134301726964
18.768459301235907 -0.0810077586873846
18.863249499727 0.013693150235792912
18.958039698218087 0.10827111581270284
19.05282989670918 0.20187697394522908
19.14762009520027 0.2936702885591026
19.24241029369136 0.3828268974222151
19.33720049218245 0.46854631184890083
19.43199069067354 0.5500589038523462
19.52678088916463 0.6266328162155701
19.621571087655724 0.6975805334392133
19.71636128614681 0.7622650545691548
19.811151484637904 0.8201056124815478
19.905941683128994 0.870582888274827
20.000731881620084 0.9132436739516181
20.095522080111177 0.9477049415267697
20.190312278602264 0.9736572820272433
20.285102477093357 0.9908676835069622
20.379892675584443 0.999181623134291
20.474682874075537 0.9985244545684849
20.569473072566627 0.9889020781685656
20.664263271057717 0.9704008880172106
20.759053469548807 0.9431869962352863
20.853843668039897 0.9075047415514876
20.948633866530987 0.8636744955178246
21.04342406502208 0.8120897860677515
21.13821426351317 0.753213764242958
21.23300446200426 0.6875750458121302
21.32779466049535 0.6157629651175615
21.42258485898644 0.5384222837627172
21.517375057477533 0.45624740164857375
21.61216525596862 0.3699761223347094
21.706955454459713 0.2803830287025068
21.8017456529508 0.18827252839691877
21.896535851441893 0.09447163148780569
21.991326049932983 -0.00017747480349867884
22.086116248424073 -0.09482498764509693
22.180906446915163 -0.18862111851180616
22.275696645406253 -0.2807237229740049
22.370486843897346 -0.37030586185430425
22.465277042388436 -0.4565632258645157
22.560067240879526 -0.538721357061188
22.654857439370616 -0.616042602282127
22.749647637861706 -0.6878327361328254
22.844437836352796 -0.7534471940585887
22.93922803484389 -0.8122968595390018
23.034018233334976 -0.8638533534446479
23.12880843182607 -0.9076537780658716
23.223598630317156 -0.943304873219448
23.31838882880825 -0.9704865471178421
23.41317902729934 -0.9889547502992037
23.50796922579043 -0.9985436668147246
23.602759424281523 -0.9991672029998259
23.69754962277261 -0.9908197604623341
23.792339821263703 -0.9735762863473978
23.887130019754792 -0.9475916004278494
23.981920218245882 -0.91309900506169
24.076710416736972 -0.8704081904971458
24.171500615228062 -0.8199024543324157
24.266290813719152 -0.7620352600950677
24.361081012210246 -0.6973261658397282
24.455871210701332 -0.626356159318985
24.550661409192426 -0.5497624416104135
24.645451607683516 -0.46823270603480444
24.740241806174605 -0.3824989637319437
24.8350320046657 -0.2933309713308467
24.929822203156785 -0.2015293197237836
25.02461240164788 -0.10791824599617883
25.119402600138965 -0.013338233050295445
25.21419279863006 0.0813615366335383
25.30898299712115 0.17533080534437262
25.40377319561224 0.2677258741420821
25.49856339410333 0.3577171779711203
25.59335359259442 0.4444967338738351
25.68814379108551 0.5272853954298656
25.782933989576602 0.6053398482879617
25.877724188067692 0.6779592839811348
25.97251438655878 0.7444916921046287
26.06730458504987 0.8043397143626078
26.16209478354096 0.856966007923308
26.256884982032055 0.9018980699279857
26.35167518052314 0.9387324798370148
26.446465379014235 0.9671385215234491
26.54125557750532 0.9868611525931817
26.636045775996415 0.9977232942718633
26.730835974487505 0.9996274212988665
26.825626172978595 0.9925564375535494
26.92041637146969 0.9765738295520185
27.015206569960775 0.9518230964362443
27.109996768451868 0.9185264615733268
27.204786966942958 0.8769828773327951
27.299577165434048 0.8275653409559137
27.394367363925138 0.7707175456163865
27.489157562416228 0.706949896740739
27.583947760907318 0.6368349293556771
27.67873795939841 0.5610021676075652
27.773528157889498 0.48013247260762076
27.86831835638059 0.3949519293503843
27.963108554871678 0.30622532759162235
28.05789875336277 0.21474929521714115
28.152688951853865 0.12134514575444791
28.24747915034495 0.02685150424540065
28.342269348836044 -0.06788322231181369
28.43705954732713 -0.16200846234749386
28.531849745818224 -0.25467911653985476
28.626639944309314 -0.3450631455020121
28.721430142800404 -0.4323490402110076
28.816220341291494 -0.5157531081058105
28.911010539782584 -0.5945265094364616
29.005800738273674 -0.667961980688784
29.100590936764767 -0.7354001847186966
29.195381135255857 -0.7962356305817098
29.290171333746947 -0.8499221099067166
29.384961532238037 -0.8959776010037842
29.479751730729127 -0.9339885966746679
29.57454192922022 -0.9636138168689785
29.669332127711307 -0.9845872728520775
29.7641223262024 -0.9967206553732252
29.858912524693487 -0.9999050253918834
29.95370272318458 -0.9941117921820996
30.04849292167567 -0.9793929700330777
30.14328312016676 -0.9558807112411745
30.23807331865785 -0.9237861195863266
30.33286351714894 -0.8833973549460616
30.427653715640034 -0.8350770460647279
30.522443914131124 -0.7792590347072929
30.617234112622217 -0.7164444804301526
30.7120243111133 -0.6471973609421507
30.806814509604393 -0.5721394084555207
30.901604708095483 -0.4919445274906551
30.996394906586577 -0.40733274425400945
31.091185105077667 -0.31906374191455084
31.185975303568753 -0.2279300398218684
31.280765502059843 -0.13474987790609919
31.375555700550937 -0.04035987014676957
31.470345899042027 0.054392506928969485
31.56513609753312 0.14865652327703474
31.659926296024206 0.24158583357860844
31.754716494515296 0.3323460761143434
31.84950669300639 0.42012236404427816
31.94429689149748 0.504126601833441
32.03908708998857 0.5836045611329148
32.13387728847966 0.6578426525858329
32.22866748697075 0.7261743327579928
32.32345768546184 0.7879860886687212
32.41824788395293 0.8427229461901479
32.51303808244403 0.8898934528579718
32.60782828093511 0.9290740903557488
32.7026184794262 0.959913077055474
32.797408677917296 0.9821335264734027
32.892198876408386 0.9955359332831596
32.986989074899476 0.9999999645655308
33.08177927339056 0.9954855402122716
33.176569471881656 0.9820331927835928
33.271359670372746 0.9597637035883594
33.366149868863836 0.9288770182544234
33.460940067354926 0.8896504515256137
33.555730265846016 0.8424361974035229
33.650520464337106 0.7876581669891766
33.745310662828196 0.7258081824158846
33.840100861319286 0.6574415610458803
33.93489105981038 0.5831721295778368
34.029681258301466 0.5036667128309196
34.124471456792556 0.41963914668746016
34.21926165528365 0.33184386894897977
34.31405185377474 0.2410691456496163
34.40884205226583 0.14812999364422288
34.503632250756915 0.05386086301546857
34.59842244924801 -0.04089185499951671
34.6932126477391 -0.13527742729551348
34.78800284623019 -0.2284484171689971
34.88279304472128 -0.3195682929912187
34.97758324321237 -0.4078189389705947
35.07237344170346 -0.49240800056930684
35.16716364019455 -0.5725759986236197
35.26195383868565 -0.6476031482941056
35.35674403717674 -0.7168158216220992
35.45153423566782 -0.7795925956686836
35.54632443415891 -0.8353698319331702
35.64111463265001 -0.8836467369565336
35.7359048311411 -0.9239898586734294
35.83069502963219 -0.9560369781424887
35.92548522812327 -0.9795003617131114
36.02027542661437 -0.9941693444293865
36.11506562510546 -0.9999122214761049
36.20985582359655 -0.9966774306846561
36.30464602208764 -0.9844940154816808
36.399436220578735 -0.9634713641239436
36.49422641906982 -0.9337982275606973
36.58901661756091 -0.8957410247415797
36.683806816052005 -0.8496414505858243
36.778597014543095 -0.7959134080894835
36.873387213034185 -0.7350392921155903
36.96817741152527 -0.6675656582331465
37.062967610016365 -0.5940983154919913
37.157757808507455 -0.515296887192983
37.252548006998545 -0.4318688884891938
37.347338205489635 -0.3445633739922974
37.442128403980725 -0.25416421241872617
37.536918602471815 -0.16148304865892682
37.631708800962905 -0.06735201645946154
37.726498999454 0.027383732853190224
37.82128919794509 0.12187361852656252
37.916079396436174 0.21526926728405962
38.010869594927264 0.3067321304070519
38.10565979341836 0.3954410126075825
38.20044999190945 0.48059944509409197
38.29524019040054 0.5614428366314141
38.390030388891624 0.6372453383894717
38.48482058738272 0.7073263609450601
38.57961078587381 0.771056684923952
38.6744009843649 0.8278641104193883
38.769191182856 0.8772385944637142
38.86398138134708 0.9187368304266871
38.95877157983817 0.9519862282245639
39.05356177832926 0.9766882596037236
39.14835197682036 0.9926211384634605
39.24314217531145 0.9996418121527127
39.33793237380253 0.9976872458619981
39.43272257229362 0.9867749885786657
39.52751277078472 0.9670030155240886
39.62230296927581 0.9385488484874595
39.7170931677669 0.9016679619542168
39.81188336625799 0.8566914893396358
39.90667356474908 0.8040232499220425
40.00146376324017 0.7441361231692112
40.09625396173126 0.6775678030108901
40.191044160222354 0.6049159701775322
40.28583435871344 0.5268329259502099
40.38062455720453 0.44401973550223817
40.47541475569562 0.35721993341645153
40.570204954186714 0.2672128478926671
40.664995152677804 0.17480660358380146
40.75978535116889 0.08083086588423626
40.85457554965998 -0.013870608184383255
40.949365748151074 -0.10844754560837423
41.044155946642164 -0.20205079152081803
41.138946145133254 -0.29383993330116626
41.233736343624344 -0.38299084618290896
41.32852654211543 -0.4687030926214984
41.42331674060652 -0.5502071089875863
41.51810693909761 -0.6267711150601738
41.61289713758871 -0.6977076842830985
41.70768733607979 -0.762379915794065
41.80247753457088 -0.820207152811035
41.89726773306197 -0.8706701960335176
41.99205793155307 -0.9133159652506492
42.08684813004416 -0.9477615673018924
42.18163832853524 -0.9736977338664307
42.27642852702634 -0.9908915982151592
42.37121872551743 -0.9991887859943429
42.46600892400852 -0.9985148012689679
42.56079912249961 -0.9888756953812043
42.6555893209907 -0.9703580126186994
42.75037951948179 -0.9431280131805022
42.84516971797288 -0.9074301804171899
42.93995991646397 -0.8635850257478734
43.03475011495507 -0.8119862109625336
43.12954031344615 -0.753097013747
43.22433051193724 -0.6874461681646133
43.31912071042834 -0.6156231174407619
43.413910908919426 -0.5382727216728465
43.508701107410516 -0.45608946798227123
43.6034913059016 -0.3698112350924419
43.698281504392696 -0.28021266831710984
43.793071702883786 -0.18809822444160867
43.887861901374876 -0.09429494894297476
43.982652099865966 0.00035494960140737943
44.077442298357056 0.09500166124642748
44.172232496848146 0.1887954046604108
44.267022695339236 0.280894056849375
44.361812893830326 0.37047071412123916
44.45660309232142 0.45672111640420754
44.551393290812506 0.538870868260368
44.646183489303596 0.6161823917610851
44.74097368779469 0.6879615487978871
44.83576388628578 0.753563873370909
44.93055408477687 0.8124003578985121
45.025344283267955 0.8639427415958865
45.12013448175905 0.9077282534412635
45.21492468025014 0.943363767145115
45.30971487874123 0.9705293308172643
45.40450507723232 0.9889810396408214
45.49929527572341 0.9985532257608423
45.5940854742145 0.9991599457258666
45.68887567270559 0.9907957521274126
45.78366587119669 0.9735357425092908
45.87845606968778 0.947534885107622
45.97324626817886 0.9130266274753496
46.06803646666995 0.8703208004836612
46.16282666516105 0.8198008365191698
46.25761686365214 0.7619203268531244
46.35240706214323 0.6971989490921402
46.44719726063431 0.6262178012757178
46.54198745912541 0.5496141845130588
46.6367776576165 0.46807588100318337
46.73156785610759 0.38233497881269524
46.82635805459868 0.29316129885534875
46.92114825308977 0.20135548308887727
47.01593845158086 0.10774180598644068
47.11072865007195 0.013160773824574359
47.205518848563045 -0.0815384217654006
47.300309047054135 -0.17550552822700727
