0.0 0.0
0.09891235307390338 0.09875114458812824
0.19782470614780676 0.19653692963304273
0.2967370592217102 0.2924014326370603
0.3956494122956135 0.3854075129400259
0.49456176536951685 0.4746459729060859
0.5934741184434204 0.5592444459484102
0.6923864715173237 0.6383759245053813
0.791298824591227 0.711266844601491
0.8902111776651304 0.7772046479608645
0.9891235307390337 0.8355447477486146
1.0880358838129371 0.8857168298451732
1.1869482368868407 0.9272304280543574
1.2858605899607438 0.9596797187437269
1.3847729430346474 0.9827474880463629
1.4836852961085505 0.9962082328419739
1.582597649182454 0.9999303652031349
1.6815100022563574 0.9938774987566962
1.7804223553302607 0.9781088043853065
1.879334708404164 0.9527784317918269
1.9782470614780674 0.9181340025812348
2.077159414551971 0.8745141895911679
2.1760717676258743 0.8223454061347966
2.2749841206997776 0.762137637520924
2.3738964737736814 0.69447945560104
2.4728088268475843 0.6200322650795189
2.5717211799214876 0.5395238378331839
2.670633532995391 0.4537411984466667
2.7695458860692947 0.3635229305122812
2.868458239143198 0.2697509789055627
2.967370592217101 0.17334202817479552
3.0662829452910048 0.07523854132663363
3.165195298364908 -0.02360045339022226
3.2641076514388114 -0.12220873763785325
3.3630200045127148 -0.21962234842995257
3.461932357586618 -0.3148890015250637
3.5608447106605214 -0.4070774006521513
3.6597570637344248 -0.49528634156449886
3.758669416808328 -0.5786535219236204
3.857581769882232 -0.6563639708905841
3.956494122956135 -0.7276580160197622
4.055406476030039 -0.7918387095732157
4.154318829103942 -0.8482786416584264
4.253231182177845 -0.8964260735863496
4.352143535251749 -0.9358103314920224
4.4510558883256515 -0.966046407491432
4.549968241399555 -0.9868387233952112
4.648880594473458 -0.9979840201862924
4.747792947547363 -0.9993733450149233
4.846705300621266 -0.9909931162868088
4.945617653695169 -0.9729252564324256
5.044530006769072 -0.9453463910595942
5.143442359842975 -0.9085261223181406
5.242354712916879 -0.8628243933556751
5.341267065990782 -0.8086879696287337
5.440179419064686 -0.7466460714668443
5.5390917721385895 -0.6773052005841845
5.638004125212492 -0.601343211113186
5.736916478286396 -0.5195026831197612
5.835828831360299 -0.4325836633785555
5.934741184434202 -0.3414358443720594
6.033653537508106 -0.24695025796919914
6.1325658905820095 -0.15005056498333194
6.231478243655913 -0.05168402576013323
6.330390596729816 0.047187759935977375
6.429302949803719 0.1455982532129766
6.528215302877623 0.24258542462570234
6.627127655951526 0.3372011586674103
6.7260400090254295 0.4285205222431361
6.824952362099332 0.5156508065192162
6.923864715173236 0.5977402537587709
7.02277706824714 0.6739863838323753
7.121689421321043 0.7436438390066409
7.220601774394947 0.8060316703225574
7.3195141274688496 0.8605399943342923
7.418426480542752 0.9066359551343142
7.517338833616656 0.9438689333819819
7.61625118669056 0.9718749514138096
7.715163539764464 0.9903802313724654
7.814075892838367 0.9992038715713669
7.91298824591227 0.9982596149315971
8.011900598986173 0.9875566922034651
8.110812952060078 0.9671997317296495
8.209725305133981 0.9373877366320504
8.308637658207884 0.8984121394210429
8.407550011281787 0.8506539530446491
8.50646236435569 0.7945800462280602
8.605374717429594 0.7307385795145928
8.704287070503497 0.659753646623888
8.8031994235774 0.5823191735117019
8.902111776651303 0.4991921347721454
9.001024129725206 0.4111851536966348
9.09993648279911 0.3191585583290104
9.198848835873013 0.22401197117429203
9.297761188946916 0.12667551477735706
9.396673542020821 0.028100719143018305
9.495585895094726 -0.07074878011636727
9.594498248168629 -0.16890666197383716
9.693410601242531 -0.2654133664325144
9.792322954316434 -0.35932547487662636
9.891235307390337 -0.44972493262956176
9.990147660464242 -0.5357280235621864
10.089060013538145 -0.6164940090185153
10.187972366612048 -0.6912333466073958
10.28688471968595 -0.7592154085158964
10.385797072759853 -0.8197756238926673
10.484709425833758 -0.8723219754796118
10.583621778907661 -0.9163407869828776
10.682534131981564 -0.9514017446076956
10.781446485055467 -0.9771621036681333
10.880358838129371 -0.993370039149308
10.979271191203276 -0.9998671074680304
11.078183544277179 -0.9965897953664995
11.177095897351082 -0.9835701407975562
11.276008250424985 -0.9609354197319238
11.374920603498888 -0.9289069019491053
11.473832956572792 -0.8877976879749276
11.572745309646695 -0.838009648311142
11.671657662720598 -0.7800294948781797
11.770570015794501 -0.7144240230753949
11.869482368868404 -0.6418345709708779
11.968394721942309 -0.5629707497860265
12.067307075016211 -0.47860350696365667
12.166219428090114 -0.38955758963285514
12.265131781164019 -0.2967034821453513
12.364044134237922 -0.2009488964994602
12.462956487311827 -0.10322989883846506
12.56186884038573 -0.004501758767990314
12.660781193459632 0.09427038905354444
12.759693546533535 0.19212097976204648
12.858605899607438 0.28809345734043335
12.957518252681343 0.3812496256037147
13.056430605755246 0.47067881970423153
13.155342958829149 0.5555068084993803
13.254255311903052 0.634904340755096
13.353167664976954 0.7080952516401724
13.452080018050859 0.7743640502649192
13.550992371124762 0.833062914090805
13.649904724198665 0.8836180218359972
13.74881707727257 0.9255351629683193
13.847729430346472 0.9584045689490341
13.946641783420377 0.981904918998768
14.04555413649428 0.9958064812264718
14.144466489568183 0.9999733584147715
14.243378842642086 0.9943648165076124
14.342291195715989 0.9790356828133377
14.441203548789893 0.9541358100304924
14.540115901863796 0.919908611335866
14.639028254937699 0.8766886808552795
14.737940608011602 0.8248985227786388
14.836852961085505 0.7650444210943712
14.93576531415941 0.6977114903193995
15.034677667233312 0.6235579556071384
15.133590020307217 0.5433087181493244
15.23250237338112 0.45774826877428054
15.331414726455023 0.36771301901597164
15.430327079528928 0.274083124622892
15.52923943260283 0.17777388143753323
15.628151785676733 0.07972677775753764
15.727064138750636 -0.019099709352178453
15.82597649182454 -0.11773948382405489
15.924888844898444 -0.21522827483344592
16.023801197972347 -0.31061306320117993
16.12271355104625 -0.4029613978036564
16.221625904120156 -0.49137051091620826
16.320538257194055 -0.5749761433810592
16.419450610267962 -0.6529609933279189
16.51836296334186 -0.7245627058551062
16.617275316415768 -0.7890813255668041
16.71618766948967 -0.8458861391126593
16.815100022563573 -0.8944218408394015
16.914012375637476 -0.9342139612809407
17.01292472871138 -0.96487350541982
17.111837081785282 -0.9861007553778467
17.21074943485919 -0.9976882003620209
17.30966178793309 -0.9995225652235463
17.408574141006994 -0.9915859177993869
17.507486494080897 -0.9739558442113438
17.6063988471548 -0.9468046904089936
17.705311200228707 -0.9103978773709134
17.804223553302606 -0.8650913064342607
17.903135906376512 -0.8113278801173381
18.00204825945041 -0.7496331724465344
18.100960612524318 -0.6806102911130394
18.19987296559822 -0.604933981685363
18.298785318672124 -0.5233440315128637
18.397697671746027 -0.4366380378017091
18.49661002481993 -0.3456636105601883
18.595522377893833 -0.2513100866348999
18.69443473096774 -0.15449983583873744
18.793347084041642 -0.056179244159199795
18.892259437115545 0.04269053780775998
18.99117179018945 0.14114299075793532
19.09008414326335 0.23821567506183436
19.188996496337257 0.3329596392661082
19.287908849411156 0.42444869673880126
19.386821202485063 0.511788479773109
19.485733555558966 0.594125182639417
19.58464590863287 0.670653908116534
19.68355826170677 0.7406265359089693
19.782470614780674 0.8033590360311981
19.881382967854577 0.8582381556655926
19.980295320928484 0.9047274141254421
20.079207674002383 0.9423723473182164
20.17812002707629 0.9708049504409093
20.277032380150192 0.9897472754770426
20.375944733224095 0.9990141483274152
20.474857086298 0.9985149790127495
20.5737694393719 0.9882546472523001
20.672681792445808 0.9683334547612789
20.771594145519707 0.9389461447334373
20.870506498593613 0.9003799980940007
20.969418851667516 0.8530120251334219
21.06833120474142 0.7973052799755876
21.167243557815322 0.733804333909102
21.266155910889225 0.6631299518328841
21.365068263963128 0.5859730238574492
21.463980617037034 0.5030878113845918
21.562892970110934 0.4152845736896507
21.66180532318484 0.32342164708645993
21.760717676258743 0.22839705410665437
21.859630029332646 0.13113972471915078
21.958542382406552 0.03260041540847346
22.05745473548045 -0.06625758511593982
22.156367088554358 -0.16446787272149987
22.255279441628257 -0.2610703751095148
22.354191794702164 -0.35512073717436843
22.453104147776067 -0.44569955271634837
22.55201650084997 -0.5319213522620544
22.650928853923872 -0.6129432591301918
22.749841206997775 -0.687973229123898
22.84875356007168 -0.7562777933009899
22.947665913145585 -0.8171892281312922
23.046578266219488 -0.870112082947879
23.14549061929339 -0.9145290008819852
23.244402972367293 -0.9500057763779519
23.343315325441196 -0.9761955998475936
23.442227678515103 -0.9928424479695915
23.541140031589002 -0.9997835864914351
23.64005238466291 -0.9969511610673272
23.738964737736808 -0.9843728605805212
23.837877090810714 -0.9621716464656702
23.936789443884617 -0.930564550677252
24.03570179695852 -0.8898605540547274
24.134614150032423 -0.8404575658248743
24.233526503106326 -0.782838533768702
24.33243885618023 -0.7175667230787119
24.431351209254135 -0.6452802100588797
24.530263562328038 -0.5666856444951992
24.62917591540194 -0.48255134167381564
24.728088268475844 -0.3936997715770164
24.827000621549747 -0.30099951868025454
24.925912974623653 -0.20535679094866427
25.024825327697553 -0.10770656103841879
25.12373768077146 -0.009003426303631481
25.22265003384536 0.08978772304141057
25.321562386919265 0.18770113637982425
25.420474739993168 0.28377964356061897
25.51938709306707 0.37708401188739193
25.618299446140973 0.46670212775615966
25.717211799214876 0.5517579131856534
25.81612415228878 0.6314198900749115
25.915036505362686 0.704909308466738
26.01394885843659 0.7715077593577114
26.11286121151049 0.8305641976343929
26.211773564584394 0.8815013064817077
26.310685917658297 0.923821141047122
26.409598270732204 0.9571099961899487
26.508510623806103 0.9810424507302197
26.60742297688001 0.995384548661865
26.70633532995391 0.9999960862316425
26.805247683027815 0.9948319825261069
26.904160036101718 0.9799427201681694
27.00307238917562 0.9554738518151544
27.101984742249524 0.9216645772826667
27.200897095323427 0.8788454052038486
27.29980944839733 0.8274349220828991
27.398721801471236 0.767935700327549
27.49763415454514 0.7009293852622681
27.596546507619042 0.627071009149958
27.695458860692945 0.547082587806472
27.794371213766848 0.4617460624053797
27.893283566840754 0.37189565547163395
27.992195919914654 0.27840971578952367
28.09110827298856 0.1822021319464015
28.19002062606246 0.08421339845077384
28.288932979136366 -0.014598578240673798
28.38784533221027 -0.1132678439095696
28.48675768528417 -0.21082983943477843
28.585670038358074 -0.30633083001324507
28.684582391431977 -0.3988372285657938
28.78349474450588 -0.48744472218523244
28.882407097579787 -0.5712871124095357
28.98131945065369 -0.6495447829004113
29.080231803727592 -0.7214527117499835
29.179144156801495 -0.7863079500897889
29.278056509875398 -0.8434764938936481
29.376968862949305 -0.8923994817978498
29.475881216023204 -0.9325986583507405
29.57479356909711 -0.9636810492847715
29.67370592217101 -0.9853428031069839
29.772618275244916 -0.9973721614538474
29.87153062831882 -0.9996515291731493
29.970442981392722 -0.9921586238965232
30.069355334466625 -0.9749666938647403
30.168267687540528 -0.9482438018763804
30.267180040614434 -0.9122511823597701
30.366092393688337 -0.8673406876289337
30.46500474676224 -0.8139513482881198
30.563917099836143 -0.7526050814093125
30.662829452910046 -0.6839015884381913
30.76174180598395 -0.608512492704981
30.860654159057855 -0.5271747738500041
30.959566512131754 -0.44068356334690884
31.05847886520566 -0.34988437155216023
31.15739121827956 -0.25566482226679904
31.256303571353467 -0.15894597561056314
31.35521592442737 -0.06067332403337463
31.454128277501272 0.03819245051589093
31.553040630575175 0.13668486790825457
31.65195298364908 0.23384109783465531
31.750865336722985 0.3287113721265016
31.849777689796888 0.42036826938490646
31.948690042870794 0.5079157811551004
32.04760239594469 0.5904980710179172
32.14651474901859 0.6673078409723932
32.2454271020925 0.7375942233222965
32.344339455166406 0.8006701209180903
32.44325180824031 0.8559189239984919
32.542164161314204 0.9028005379698856
32.64107651438811 0.9408566631980141
32.73998886746202 0.9697152751982938
32.838901220535924 0.9890942614279834
32.93781357360982 0.9988041791279868
33.03672592668372 0.9987501072545586
33.13563827975763 0.9889325743970043
33.234550632831535 0.969447553610364
33.33346298590544 0.9404855242135819
33.43237533897934 0.9023296097247288
33.53128769205324 0.855352810136213
33.63020004512715 0.8000143555863903
33.72911239820105 0.7368552170729084
33.82802475127495 0.6664928180935906
33.92693710434886 0.5896149989121666
34.02584945742276 0.5069732924523193
34.124761810496665 0.4193755775526185
34.223674163570564 0.32767818140193977
34.32258651664447 0.2327775083592383
34.42149886971838 0.13560127699184735
34.520411222792276 0.037099450996046425
34.61932357586618 -0.06176504734362551
34.71823592894008 -0.16002575037399142
34.81714828201399 -0.2567220929513509
34.916060635087895 -0.3509088026184483
35.014972988161794 -0.44166514028511017
35.113885341235694 -0.5281039010785384
35.2127976943096 -0.6093800873738148
35.31171004738351 -0.6846991692198784
35.41062240045741 -0.7533248514097274
35.509534753531305 -0.8145862712663906
35.60844710660521 -0.8678845567815042
35.70735945967912 -0.9126986809960952
35.806271812753025 -0.9485905553931971
35.905184165826924 -0.97520931251079
36.00409651890082 -0.9922947359096734
36.10300887197473 -0.9996798039659794
36.201921225048636 -0.9972923226210434
36.30083357812254 -0.9851556311273892
36.39974593119644 -0.9633883738916769
36.49865828427034 -0.9322033406449991
36.59757063734425 -0.8919053862786624
36.696482990418154 -0.8428884506804725
36.79539534349205 -0.7856317077046322
36.89430769656596 -0.7206948809216864
36.99322004963986 -0.6487127719402982
37.092132402713766 -0.5703890547901167
37.191044755787665 -0.4864893970300081
37.28995710886157 -0.39783397482732413
37.38886946193548 -0.30528945517856954
37.48778181500938 -0.20976052365056336
37.586694168083284 -0.11218104046423635
37.68560652115718 -0.013504911376428593
37.78451887423109 0.08530323739715157
37.883431227304996 0.1832774890586341
37.9823435803789 0.27946007872108913
38.081255933452795 0.37291075621111125
38.1801682865267 0.4627159776532507
38.27908063960061 0.5479978359821004
38.377992992674514 0.6279226430804832
38.47690534574841 0.7017090796472988
38.57581769882231 0.7686358331246422
38.67473005189622 0.8280486490182011
38.773642404970126 0.8793667266795194
38.872554758044025 0.9220883970270222
38.97146711111793 0.9557960267021959
39.07037946419183 0.9801601007194447
39.16929181726574 0.9949424436990111
39.268204170339644 0.9999985481931475
39.36711652341354 0.9952789873446239
39.46602887648745 0.9808298980678414
39.56494122956135 0.956792530029145
39.663853582635255 0.9234018648353439
39.762765935709155 0.8809843189288399
39.86167828878306 0.8299545526450727
39.96059064185697 0.7708114166259838
40.05950299493087 0.7041330752159995
40.158415348004766 0.630571354512669
40.25732770107867 0.5508453703236295
40.35624005415258 0.46573449832093516
40.455152407226485 0.37607075511423393
40.554064760300385 0.2827306647230351
40.652977113374284 0.18662668995877002
40.75188946644819 0.08869831248077237
40.8508018195221 -0.010097151275337838
40.949714172596 -0.10879390851636332
41.048626525669896 -0.2064271313723524
41.1475388787438 -0.30204238874471795
41.24645123181771 -0.39470497651871145
41.345363584891615 -0.483509054931365
41.444275937965514 -0.5675865037707044
41.543188291039414 -0.6461154088407576
41.64210064411332 -0.7183280967313257
41.74101299718723 -0.7835186393472194
41.83992535026113 -0.8410497548351094
41.93883770333503 -0.890359037446688
42.03775005640893 -0.9309644554370454
42.13666240948284 -0.9624690632525227
42.235574762556745 -0.9845648819432349
42.334487115630644 -0.9970359098665962
42.43339946870455 -0.9997602342501568
42.53231182177845 -0.9927112229717933
42.631224174852356 -0.9759577849068007
42.730136527926255 -0.9496636962968155
42.82904888100016 -0.9140859997257512
42.92796123407407 -0.869572491353884
43.02687358714797 -0.8165583209740425
43.12578594022187 -0.7555617381266739
43.22469829329577 -0.6871790258584227
43.32361064636968 -0.6120786716501655
43.422522999443586 -0.5309948324976116
43.521435352517486 -0.4447201580277951
43.620347705591385 -0.3540980418103186
43.71926005866529 -0.2600143766121062
43.8181724117392 -0.16338889419362565
43.917084764813104 -0.06516617430592055
44.015997117887 0.03369358921831082
44.1149094709609 0.13222397501197225
44.21382182403481 0.22946178159906497
44.312734177108716 0.32445644334370155
44.411646530182615 0.41627932287511854
44.510558883256515 0.5040327891490376
44.60947123633042 0.5868589924010802
44.70838358940433 0.6639482502111421
44.807295942478234 0.7345469626992767
44.90620829555213 0.7979649794766079
45.00512064862603 0.8535823463343769
45.10403300169994 0.9008553657176016
45.202945354773846 0.9393219117381326
45.301857707847745 0.9686059477692508
45.40077006092165 0.988421202459227
45.49968241399555 0.9985739682283038
45.59859476706946 0.9989649948919295
45.69750712014336 0.9895904598987508
45.79641947321726 0.9705420056986499
45.89533182629117 0.9420058438755256
45.99424417936507 0.9042609348025241
46.093156532438975 0.857676260614818
46.192068885512874 0.8027072181585179
46.29098123858678 0.7398911671770176
46.38989359166069 0.6698421772543741
46.48880594473459 0.5932450248678313
46.587718297808486 0.5108484992324133
46.68663065088239 0.4234580823775276
46.7855430039563 0.33192807501278854
46.884455357030205 0.2371532451580354
46.9833677101041 0.14006008117793212
47.082280063178004 0.041597734728565205
47.18119241625191 -0.05727125784489256
47.28010476932582 -0.1555803849550889
47.379017122399716 -0.2523686080800163
47.477929475473616 -0.34668975656764495
47.57684182854752 -0.43762177709698746
47.67575418162143 -0.5242757473758668
47.774666534695335 -0.6058045659603961
47.873578887769234 -0.6814112332472159
47.972491240843134 -0.7503566426862224
48.07140359391704 -0.8119668060493308
48.17031594699095 -0.8656394421233955
48.269228300064846 -0.9108498644183516
48.36814065313875 -0.9471561103342054
48.46705300621265 -0.9742032616457575
48.56596535928656 -0.9917269140694537
48.66487771236046 -0.9995557619949136
48.763790065434364 -0.9976132731136903
48.86270241850827 -0.9859184365745863
48.96161477158217 -0.9645855773518246
49.060527124656076 -0.9338232386407302
49.159439477729975 -0.8939321432062964
49.25835183080388 -0.8453022536137867
49.35726418387779 -0.7884089600796854
