0.0 0.0
0.08516015082722325 0.08505725434360206
0.1703203016544465 0.1694980248145616
0.2554804524816698 0.2527102957348441
0.340640603308893 0.3340909554307399
0.42580075413611623 0.4130501675075206
0.5109609049633396 0.48901564590660684
0.5961210557905627 0.5614368027601907
0.681281206617786 0.6297887389802065
0.7664413574450092 0.6935760486583785
0.8516015082722325 0.752336409703554
0.9367616590994557 0.8056439346918493
1.0219218099266791 0.8531122576430858
1.1070819607539022 0.894397334350962
1.1922421115811255 0.9291999359705356
1.2774022624083488 0.9572678177898176
1.362562413235572 0.9783975474665069
1.4477225640627953 0.9924359794790426
1.5328827148900184 0.9992813651053468
1.6180428657172419 0.9988840898842759
1.703203016544465 0.9912470332147555
1.7883631673716882 0.9764255474862737
1.8735233181989115 0.95452705689199
1.958683469026135 0.9257102788322102
2.0438436198533583 0.8901840735513954
2.129003770680581 0.8482059303463827
2.2141639215078044 0.8000801013175841
2.2993240723350277 0.7461553961894939
2.384484223162251 0.6868226541833521
2.4696443739894747 0.6225119112655051
2.5548045248166975 0.5536892833028775
2.639964675643921 0.48085358771603115
2.725124826471144 0.4045327281156402
2.8102849772983673 0.3252798681260535
2.8954451281255906 0.24366942212757756
2.9806052789528135 0.1602928919760569
3.0657654297800367 0.07575457987465907
3.1509255806072605 -0.009332791529581008
3.2360857314344837 -0.09435252007949714
3.321245882261707 -0.17868839388449972
3.40640603308893 -0.2617291575438912
3.4915661839161536 -0.3428729424461946
3.5767263347433764 -0.4215316290342525
3.6618864855705993 -0.49713510941898564
3.747046636397823 -0.5691354194469254
3.8322067872250463 -0.6370107102728422
3.91736693805227 -0.7002690306520368
4.002527088879493 -0.7584518925387188
4.0876872397067165 -0.8111375941474964
4.172847390533939 -0.8579442763928463
4.258007541361162 -0.8985326905539064
4.343167692188386 -0.932608657104903
4.428327843015609 -0.9599251978899392
4.5134879938428325 -0.98028432618842
4.598648144670055 -0.9935384816969476
4.683808295497278 -0.9995916000271341
4.768968446324502 -0.9983998089677428
4.854128597151726 -0.9899717464647473
4.939288747978949 -0.9743684980146265
5.024448898806172 -0.9517031539246635
5.109609049633395 -0.9221399896491643
5.194769200460619 -0.8858932751424174
5.279929351287842 -0.8432257218580453
5.365089502115065 -0.7944465786506913
5.450249652942288 -0.7399093903807062
5.535409803769511 -0.6800094354671636
5.620569954596735 -0.6151808609614952
5.7057301054239575 -0.5458935359063556
5.790890256251181 -0.4726496457861523
5.876050407078404 -0.39598005275223613
5.961210557905627 -0.3164404480033433
6.046370708732851 -0.2346073242083519
6.1315308595600735 -0.1510737971626991
6.216691010387297 -0.06644530696253968
6.301851161214521 0.018664770146006367
6.387011312041744 0.10363956743779291
6.4721714628689675 0.18786319867812348
6.55733161369619 0.27072522198575116
6.642491764523414 0.35162506423592904
6.727651915350637 0.429976373935988
6.81281206617786 0.5052112710243956
6.897972217005083 0.576784462791284
6.983132367832307 0.6441771960888094
7.06829251865953 0.7069010171862219
7.153452669486753 0.7645013120187324
7.238612820313976 0.8165606011708845
7.3237729711411985 0.8627015657128442
7.408933121968423 0.902589781958734
7.494093272795646 0.935936145325835
7.57925342362287 0.9624989657268569
7.6644135744500925 0.9820857193081252
7.749573725277315 0.9945544438373363
7.83473387610454 0.9998147676272778
7.919894026931763 0.9978285645380172
8.005054177758986 0.9886102303101855
8.090214328586208 0.9722265782265291
8.175374479413433 0.9487963548579603
8.260534630240656 0.9184893794039194
8.345694781067879 0.8815253128649894
8.430854931895102 0.8381720659686487
8.516015082722324 0.7887438573873029
8.601175233549549 0.7335989363223757
8.686335384376772 0.673136985960883
8.771495535203995 0.6077962266238772
8.856655686031218 0.5380502396027875
8.94181583685844 0.4644045347040597
9.026975987685665 0.38739288638008684
9.112136138512888 0.30757346500168564
9.19729628934011 0.22552479131212544
9.282456440167334 0.14184154338433094
9.367616590994556 0.057130246471861684
9.452776741821781 -0.027995123006927077
9.537936892649004 -0.11291758748978396
9.623097043476227 -0.19702164004337797
9.708257194303451 -0.27969770547717243
9.793417345130674 -0.3603465584648023
9.878577495957899 -0.4383836666510041
9.963737646785122 -0.5132434272657849
10.048897797612344 -0.5843832665394542
10.134057948439567 -0.6512875722064495
10.21921809926679 -0.7134714305957112
10.304378250094015 -0.7704841412216493
10.389538400921237 -0.8219124834024075
10.47469855174846 -0.867383711229412
10.559858702575683 -0.9065682551810398
10.645018853402906 -0.9391821107994764
10.73017900423013 -0.9649888971179418
10.815339155057353 -0.9838015699190679
10.900499305884576 -0.9954837774069656
10.985659456711799 -0.9999508484672341
11.070819607539022 -0.9971704063521423
11.155979758366247 -0.9871626033430675
11.24113990919347 -0.9699999746893936
11.326300060020692 -0.9458069128824935
11.411460210847915 -0.9147587660751955
11.496620361675138 -0.8770805671812686
11.581780512502363 -0.8330454028662475
11.666940663329585 -0.7829724342509448
11.752100814156808 -0.7272245836733175
11.837260964984031 -0.6662059042747563
11.922421115811254 -0.6003586514756771
12.007581266638478 -0.5301600775659826
12.092741417465701 -0.45611897264279094
12.177901568292924 -0.37877197696624104
12.263061719120147 -0.29867969146096796
12.348221869947372 -0.21642261455380163
12.433382020774594 -0.13259693479697798
12.518542171601819 -0.04781020977135105
12.603702322429042 0.037323037411603914
12.688862473256265 0.12218577209306973
12.774022624083488 0.20616292025351451
12.859182774910712 0.28864582648887194
12.944342925737935 0.36903666546542424
13.029503076565158 0.44675277487976706
13.11466322739238 0.5212308785190929
13.199823378219603 0.5919311688136306
13.284983529046828 0.6583412192914232
13.370143679874051 0.7199796985784792
13.455303830701274 0.7763998590257262
13.540463981528497 0.8271927746776292
13.62562413235572 0.8719903051141202
13.710784283182944 0.9104677636842913
13.795944434010165 0.942346270792839
13.88110458483739 0.9673947751829625
13.966264735664614 0.9854317285656932
14.051424886491835 0.9963264014581915
14.13658503731906 0.9999998306939681
14.221745188146281 0.9964253917376011
14.306905338973506 0.9856289916558928
14.39206548980073 0.9676888813468335
14.477225640627951 0.9427350883873113
14.562385791455176 0.9109484746102101
14.647545942282397 0.8725594252414689
14.732706093109622 0.8278461790980384
14.817866243936846 0.7771328119492785
14.903026394764067 0.7207868876580966
14.988186545591292 0.6592167941260575
15.073346696418515 0.5928687833512161
15.15850684724574 0.522223737051893
15.243666998072962 0.44779368129878544
15.328827148900185 0.37011807541685826
15.41398729972741 0.2897599020546032
15.49914745055463 0.2073015867593246
15.584307601381855 0.12334077663280728
15.66946775220908 0.038486008663186216
15.754627903036301 -0.046647700871690276
15.839788053863526 -0.13144331396194397
15.924948204690747 -0.21528624307656427
16.01010835551797 -0.2975688056136078
16.095268506345196 -0.3776946283043211
16.180428657172417 -0.4550829696487286
16.26558880799964 -0.5291729290541999
16.350748958826866 -0.5994275121696833
16.435909109654087 -0.6653375229506509
16.521069260481312 -0.7264252542455465
16.606229411308533 -0.7822479501548212
16.691389562135758 -0.8324010150678985
16.776549712962982 -0.8765209461193109
16.861709863790203 -0.9142879678100096
16.946870014617428 -0.9454283496984299
17.03203016544465 -0.9697163903629762
17.117190316271873 -0.9869760532564642
17.202350467099098 -0.9970822425960206
17.28751061792632 -0.999961710040986
17.372670768753544 -0.9955935855873227
17.457830919580765 -0.984009528830678
17.54299107040799 -0.9652934995017687
17.628151221235214 -0.9395811489372176
17.713311372062435 -0.9070588368963801
17.79847152288966 -0.8679622808501378
17.88363167371688 -0.8225748475314596
17.968791824544105 -0.7712254991303104
18.05395197537133 -0.7142864090186671
18.13911212619855 -0.6521702642865129
18.224272277025776 -0.5853272746396884
18.309432427852997 -0.5142419093387517
18.39459257868022 -0.4394293858290181
18.479752729507446 -0.3614319355118136
18.564912880334667 -0.28081487372207525
18.65007303116189 -0.19816250239661234
18.735233181989113 -0.11407387512999004
18.820393332816337 -0.029158455312274036
18.905553483643562 0.05596830118201243
18.990713634470783 0.14068940673771077
19.075873785298008 0.22439081384470572
19.161033936125232 0.3064658656340745
19.246194086952453 0.3863196928478662
19.331354237779678 0.4633735253738144
19.416514388606902 0.5370688870955147
19.501674539434124 0.6068716436544008
19.586834690261348 0.672275873785836
19.671994841088573 0.7328075361703578
19.757154991915797 0.788027905223273
19.84231514274302 0.8375367509204013
19.927475293570243 0.880975239613036
20.012635444397464 0.9180285348073598
20.09779559522469 0.9484280790582541
20.182955746051913 0.9719535404385822
20.268115896879134 0.9884344094762311
20.35327604770636 0.9977512349845016
20.43843619853358 0.999836489828707
20.523596349360805 0.9946750603540309
20.60875650018803 0.9823043559273219
20.69391665101525 0.9628140377988903
20.779076801842475 0.9363453692494688
20.864236952669696 0.9030901917324073
20.94939710349692 0.8632895344318607
21.034557254324145 0.8172318673147452
21.119717405151366 0.7652510103380831
21.20487755597859 0.7077237139655377
21.290037706805812 0.6450669285292648
21.375197857633037 0.5777347822283313
21.46035800846026 0.5062152896668467
21.545518159287482 0.4310268147878312
21.630678310114707 0.35271431383903434
21.715838460941928 0.27184538560123445
21.800998611769153 0.18900615750636723
21.886158762596377 0.10479703746245929
21.971318913423598 0.019828362175502528
22.056479064250823 -0.06528402649130345
22.141639215078044 -0.14992324505893395
22.22679936590527 -0.2334758395234703
22.311959516732493 -0.3153362315905903
22.397119667559714 -0.39491110782797945
22.48227981838694 -0.4716237199236225
22.56743996921416 -0.5449180648822343
22.652600120041384 -0.6142629148623913
22.73776027086861 -0.6791556674465364
22.82292042169583 -0.7391259884376818
22.908080572523055 -0.7937392207802578
22.993240723350276 -0.8425995348976777
23.0784008741775 -0.8853527976134389
23.163561025004725 -0.9216891388621283
23.248721175831946 -0.951345197587201
23.33388132665917 -0.9741060305475305
23.41904147748639 -0.9898066701979451
23.504201628313616 -0.998333320352461
23.58936177914084 -0.9996241809641739
23.674521929968062 -0.9936698960439322
23.759682080795287 -0.980513621471322
23.844842231622508 -0.9602507122064908
23.930002382449732 -0.9330280311698425
24.015162533276957 -0.8990428847987733
24.100322684104178 -0.8585415929963767
24.185482834931403 -0.8118177038369442
24.270642985758624 -0.7592098659678667
24.35580313658585 -0.7010993741284441
24.440963287413073 -0.6379074055754194
24.526123438240294 -0.570091967445213
24.61128358906752 -0.4981445771779964
24.696443739894743 -0.42258670006348514
24.781603890721964 -0.3439659697286045
24.86676404154919 -0.26285221896046124
24.951924192376413 -0.17983334963273195
25.037084343203638 -0.09551107166963792
25.12224449403086 -0.01049654193099307
25.207404644858084 0.07459406537292486
25.29256479568531 0.15914402463156868
25.37772494651253 0.2425405287808252
25.462885097339754 0.32417913084860545
25.548045248166975 0.40346812490754513
25.6332053989942 0.47983283468232785
25.718365549821424 0.5527197787282634
25.803525700648645 0.6216006819925359
25.88868585147587 0.6859763046828113
25.97384600230309 0.7453800606920424
26.059006153130316 0.7993813993536659
26.14416630395754 0.8475889260165951
26.22932645478476 0.8896532388225501
26.314486605611986 0.9252694611251067
26.399646756439207 0.9541794511958056
26.48480690726643 0.976173673201705
26.569967058093656 0.9910927158937268
26.655127208920877 0.998828447998579
26.740287359748102 0.9993248019401035
26.825447510575323 0.9925781802097468
26.910607661402548 0.9786374814408307
26.995767812229772 0.9576037459976459
27.080927963056993 0.9296294236480848
27.166088113884218 0.8949172686276268
27.25124826471144 0.8537188701031239
27.336408415538664 0.8063328286873604
27.421568566365888 0.7531025922208149
27.506728717193113 0.6944139665065526
27.59188886802033 0.6306923190401515
27.677049018847555 0.562399496001617
27.76220916967478 0.4900304748546096
27.847369320502004 0.41410977681440186
27.93252947132923 0.33518766518660775
28.017689622156446 0.253836157130604
28.10284977298367 0.17064487775382617
28.188009923810895 0.08621678658602439
28.27317007463812 0.0011638074072995701
28.358330225465345 -0.08389760689554251
28.443490376292562 -0.16835094229901096
28.528650527119787 -0.2515840920560952
28.61381067794701 -0.3329937931659958
28.698970828774236 -0.4119899987456078
28.78413097960146 -0.4880001546122738
28.869291130428678 -0.5604733490817294
28.954451281255903 -0.6288843059040758
29.039611432083127 -0.6927371913974126
29.124771582910352 -0.7515692081856415
29.209931733737577 -0.8049539494934103
29.295091884564794 -0.8525044896867358
29.38025203539202 -0.8938761886594899
29.465412186219243 -0.9287691897398613
29.550572337046468 -0.9569305930123736
29.635732487873693 -0.9781562883034448
29.720892638700914 -0.9922924345452719
29.806052789528135 -0.9992365747958039
29.89121294035536 -0.9989383788332754
29.976373091182584 -0.9914000079430841
30.06153324200981 -0.9766760992530759
30.14669339283703 -0.9548733697307779
30.231853543664254 -0.9261498427127491
30.31701369449148 -0.8907137025720777
30.4021738453187 -0.8488217858252272
30.487333996145924 -0.8007777196144973
30.572494146973145 -0.7469297210581576
30.65765429780037 -0.6876680734182278
30.742814448627595 -0.6234222973783741
30.82797459945482 -0.5546580379340718
30.91313475028204 -0.4818736894584878
30.99829490110926 -0.40559678340513583
31.083455051936486 -0.3263801648287916
31.16861520276371 -0.24479798543673437
31.253775353590935 -0.16144154221213572
31.33893550441816 -0.07691499177074082
31.424095655245377 0.008169028487384152
31.509255806072602 0.0931938406937575
31.594415956899827 0.1775431961121039
31.67957610772705 0.2606057416287531
31.764736258554276 0.3417794507601698
31.849896409381493 0.4204759870622866
31.935056560208718 0.4961249683162515
32.02021671103594 0.5681781005842297
32.105376861863164 0.6361131521722919
32.19053701269039 0.699437738697546
32.275697163517606 0.7576928918258137
32.360857314344834 0.8104563858142421
32.446017465172055 0.8573457977482857
32.53117761599928 0.8980212792931088
32.616337766826504 0.9321880198699027
32.70149791765373 0.959598383404491
32.78665806848095 0.9800537031612361
32.871818219308174 0.9934057216536147
32.956978370135396 0.9995576651951108
33.042138520962624 0.9984649453022603
33.127298671789845 0.9901354818661587
33.212458822617066 0.9746296457501237
33.297618973444294 0.9520598212295582
33.382779124271515 0.9225895914454066
33.467939275098736 0.8864325527748982
33.553099425925964 0.8438507667128997
33.638259576753185 0.7951528604844342
33.723419727580406 0.7406917901548332
33.808579878407635 0.6808622824502731
33.893740029234856 0.6160979738300248
33.97890018006208 0.546868267545991
34.0640603308893 0.47367493146925166
34.149220481716526 0.3970484613420437
34.23438063254375 0.31754423581392016
34.319540783370975 0.23573849112977444
34.404700934198196 0.15222414464483547
34.48986108502542 0.06760649743705348
34.57502123585264 -0.01750115283604522
34.66018138667987 -0.10248195703870898
34.74534153750709 -0.18671998539891974
34.830501688334316 -0.2696046916870014
34.91566183916153 -0.3505353383749045
35.00082198998876 -0.42892535070344645
35.08598214081598 -0.5042065680994765
35.17114229164321 -0.5758333621295985
35.25630244247043 -0.6432865911437504
35.34146259329765 -0.706077362946137
35.42662274412487 -0.7637505782220005
35.5117828949521 -0.8158882290380374
35.59694304577932 -0.8621124285092976
35.68210319660655 -0.9020881496740117
35.76726334743376 -0.9355256537252283
35.85242349826099 -0.9621825899998896
35.93758364908821 -0.981865752504752
36.02274379991544 -0.9944324802482256
36.10790395074266 -0.9997916912285963
36.19306410156988 -0.9979045425844897
36.2782242523971 -0.9887847121228528
36.36338440322433 -0.9724982991839956
36.44854455405155 -0.9491633455622097
36.53370470487878 -0.9189489799542463
36.61886485570599 -0.8820741921366257
36.70402500653322 -0.8388062457563005
36.78918515736044 -0.7894587412386843
36.87434530818767 -0.7343893428526789
36.95950545901489 -0.6739971864067915
37.04466560984211 -0.6087199863648849
37.129825760669334 -0.539030863348917
37.21498591149656 -0.4654349150224436
37.30014606232378 -0.3884655552087331
37.38530621315101 -0.30868064777698584
37.470466363978225 -0.22665846331791453
37.555626514805454 -0.142993487913933
37.640786665632675 -0.05829211438175487
37.7259468164599 0.026831752783641385
37.811106967287124 0.11176114690856508
37.896267118114345 0.19588051083454971
37.981427268941566 0.27858015839622924
38.066587419768794 0.3592606933470652
38.151747570596015 0.437337353705045
38.23690772142324 0.5122442500312158
38.322067872250464 0.5834384669223914
38.407228023077685 0.6504039979911455
38.49238817390491 0.7126554858127004
38.577548324732135 0.7697417397321764
38.662708475559356 0.821249006035521
38.74786862638658 0.8668039667824302
38.833028777213805 0.9060764455660141
38.918188928041026 0.9387818005882724
39.00334907886825 0.9646829877066972
39.088509229695475 0.9835922784992518
39.173669380522696 0.9953726208954579
39.25882953134992 0.9999386325119156
39.343989682177146 0.9972572194926616
39.42914983300437 0.9873478163691188
39.514309983831595 0.9702822452011479
39.59947013465881 0.9461841950201444
39.68463028548604 0.9152283253470707
39.76979043631326 0.8776390002830835
39.854950587140486 0.8336886623477981
39.94011073796771 0.7836958578515091
40.02527088879493 0.7280229281131039
40.11043103962215 0.6670733832575139
40.19559119044938 0.6012889776270094
40.2807513412766 0.5311465080034344
40.36591149210383 0.4571543578473529
40.45107164293104 0.37984881260116454
40.53623179375827 0.2997901727621721
40.62139194458549 0.21755869289783125
40.70655209541272 0.1337503760363368
40.79171224623994 0.04897265391456214
40.87687239706716 -0.036160015607899464
40.96203254789438 -0.12103060205903692
41.04719269872161 -0.20502397451072404
41.13235284954883 -0.2875313599673344
41.21751300037606 -0.3679547556729684
41.30267315120327 -0.44571126335727895
41.3878333020305 -0.5202373140060991
41.47299345285772 -0.5909927525359744
41.55815360368495 -0.6574647527677504
41.64331375451217 -0.7191715343236995
41.72847390533939 -0.7756658545088279
41.81363405616661 -0.826538249867504
41.89879420699384 -0.8714200039211273
41.98395435782106 -0.9099858195770028
42.06911450864829 -0.9419561768392158
42.154274659475504 -0.9670993587330362
42.23943481030273 -0.9852331307593214
42.324594961129954 -0.9962260617063409
42.40975511195718 -0.9999984762460575
42.4949152627844 -0.9965230324104919
