0.0 0.0
0.09432281990660077 0.09418302032088428
0.18864563981320154 0.1875287347326798
0.28296845971980233 0.27920728114348486
0.3772912796264031 0.36840361891874657
0.4716140995330038 0.4543247747556992
0.5659369194396047 0.5362068923748043
0.6602597393462054 0.6133220233550237
0.7545825592528062 0.6849845987410413
0.8489053791594069 0.750557523888549
0.9432281990660076 0.8094578423632001
1.0375510189726085 0.8611619185400379
1.1318738388792093 0.9052100928290497
1.22619665878581 0.941210768140961
1.3205194786924108 0.9688438912637687
1.4148422985990114 0.9878637981998808
1.5091651185056123 0.9981013981682451
1.6034879384122132 0.9994656768552496
1.6978107583188138 0.991944505550195
1.7921335782254146 0.9756047489719608
1.8864563981320153 0.9505916708282666
1.9807792180386161 0.9171276423922233
2.075102037945217 0.8755101655771905
2.169424857851818 0.8261092280851962
2.2637476777584187 0.7693640141421829
2.358070497665019 0.7057790000623011
2.45239331757162 0.6359194693524624
2.546716137478221 0.5604064872287774
2.6410389573848216 0.4799113792224263
2.7353617772914225 0.39514976296126647
2.829684597198023 0.3068751861858313
2.9240074171046238 0.21587242755903138
3.0183302370112246 0.12295051982670595
3.1126530569178255 0.02893555735451665
3.2069758768244263 -0.06533664801637316
3.3012986967310267 -0.15902799750392205
3.3956215166376276 -0.2513055562511986
3.4899443365442284 -0.341348958284037
3.5842671564508293 -0.4283576997288124
3.67858997635743 -0.5115582554521635
3.7729127962640305 -0.5902109558543118
3.867235616170632 -0.6636165626799113
3.9615584360772322 -0.731122485386144
4.055881255983833 -0.7921285828033192
4.150204075890434 -0.846092498510038
4.244526895797034 -0.8925344824903743
4.338849715703636 -0.9310416562075815
4.433172535610236 -0.9612716831769522
4.527495355516837 -0.9829558124057162
4.621818175423438 -0.9959012676431771
4.716140995330038 -0.9999929612001824
4.8104638152366395 -0.9951945171017229
4.90478663514324 -0.9815485944766352
4.999109455049841 -0.9591765083094037
5.093432274956442 -0.9282771509256589
5.187755094863042 -0.8891252237995758
5.282077914769643 -0.8420687954027662
5.376400734676244 -0.7875262068058722
5.470723554582845 -0.7259823525426797
5.565046374489445 -0.657984369800627
5.659369194396046 -0.5841367742616491
5.753692014302647 -0.505096085836724
5.8480148342092475 -0.42156499207241055
5.942337654115849 -0.3342861011178534
6.036660474022449 -0.24403533978965014
6.13098329392905 -0.15161505542708048
6.225306113835651 -0.05784688286360702
6.319628933742251 0.03643556007130875
6.413951753648853 0.1303940835816335
6.508274573555453 0.22319337757987404
6.602597393462053 0.3140084377610168
6.696920213368655 0.40203190005598877
6.791243033275255 0.4864812182598894
6.885565853181856 0.5666056210244481
6.979888673088457 0.6416927863656329
7.074211492995057 0.7110751743487227
7.1685343129016585 0.7741359616519877
7.262857132808259 0.8303145252495253
7.35717995271486 0.8791114264622195
7.451502772621461 0.9200928510675969
7.545825592528061 0.9528944659951315
7.6401484124346615 0.977224658320191
7.734471232341264 0.9928671277613276
7.828794052247864 0.9996828096330891
7.9231168721544645 0.9976111111589195
8.017439692061064 0.9866704501530744
8.111762511967665 0.9669580912825636
8.206085331874267 0.9386492813647872
8.300408151780868 0.9019956913882383
8.394730971687467 0.8573231791070239
8.489053791594069 0.80502889210018
8.58337661150067 0.7455777370501777
8.677699431407271 0.6794982466294235
8.77202225131387 0.6073778807389751
8.866345071220472 0.5298578038723867
8.960667891127073 0.44762718503498855
9.054990711033675 0.36141707089343034
9.149313530940274 0.2719938866244389
9.243636350846876 0.18015262224152778
9.337959170753475 0.08670976497460658
9.432281990660076 -0.007503959464993315
9.526604810566678 -0.10165097220241809
9.620927630473279 -0.19489428744320575
9.715250450379878 -0.2864049534445867
9.80957327028648 -0.37536942206246643
9.90389609019308 -0.4609967813573124
9.998218910099682 -0.5425257869596776
10.092541730006282 -0.619231629685051
10.186864549912883 -0.690432379232659
10.281187369819483 -0.7554950466823662
10.375510189726084 -0.813841211892932
10.469833009632685 -0.8649521657728751
10.564155829539287 -0.9083735217081643
10.658478649445886 -0.9437192551501978
10.752801469352487 -0.9706751354513374
10.847124289259089 -0.9890015194382805
10.94144710916569 -0.9985354818878582
11.03576992907229 -0.9991922639648916
11.13009274897889 -0.990966026745207
11.22441556888549 -0.973929903124842
11.318738388792092 -0.9482353476539549
11.413061208698693 -0.9141107900755493
11.507384028605294 -0.871859604539319
11.601706848511894 -0.8218574125447131
11.696029668418495 -0.7645487435905911
11.790352488325095 -0.7004430832189753
11.884675308231698 -0.6301103435865578
11.978998128138297 -0.5541757968315273
12.073320948044898 -0.4733145162790433
12.167643767951498 -0.3882453749042205
12.2619665878581 -0.29972465440742563
12.3562894077647 -0.20853932171854023
12.450612227671302 -0.11550003270337232
12.544935047577901 -0.02143392527069322
12.639257867484503 0.07282273404939764
12.733580687391104 0.1664319846823619
12.827903507297705 0.25856162164652335
12.922226327204305 0.3483925940219854
13.016549147110906 0.43512628647731594
13.110871967017506 0.51799161911974
13.205194786924107 0.5962519025497945
13.299517606830708 0.669211387177587
13.39384042673731 0.7362214485759669
13.488163246643909 0.7966863538815563
13.58248606655051 0.8500685579791935
13.67680888645711 0.8958934823856334
13.771131706363713 0.9337537343472979
13.865454526270312 0.9633127286434184
13.959777346176914 0.9843076798960535
14.054100166083513 0.9965519387847095
14.148422985990114 0.9999366513961767
14.242745805896716 0.9944317269576117
14.337068625803317 0.9800861053495342
14.431391445709917 0.9570273220204905
14.525714265616518 0.9254603741713764
14.62003708552312 0.885665898289278
14.71435990542972 0.8379976752329069
14.80868272533632 0.7828794850499295
14.903005545242921 0.7208013394874853
14.99732836514952 0.6523151256896457
15.091651185056122 0.578029699810189
15.185974004962723 0.49860547415948997
15.280296824869323 0.41474854600684075
15.374619644775924 0.3272044202343394
15.468942464682527 0.23675138164922147
15.563265284589125 0.14419357587609077
15.657588104495728 0.050353860341276514
15.751910924402328 -0.043933511094412486
15.846233744308929 -0.13783030481958772
15.94055656421553 -0.2305017595369062
16.034879384122128 -0.3211240074581549
16.129202204028733 -0.4088913986538678
16.22352502393533 -0.4930236634424787
16.317847843841932 -0.5727728491440714
16.412170663748533 -0.6474299695294321
16.506493483655134 -0.716331307849605
16.600816303561736 -0.7788643174106844
16.695139123468334 -0.8344730672365731
16.789461943374935 -0.8826631844066828
16.88378476328154 -0.923006249130176
16.978107583188137 -0.9551436034836925
17.07243040309474 -0.9787895399521129
17.16675322300134 -0.9937338414255631
17.26107604290794 -0.9998436500716197
17.355398862814543 -0.9970646484680412
17.44972168272114 -0.9854215424955286
17.54404450262774 -0.9650178416974967
17.638367322534343 -0.9360349390595102
17.732690142440944 -0.8987304983893196
17.827012962347546 -0.8534361636340184
17.921335782254147 -0.8005546104989476
18.015658602160748 -0.7405559665800469
18.10998142206735 -0.6739736318353919
18.204304241973947 -0.6013995365527666
18.29862706188055 -0.5234788789708701
18.39294988178715 -0.44090438933780196
18.48727270169375 -0.3544101714004392
18.581595521600352 -0.2647651760751384
18.67591834150695 -0.17276636532012404
18.770241161413555 -0.07923162698408576
18.864563981320153 0.015007496380525648
18.958886801226754 0.10911320009733964
19.053209621133355 0.20224886561735533
19.147532441039957 0.2935864982253774
19.241855260946558 0.3823140880788215
19.336178080853156 0.467642829137802
19.430500900759757 0.548814131808783
19.52482372066636 0.6251063669579429
19.61914654057296 0.6958412813386651
19.71346936047956 0.760390027398734
19.80779218038616 0.8181787538609585
19.902115000292763 0.868693707375955
19.996437820199365 0.9114857998922684
20.090760640105962 0.9461746011390919
20.185083460012564 0.9724517207275425
20.279406279919165 0.9900835498029622
20.373729099825766 0.9989133378744178
20.468051919732368 0.9988625863579494
20.562374739638965 0.9899317464447013
20.65669755954557 0.9722002150897388
20.751020379452168 0.9458256291572266
20.84534319935877 0.9110424639971332
20.93966601926537 0.8681599489124288
21.033988839171972 0.8175593180486596
21.128311659078573 0.7596904211460601
21.22263447898517 0.6950677242852907
21.316957298891772 0.6242657361809582
21.411280118798377 0.547913900684119
21.505602938704975 0.4666910009004148
21.599925758611576 0.38131912467232165
21.694248578518177 0.29255724507367514
21.78857139842478 0.20119447298705848
21.88289421833138 0.10804304175005447
21.977217038237978 0.013931086238242813
22.07153985814458 -0.08030471941967689
22.16586267805118 -0.17382660004239678
22.26018549795778 -0.26580312738512596
22.354508317864383 -0.35541661170316147
22.44883113777098 -0.44187037117744316
22.543153957677585 -0.5243958145754619
22.637476777584183 -0.6022592741811785
22.731799597490784 -0.6747685282479662
22.826122417397386 -0.7412789549885093
22.920445237303987 -0.8011992633915818
23.01476805721059 -0.8539967499175286
23.109090877117186 -0.8992020343393968
23.203413697023787 -0.9364132326271435
23.297736516930392 -0.9652995297771244
23.39205933683699 -0.9856041208237181
23.48638215674359 -0.9971464938868981
23.58070497665019 -0.9998240349589816
23.675027796556794 -0.993612940163709
23.769350616463395 -0.978568427377469
23.863673436369993 -0.9548242453313222
23.957996256276594 -0.9225914845579973
24.052319076183196 -0.8821567007547941
24.146641896089797 -0.8338793672460527
24.240964715996398 -0.7781886791933234
24.335287535902996 -0.7155797379644443
24.4296103558096 -0.6466091495832341
24.5239331757162 -0.5718900763905175
24.6182559956228 -0.49208678590810434
24.7125788155294 -0.40790874536754307
24.806901635436002 -0.3201043144043601
24.901224455342604 -0.22945409199105787
24.9955472752492 -0.13676397675595173
25.089870095155803 -0.04285800238298386
25.184192915062408 0.051428988212707444
25.278515734969005 0.1452587648054616
25.372838554875607 0.23779716189367414
25.467161374782208 0.3282214945980971
25.56148419468881 0.41572787249516074
25.65580701459541 0.4995383463638003
25.750129834502008 0.5789078243097983
25.84445265440861 0.6531306957819267
25.93877547431521 0.7215471045910161
26.033098294221812 0.7835488151636124
26.127421114128413 0.838584619878011
26.22174393403501 0.8861652394103807
26.316066753941616 0.9258676725259304
26.410389573848214 0.9573389566445669
26.504712393754815 0.9802993057489278
26.599035213661416 0.9945445977380815
26.693358033568018 0.9999481891138842
26.78768085347462 0.996462040867034
26.882003673381217 0.984117145553484
26.976326493287818 0.9630232517644111
27.070649313194423 0.9333678884392677
27.16497213310102 0.8954146976959652
27.259294953007622 0.8495010909996434
27.35361777291422 0.7960352495072006
27.447940592820824 0.7354924952550599
27.542263412727426 0.6684110654511143
27.636586232634023 0.5953873274381573
27.730909052540625 0.5170704768687934
27.825231872447226 0.43415676622611127
27.919554692353827 0.3473833149996862
28.01387751226043 0.2575215565457259
28.108200332167026 0.1653703798900716
28.20252315207363 0.071749027444778
28.29684597198023 -0.022510188220929865
28.39116879188683 -0.1165692838061016
28.48549161179343 -0.20959205511735904
28.579814431700033 -0.30075151109162773
28.674137251606634 -0.38923722591227405
28.768460071513232 -0.47426254385688493
28.862782891419833 -0.5550715728241664
28.957105711326438 -0.6309459043660611
29.051428531233036 -0.7012110004826989
29.145751351139637 -0.7652421904003044
29.24007417104624 -0.8224702240194263
29.33439699095284 -0.8723863326623184
29.42871981085944 -0.9145467521283528
29.52304263076604 -0.9485766678466184
29.61736545067264 -0.974173547052511
29.71168827057924 -0.9911098283645795
29.806011090485843 -0.9992349448507774
29.900333910392444 -0.9984766625986357
29.99465673029904 -0.9888417228892086
30.088979550205647 -0.9704157822657327
30.183302370112244 -0.9433626510298129
30.277625190018846 -0.9079228369350313
30.371948009925447 -0.8644114070248691
30.46627082983205 -0.8132151866235977
30.560593649738646 -0.7547893203817048
30.654916469645247 -0.6896532259487866
30.74923928955185 -0.6183859762466738
30.843562109458453 -0.5416211513951851
30.937884929365055 -0.46004120605801535
31.03220774927165 -0.3743714022841156
31.12653056917825 -0.2853733617828423
31.220853389084855 -0.19383829495449284
31.315176208991456 -0.10057996687140973
31.409499028898058 -0.006427462743531518
31.503821848804655 0.08778218281511561
31.598144668711257 0.18121142719175504
31.692467488617858 0.27302966569636866
31.78679030852446 0.3624206158037189
31.88111312843106 0.4485895740684402
31.97543594833766 0.5307704811977901
32.069758768244256 0.6082327324721607
32.164081588150864 0.6802876729673244
32.258404408057466 0.7462947198345745
32.35272722796407 0.8056670572105568
32.44705004787066 0.8578768531277647
32.54137286777726 0.9024599520464407
32.635695687683864 0.939020001290239
32.730018507590465 0.9672319747008976
32.824341327497066 0.9868450621858615
32.91866414740367 0.9976848994702255
33.01298696731027 0.9996551182300514
33.10730978721687 0.9927382028260637
33.20163260712347 0.9769956460211905
33.29595542703007 0.9525674022975876
33.39027824693667 0.9196706436332721
33.48460106684327 0.8785978287997419
33.57892388674987 0.8297141033449533
33.67324670665648 0.7734540533762713
33.76756952656308 0.7103178420029774
33.86189234646967 0.6408667627860591
33.956215166376275 0.5657182497260593
34.050537986282876 0.4855403881512088
34.14486080618948 0.40104597530506597
34.23918362609608 0.3129861834363017
34.33350644600268 0.2221438817270004
34.42782926590928 0.12932667642887574
34.52215208581588 0.03535973108198458
34.616474905722484 -0.05892156935436819
34.710797725629085 -0.15267904524118847
34.80512054553568 -0.24507917384460692
34.89944336544228 -0.3353004995199086
34.99376618534888 -0.4225409366166542
35.08808900525548 -0.5060249001807435
35.18241182516209 -0.5850102010599528
35.276734645068686 -0.6587946441140794
35.37105746497529 -0.7267222708703971
35.46538028488189 -0.7881891911257652
35.55970310478849 -0.8426489516514812
35.65402592469509 -0.8896173942718953
35.748348744601685 -0.9286769601275334
35.842671564508294 -0.9594804018569794
35.936994384414895 -0.9817538706954219
36.031317204321496 -0.9952993510450328
36.1256400242281 -0.9999964208732681
36.2199628441347 -0.9958033222888523
36.31428566404129 -0.9827573327777935
36.408608483947894 -0.9609744337990653
36.502931303854496 -0.9306482796862183
36.5972541237611 -0.8920484760215764
36.691576943667705 -0.8455181827886228
36.7858997635743 -0.7914710636110543
36.8802225834809 -0.7303876082003004
36.9745454033875 -0.662810860705817
37.0688682232941 -0.5893415919438441
37.163191043200705 -0.5106329584245599
37.2575138631073 -0.4273846956599291
37.3518366830139 -0.3403368973748665
37.44615950292051 -0.25026343592586336
37.54048232282711 -0.1579650824207866
37.63480514273371 -0.0642623877033555
37.729127962640305 0.030011612508125174
37.82345078254691 0.12401880347513639
37.91777360245351 0.2169234424467448
38.01209642236011 0.3078995885800293
38.10641924226671 0.39613844571954715
38.20074206217331 0.4808555527571023
38.29506488207991 0.5612977576480718
38.389387701986514 0.636749913083887
38.483710521893116 0.7065412342948022
38.57803334179972 0.7700512624608102
38.67235616170631 0.8267153807147838
38.76667898161291 0.8760298336994949
38.861001801519514 0.917556206053583
38.95532462142612 0.950925320011922
39.04964744133272 0.9758405174698593
39.14397026123932 0.9920802973331809
39.23829308114592 0.9995002847071838
39.33261590105252 0.9980345144183942
39.42693872095912 0.9876960174581731
39.52126154086572 0.9685767051345929
39.61558436077232 0.9408465519625071
39.709907180678925 0.9047520845560667
39.80423000058553 0.8606141899577828
39.89855282049213 0.8088252628884419
39.99287564039873 0.7498457172794807
40.08719846030532 0.684199893100949
40.181521280211925 0.6124713948741659
40.275844100118526 0.5352979033106987
40.37016692002513 0.4533655062031343
40.464489739931736 0.36740259896722394
40.55881255983833 0.2781734090608227
40.65313537974493 0.1864712018487005
40.74745819965153 0.09311122831467807
40.841781019558134 -0.001076522682891132
40.936103839464735 -0.09525470317825534
41.03042665937133 -0.18858605028933678
41.12474947927793 -0.2802408296524279
41.21907229918454 -0.3694042119267885
41.31339511909114 -0.45528351679064116
41.40771793899774 -0.5371152600279848
41.502040758904336 -0.6141719410561164
41.59636357881094 -0.6857685105515088
41.69068639871754 -0.7512684606754321
41.78500921862414 -0.8100894837561111
41.87933203853074 -0.861708649120519
41.97365485843734 -0.9056670520527678
42.067977678343944 -0.9415738935489191
42.162300498250545 -0.9691099545983808
42.256623318157146 -0.9880304341048277
42.35094613806375 -0.9981671252169659
42.44526895797034 -0.9994299107211209
42.53959177787694 -0.9918075642013108
42.633914597783544 -0.9753678498443327
42.72823741769015 -0.9502569200025716
42.822560237596754 -0.9166980158703312
42.91688305750335 -0.874989482824909
43.01120587740995 -0.8255021180764474
43.10552869731655 -0.7686758742065074
43.19985151722315 -0.7050159479015141
43.29417433712975 -0.6350882886530609
43.388497157036355 -0.5595145673536077
43.482819976942956 -0.4789666495177695
43.57714279684956 -0.3941606222633618
43.67146561675616 -0.3058504281535401
43.76578843666276 -0.21482116249645022
43.860111256569354 -0.12188209369074494
43.954434076475955 -0.02785946866745043
44.04875689638256 0.0664108326106494
44.14307971628916 0.1600907282892797
44.237402536195766 0.25234738533816975
44.33172535610236 0.34236062360341746
44.42604817600896 0.42933020737335215
44.52037099591556 0.5124829596341756
44.614693815822164 0.5910796357684632
44.709016635728766 0.6644214955878273
44.80333945563536 0.7318565152730956
44.89766227554196 0.7927851839966406
44.99198509544857 0.8466658336936511
45.08630791535517 0.8930194545996931
45.18063073526177 0.9314339537434468
45.274953555168366 0.9615678185357179
45.36927637507497 0.9831531528847496
45.46359919498157 0.9959980588461058
45.55792201488817 0.9999883426338314
45.65224483479477 0.9950885298260719
45.74656765470137 0.9813421807397865
45.840890474607974 0.9588715031708086
45.935213294514575 0.9278762659420708
46.02953611442118 0.8886320229187689
46.12385893432778 0.8414876632793254
46.21818175423437 0.7868623098207398
46.31250457414097 0.7252415928729837
46.406827394047575 0.6571733329481539
46.50115021395418 0.5832626705064068
46.595473033860785 0.5041666861361261
46.68979585376738 0.42058855897589625
46.78411867367398 0.33327131531115844
46.87844149358058 0.24299122292178751
46.97276431348718 0.15055088990607082
47.067087133393784 0.05677212933401279
