0.0 0.0
0.06126590016773373 0.061227580326636624
0.12253180033546746 0.1222254141626753
0.18379770050320118 0.1827646171036835
0.2450636006709349 0.24261802568272203
0.3063295008386686 0.3015610497641364
0.36759540100640237 0.35937251528134273
0.4288613011741361 0.4158354941563727
0.4901272013418698 0.4707381182870403
0.5513931015096035 0.5238743745473761
0.6126590016773372 0.5750448778182198
0.673924901845071 0.6240576191473003
0.7351908020128047 0.6707286862314551
0.7964567021805384 0.7148829535174964
0.8577226023482722 0.7563547393322344
0.9189885025160058 0.7949884275758827
0.9802544026837396 0.8306390516460467
1.0415203028514735 0.8631728384012094
1.102786203019207 0.8924677101225882
1.1640521031869409 0.9184137425908265
1.2253180033546744 0.9409135775586652
1.2865839035224083 0.9598827880718572
1.347849803690142 0.9752501952675181
1.4091157038578759 0.986958135461178
1.4703816040256095 0.9949626765203362
1.531647504193343 0.999233782712609
1.5929134043610769 0.999755427409908
1.6541793045288107 0.9965256532257433
1.7154452046965445 0.9895565793599962
1.776711104864278 0.9788743561236024
1.8379770050320117 0.9645190668137827
1.8992429051997455 0.94654457730802
1.9605088053674793 0.9250183339411557
2.021774705535213 0.9000211104240389
2.083040605702947 0.8716467047533748
2.1443065058706803 0.8400015872500692
2.205572406038414 0.805204501046745
2.266838306206148 0.7673860165235418
2.3281042063738817 0.7266880413640978
2.3893701065416155 0.6832632880701557
2.450636006709349 0.6372747009328528
2.511901906877083 0.5888948446108925
2.5731678070448165 0.5383052566098628
2.63443370721255 0.48569576609240556
2.695699607380284 0.43126378157530354
2.7569655075480175 0.3752135501862804
2.8182314077157518 0.3177553912600221
2.879497307883485 0.25910490714924633
2.940763208051219 0.19948217421209685
3.0020291082189527 0.13911091701157483
3.063295008386686 0.078217668825671
3.1245609085544204 0.01703092161825369
3.1858268087221537 -0.044219731339685105
3.2470927088898875 -0.10530445698126986
3.3083586090576214 -0.1659940448547654
3.3696245092253547 -0.2260607671983459
3.430890409393089 -0.28527923345131206
3.4921563095608223 -0.3434272359953367
3.553422209728556 -0.4002865839522498
3.61468810989629 -0.45564392190965197
3.6759540100640233 -0.5092915305022385
3.7372199102317576 -0.5610281058447785
3.798485810399491 -0.6106595148920464
3.8597517105672248 -0.6579995238913584
3.9210176107349586 -0.702870497194295
3.982283510902692 -0.745104063805447
4.043549411070426 -0.7845417491670656
4.104815311238159 -0.8210355698089422
4.166081211405894 -0.8544485886322049
4.227347111573627 -0.8846554287433998
4.288613011741361 -0.9115427439108044
4.349878911909094 -0.9350096438776359
4.411144812076828 -0.9549680729362569
4.472410712244562 -0.9713431403428292
4.533676612412296 -0.9840734013325935
4.59494251258003 -0.9931110876813083
4.656208412747763 -0.9984222869477068
4.717474312915496 -0.999987069724391
4.778740213083231 -0.9977995644196767
4.840006113250964 -0.9918679792897818
4.901272013418698 -0.982214571638686
4.962537913586432 -0.9688755643012347
5.023803813754166 -0.9519010097228695
5.085069713921899 -0.9313546021460067
5.146335614089633 -0.9073134386077979
5.207601514257366 -0.879867729646098
5.2688674144251 -0.8491204607991604
5.3301333145928345 -0.8151870061692335
5.391399214760568 -0.7781946955000957
5.452665114928301 -0.7382823363929948
5.513931015096035 -0.6955996934538053
5.575196915263769 -0.6503069263258197
5.6364628154315035 -0.6025739887168531
5.697728715599236 -0.5525799906757304
5.75899461576697 -0.5005125265110867
5.820260515934704 -0.4465669708743844
5.881526416102438 -0.3909457456484543
5.942792316270172 -0.33385756039245656
6.0040582164379055 -0.2755166291933631
6.065324116605638 -0.2161418668625997
6.126590016773372 -0.15595606749398322
6.187855916941107 -0.09518506846529352
6.249121817108841 -0.034056903020415086
6.310387717276574 0.02719905538815356
6.3716536174443075 0.08835295378570075
6.43291951761204 0.14917532216102608
6.494185417779775 0.2094379345151699
6.555451317947509 0.26891466524217283
6.616717218115243 0.32738233762847185
6.677983118282976 0.38462156128704567
6.7392490184507094 0.4404175553839981
6.800514918618444 0.49456095456853755
6.861780818786178 0.5468485945822461
6.923046718953911 0.5970842745997651
6.984312619121645 0.6450794934403331
7.0455785192893785 0.6906541568876621
7.106844419457112 0.7336372534640592
7.168110319624846 0.7738674961230533
7.22937621979258 0.8111939274526823
7.290642119960313 0.8454764861185149
7.351908020128047 0.8765865324209234
7.413173920295781 0.9044073309945353
7.474439820463515 0.9288344888386164
7.535705720631248 0.9497763470347513
7.596971620798982 0.9671543246819561
7.658237520966715 0.980903213758668
7.7195034211344495 0.9909714238051939
7.780769321302183 0.9973211755084775
7.842035221469917 0.9999286424628012
7.90330112163765 0.9987840405744784
7.964567021805384 0.9938916647750675
8.025832921973118 0.9852698729053421
8.087098822140852 0.9729510168304936
8.148364722308585 0.9569813210450441
8.209630622476318 0.9374207092229824
8.270896522644053 0.9143425793639689
8.332162422811788 0.8878335283793368
8.39342832297952 0.8579930271513321
8.454694223147253 0.8249330472848783
8.515960123314988 0.7887776409524273
8.577226023482721 0.7496624754084557
8.638491923650456 0.7077343239202524
8.699757823818189 0.6631505150252256
8.761023723985923 0.6160783421812633
8.822289624153656 0.5666944360253792
8.88355552432139 0.5151841015960984
8.944821424489124 0.4617406230065844
9.006087324656859 0.406564538177589
9.067353224824592 0.3498628863516704
9.128619124992325 0.29184843121226206
9.18988502516006 0.23273886252271944
9.251150925327792 0.17275597928105843
9.312416825495527 0.11212485745544545
9.37368272566326 0.051073005423418145
9.434948625830993 -0.010170489716138847
9.496214525998727 -0.07137582175489435
9.557480426166462 -0.13231332768531354
9.618746326334195 -0.19275434947357037
9.680012226501928 -0.25247209206146043
9.741278126669663 -0.31124247437779484
9.802544026837396 -0.3688449701660001
9.86380992700513 -0.42506343547287373
9.925075827172863 -0.4796869196934375
9.986341727340598 -0.5325104571286264
10.047607627508333 -0.5833358360855716
10.108873527676064 -0.6319723426345939
10.170139427843798 -0.6782374762320719
10.231405328011531 -0.721957634523893
10.292671228179266 -0.7629687647599374
10.353937128347 -0.8011169793752055
10.415203028514732 -0.8362591334277645
10.476468928682467 -0.8682633617267589
10.5377348288502 -0.8970095736349804
10.599000729017934 -0.9223899036893716
10.660266629185669 -0.9443091163485449
10.721532529353402 -0.9626849633485924
10.782798429521137 -0.9774484923262584
10.844064329688868 -0.9885443055514114
10.905330229856602 -0.9959307677979795
10.966596130024337 -0.9995801625733288
11.02786203019207 -0.9994787961198752
11.089127930359805 -0.9956270487986723
11.150393830527538 -0.9880393736621679
11.211659730695272 -0.9767442422214864
11.272925630863007 -0.9617840376117361
11.334191531030738 -0.9432148955562214
11.395457431198473 -0.921106493726308
11.456723331366206 -0.895541790287355
11.51798923153394 -0.8666167126117466
11.579255131701675 -0.8344397973271077
11.640521031869408 -0.7991317830503417
11.701786932037141 -0.760825157335697
11.763052832204876 -0.7196636595368694
11.824318732372609 -0.6758017414485684
11.885584632540343 -0.6294039877513871
11.946850532708076 -0.5806444984346905
12.008116432875811 -0.529706235514843
12.069382333043546 -0.4767803365001482
12.130648233211277 -0.4220653971785776
12.191914133379012 -0.365766726419516
12.253180033546744 -0.3080955757857968
12.31444593371448 -0.24926834684671226
12.375711833882214 -0.18950577916649708
12.436977734049947 -0.12903212201517822
12.498243634217681 -0.06807429290982567
12.559509534385413 -0.006861026143662133
12.620775434553147 0.054377985502018354
12.682041334720882 0.11541295264245746
12.743307234888615 0.1760148515365637
12.80457313505635 0.235956283461082
12.86583903522408 0.2950123279871317
12.927104935391815 0.35296138695738466
12.98837083555955 0.4095860159969195
13.049636735727283 0.4646737404377199
13.110902635895018 0.5180178525951512
13.17216853606275 0.5694181874047597
13.233434436230485 0.6186818735089826
13.29470033639822 0.6656240569753914
13.355966236565951 0.7100685949308719
13.417232136733686 0.7518487165089824
13.478498036901419 0.7908076486303631
13.539763937069154 0.8267992042681146
13.601029837236888 0.85968833099072
13.662295737404621 0.8893516177242304
13.723561637572356 0.915677757832157
13.784827537740087 0.93856796677543
13.846093437907822 0.9579363527852492
13.907359338075556 0.9737102391579029
13.96862523824329 0.985830436962228
14.029891138411024 0.9942514671364033
14.091157038578757 0.9989417311406946
14.15242293874649 0.9998836295258147
14.213688838914225 0.9970736279719792
14.274954739081958 0.9905222705508652
14.336220639249692 0.9802541401607043
14.397486539417425 0.9663077662829752
14.45875243958516 0.9487354804068178
14.520018339752895 0.9276032196636735
14.581284239920626 0.9029902794089745
14.64255014008836 0.8749890156792726
14.703816040256093 0.8437044986413134
14.765081940423828 0.8092541183333946
14.826347840591563 0.7717671441784351
14.887613740759296 0.7313842399215867
14.94887964092703 0.6882569358125102
15.010145541094762 0.6425470600128835
15.071411441262496 0.5944261313626522
15.132677341430231 0.5440747157836262
15.193943241597964 0.4916817487353533
15.255209141765699 0.43744382626567596
15.31647504193343 0.3815644673161977
15.377740942101164 0.32425335005069084
15.439006842268899 0.2657255250720691
15.500272742436632 0.20620060848012842
15.561538642604367 0.14590195779801385
15.6228045427721 0.08505583385962275
15.684070442939834 0.02389055180278258
15.745336343107569 -0.03736437564598484
15.8066022432753 -0.09847909938047072
15.867868143443035 -0.1592242963860055
15.929134043610768 -0.21937203023657698
15.990399943778502 -0.27869660638904536
16.051665843946235 -0.33697541906502226
16.11293174411397 -0.39398978654269234
16.174197644281705 -0.4495257717242382
16.235463544449438 -0.5033749848998316
16.29672944461717 -0.555335365695988
16.357995344784907 -0.6052119412740913
16.419261244952637 -0.6528175579341015
16.480527145120373 -0.6979735833782637
16.541793045288106 -0.7405105769995788
16.60305894545584 -0.780268925680024
16.664324845623575 -0.8170994427126864
16.725590745791308 -0.8508639276004978
16.78685664595904 -0.8814356846310308
16.848122546126774 -0.9086999982814491
16.909388446294507 -0.9325545636697644
16.970654346462243 -0.9529098704371907
17.031920246629976 -0.9696895386211348
17.09318614679771 -0.9828306052585334
17.154452046965442 -0.9922837606440779
17.215717947133175 -0.9980135333568281
17.27698384730091 -0.9999984233609237
17.338249747468645 -0.9982309826809548
17.399515647636377 -0.9927178433492736
17.46078154780411 -0.983479692520376
17.522047447971847 -0.9705511948457342
17.58331334813958 -0.9539808624003591
17.644579248307313 -0.9338308726491613
17.705845148475046 -0.910176835136177
17.76711104864278 -0.8831075077721071
17.828376948810515 -0.8527244637847594
17.889642848978248 -0.819141710582115
17.95090874914598 -0.782485261958148
18.012174649313717 -0.7428926652466592
18.073440549481447 -0.700512485197391
18.134706449649183 -0.655503746511053
18.195972349816916 -0.6080353371251522
18.25723824998465 -0.5582853744895753
18.318504150152386 -0.5064405372099724
18.37977005032012 -0.45269536456680254
18.44103595048785 -0.3972515265384527
18.502301850655584 -0.3403170670676093
18.563567750823317 -0.28210562341035406
18.624833650991054 -0.22283562449726607
18.686099551158787 -0.16272947131456425
18.74736545132652 -0.10201270238072659
18.808631351494256 -0.040913147450062484
18.869897251661985 0.02033992738119853
18.931163151829722 0.08151667995850986
18.992429051997455 0.14238755451408705
19.053694952165188 0.2027241430374559
19.114960852332924 0.26230004233917575
19.176226752500657 0.32089170359180325
19.23749265266839 0.3782792711603604
19.298758552836123 0.4342474075746665
19.360024453003856 0.4885861015480121
19.421290353171592 0.5410914560102
19.482556253339325 0.5915664531979721
19.543822153507058 0.6398216939319915
19.60508805367479 0.6856761083063033
19.666353953842524 0.7289576351235725
19.72761985401026 0.7695038675266147
19.788885754177993 0.8071626624035814
19.850151654345726 0.8417927112801407
19.91141755451346 0.8732640705564284
19.972683454681196 0.9014586490991774
20.03394935484893 0.9262706513593926
20.095215255016665 0.9476069743528731
20.156481155184395 0.9653875570139345
20.217747055352127 0.9795456806114893
20.279012955519864 0.9900282191001722
20.340278855687597 0.9967958384671488
20.401544755855333 0.9998231443265729
20.462810656023063 0.9990987772078685
20.524076556190796 0.9946254551802872
20.585342456358532 0.9864199636537965
20.646608356526265 0.9745130923945745
20.707874256694 0.9589495199914391
20.76914015686173 0.9397876462067504
20.830406057029464 0.9170993728408351
20.8916719571972 0.8909698339322377
20.952937857364933 0.8614970763061528
21.01420375753267 0.8287916916697247
21.0754696577004 0.7929764016347521
21.136735557868136 0.75418559722487
21.19800145803587 0.7125648345952211
21.259267358203605 0.6682702888567418
21.320533258371338 0.6214681680545985
21.381799158539067 0.5723340894996418
21.443065058706804 0.5210524207931393
21.504330958874537 0.46781558801750345
21.565596859042273 0.412823353688828
21.626862759210006 0.35628206718071465
21.688128659377735 0.29840389043194715
21.749394559545472 0.23940600184347954
21.810660459713205 0.17950978135200366
21.87192635988094 0.11893997973787314
21.933192260048674 0.057923875284555205
21.994458160216407 -0.003309579046015192
22.05572406038414 -0.06453061472200015
22.116989960551873 -0.1255095098105339
22.17825586071961 -0.18601745097174285
22.239521760887342 -0.24582739204340134
22.300787661055075 -0.30471490599457723
22.362053561222808 -0.36245902705138
22.423319461390545 -0.4188430798349282
22.484585361558278 -0.47365549240029103
22.545851261726014 -0.5266905901256638
22.607117161893743 -0.57774936747275
22.668383062061476 -0.6266402347225607
22.729648962229213 -0.6731797368845012
22.790914862396946 -0.7171932420812515
22.852180762564682 -0.7585155968263658
22.91344666273241 -0.7969917457357234
22.974712562900145 -0.8324773133475458
23.03597846306788 -0.8648391458677058
23.097244363235614 -0.8939558108075863
23.15851026340335 -0.9197180526396629
23.21977616357108 -0.9420292027610029
23.281042063738816 -0.9608055422264199
23.34230796390655 -0.9759766158901175
23.403573864074282 -0.9874854967771252
23.46483976424202 -0.9952889996924641
23.52610566440975 -0.9993578432665349
23.587371564577484 -0.9996767598286749
23.648637464745217 -0.9962445526965955
23.709903364912954 -0.9890741006667373
23.771169265080687 -0.9781923096886922
23.832435165248423 -0.9636400119050211
23.893701065416153 -0.9454718124353166
23.954966965583885 -0.9237558844794049
24.016232865751622 -0.8985737135085605
24.077498765919355 -0.8700197915045911
24.13876466608709 -0.8382012623941067
24.20003056625482 -0.8032375200084573
24.261296466422554 -0.7652597600778684
24.32256236659029 -0.724410487940919
24.383828266758023 -0.6808429838165424
24.44509416692576 -0.6347207276450364
24.50636006709349 -0.5862167856563227
24.567625967261222 -0.5355131609671689
24.62889186742896 -0.48280011064425565
24.69015776759669 -0.428275431795621
24.751423667764428 -0.37214371936931345
24.812689567932157 -0.314615598444309
24.873955468099894 -0.2559069338942787
24.935221368267626 -0.1962380203899695
24.996487268435363 -0.1358327557794075
25.057753168603096 -0.0749178009478394
25.119019068770825 -0.013721729309775884
25.18028496893856 0.04752583087540107
25.241550869106295 0.1085950581459284
25.30281676927403 0.1692568002051834
25.364082669441764 0.2292834337782016
25.425348569609493 0.2884497187308435
25.48661446977723 0.346533643246597
25.547880369944963 0.4033172568896114
25.6091462701127 0.458587488428132
25.670412170280432 0.512136945349452
25.73167807044816 0.5637646920664479
25.792943970615898 0.6132770038955393
25.85420987078363 0.6604880939768835
25.915475770951367 0.7052208104092408
25.9767416711191 0.747307300983513
26.038007571286833 0.7865896430207493
26.099273471454566 0.822920435951184
26.160539371622303 0.8561633544107938
26.221805271790036 0.8861936597799431
26.283071171957772 0.9128986682446854
26.3443370721255 0.9361781736243466
26.405602972293234 0.955944823378862
26.46686887246097 0.9721244463848947
26.528134772628704 0.9846563312508608
26.58940067279644 0.9934934541265104
26.65066657296417 0.9986026551522359
26.711932473131903 0.9999647628860323
26.77319837329964 0.997574666241196
26.834464273467372 0.9914413336648457
26.89573017363511 0.9815877794852875
26.956996073802838 0.9680509775545133
27.01826197397057 0.9508817225098546
27.079527874138307 0.9301444391754121
27.14079377430604 0.9059169408184315
27.202059674473777 0.8782901371677251
27.263325574641506 0.8473676932897813
27.324591474809242 0.8132656406025223
27.385857374976975 0.7761119414863921
27.447123275144712 0.7360460091264105
27.508389175312445 0.6932181843869957
27.569655075480174 0.6477891716824222
27.63092097564791 0.5999294359597619
27.692186875815644 0.5498185630570482
27.75345277598338 0.49764458583673354
27.814718676151113 0.44360327862312265
27.875984576318842 0.3878974225911933
27.93725047648658 0.3307360448633666
27.99851637665431 0.2723336341694152
28.059782276822048 0.21290933601251602
28.12104817698978 0.15268613036158793
28.182314077157514 0.09188999495536958
28.243579977325247 0.030749057357893062
28.30484587749298 -0.03050726105292743
28.366111777660716 -0.09164910595153239
28.42737767782845 -0.1524470525555013
28.488643577996182 -0.212672966504582
28.549909478163915 -0.2721008598975862
28.61117537833165 -0.33050773927506916
28.672441278499385 -0.3876744423658357
28.73370717866712 -0.44338646045757535
28.79497307883485 -0.49743474330572507
28.856238979002583 -0.5496164835603882
28.91750487917032 -0.5997358777677476
28.978770779338053 -0.6476048610905362
29.04003667950579 -0.6930438129906256
29.10130257967352 -0.7358822312257212
29.16256847984125 -0.7759593716311949
29.223834380008988 -0.8131248512862734
29.28510028017672 -0.847239212801381
29.346366180344457 -0.8781744476092177
29.407632080512187 -0.905814476295975
29.46889798067992 -0.9300555841703876
29.530163880847656 -0.9508068104361497
29.59142978101539 -0.9679902895074438
29.652695681183125 -0.9815415431868352
29.713961581350855 -0.9914097226091625
29.77522748151859 -0.9975577990436049
29.836493381686324 -0.9999627028379356
29.89775928185406 -0.9986154099836276
29.959025182021794 -0.9935209759769694
30.020291082189523 -0.9846985168491419
30.08155698235726 -0.9721811374364316
30.142822882524992 -0.9560158071597489
30.20408878269273 -0.9362631837795423
30.265354682860462 -0.9129973857874727
30.32662058302819 -0.8863057142888778
30.387886483195928 -0.8562883254196361
30.44915238336366 -0.823057854526647
30.510418283531397 -0.7867389935220788
30.57168418369913 -0.7474680229973586
