0.0 0.0
0.07550339984198606 0.07543168245098801
0.15100679968397213 0.15043355097555966
0.22651019952595822 0.22457824075098207
0.30201359936794425 0.2974432712067601
0.3775169992099303 0.36861345334244966
0.45302039905191643 0.43768325549769865
0.5285237988939024 0.5042591140942261
0.6040271987358885 0.5679616761830042
0.6795305985778746 0.628427961018483
0.7550339984198606 0.6853134283430878
0.8305373982618468 0.7382939415967903
0.9060407981038329 0.787067614865274
0.9815441979458188 0.831356533042683
1.0570475977878049 0.8709083354073677
1.132550997629791 0.905497653587328
1.208054397471777 0.9349273957217447
1.2835577973137633 0.9590298695013757
1.3590611971557491 0.977667737688671
1.4345645969977352 0.9907348006729986
1.5100679968397213 0.9981566016019389
1.5855713966817073 0.9998908506405748
1.6610747965236936 0.9959276659413266
1.7365781963656797 0.9862896299512689
1.8120815962076657 0.97103166073609
1.8875849960496516 0.9502406990538962
1.9630883958916376 0.9240352129619311
2.0385917957336237 0.89256452277899
2.1140951955756098 0.8560079502499292
2.1895985954175963 0.8145737967603798
2.265101995259582 0.7684981564238557
2.340605395101568 0.7180435708043478
2.416108794943554 0.6634975329398767
2.49161219478554 0.6051708491911545
2.5671155946275266 0.5433958682496366
2.642618994469512 0.4785245873961751
2.7181223943114983 0.41092664680091096
2.7936257941534843 0.34098722329300774
2.8691291939954704 0.26910483560163145
2.944632593837457 0.19568907357404366
3.0201359936794425 0.1211582643098491
3.095639393521429 0.04593708850988609
3.1711427933634146 -0.029545839378045162
3.2466461932054007 -0.10486041342817673
3.322149593047387 -0.17957748700428056
3.397652992889373 -0.2532713180610954
3.4731563927313593 -0.3255219950462088
3.548659792573345 -0.3959178295794564
3.6241631924153315 -0.4640577022762396
3.6996665922573175 -0.5295533483481064
3.775169992099303 -0.5920315699571377
3.8506733919412897 -0.6511363627180055
3.9261767917832753 -0.7065309442307788
4.001680191625262 -0.7578996730857944
4.077183591467247 -0.804949847405978
4.152686991309233 -0.8474133726784405
4.2281903911512195 -0.8850482893719379
4.303693790993206 -0.9176401516357504
4.3791971908351925 -0.9450032492240812
4.454700590677178 -0.9669816656833764
4.530203990519164 -0.9834501667729586
4.60570739036115 -0.9943149140567027
4.681210790203136 -0.9995139995996689
4.756714190045122 -0.999017798722964
4.832217589887108 -0.9928291388068105
4.9077209897290945 -0.9809832831799764
4.98322438957108 -0.9635477301873657
5.058727789413067 -0.9406218285806894
5.134231189255053 -0.9123362114237481
5.209734589097039 -0.8788520517379611
5.285237988939024 -0.8403601441295157
5.360741388781011 -0.7970798176310785
5.4362447886229965 -0.749257685952758
5.511748188464983 -0.6971662422634495
5.587251588306969 -0.6411023065095918
5.662754988148954 -0.5813853341185821
5.738258387990941 -0.5183555957239662
5.813761787832927 -0.45237223828442474
5.889265187674914 -0.3838112386444044
5.964768587516899 -0.31306326119712646
6.040271987358885 -0.24053143185712053
6.115775387200871 -0.1666290410263215
6.191278787042858 -0.09177718864234577
6.266782186884844 -0.01640238472760813
6.342285586726829 0.059065880888543185
6.417788986568816 0.13419758582678074
6.493292386410801 0.20856462544925594
6.568795786252788 0.28174325222366714
6.644299186094774 0.3533164902602856
6.71980258593676 0.42287651126379394
6.795305985778746 0.4900269583616209
6.870809385620731 0.554385204567467
6.946312785462719 0.6155845330111777
7.021816185304704 0.6732762265118823
7.09731958514669 0.7271315545879142
7.1728229849886755 0.7768436465813925
7.248326384830663 0.8221292402243185
7.323829784672649 0.8627302956827465
7.399333184514635 0.8984154658821302
7.474836584356621 0.928981414735829
7.550339984198606 0.9542539757654545
7.625843384040594 0.9740891445111595
7.701346783882579 0.9883738990770672
7.776850183724565 0.997026844136329
7.8523535835665506 0.9999986747262274
7.927856983408537 0.9972724571905981
8.003360383250524 0.988863725668747
8.07886378309251 0.9748203935810584
8.154367182934495 0.9552224806156594
8.229870582776481 0.9301816567717791
8.305373982618466 0.8998406060578794
8.380877382460454 0.8643722134702246
8.456380782302439 0.8239785798845568
8.531884182144426 0.7788898704740411
8.607387581986412 0.7293630032153042
8.682890981828397 0.6756801849554956
8.758394381670385 0.6181473033819547
8.83389778151237 0.5570921840571517
8.909401181354356 0.4928627224503619
8.984904581196341 0.4258249016099281
9.060407981038328 0.3563607067714615
9.135911380880314 0.284865948784712
9.2114147807223 0.21174800876130256
9.286918180564287 0.13742351679447495
9.362421580406272 0.06231597797762347
9.437924980248258 -0.013146640751313674
9.513428380090245 -0.08853434918928417
9.588931779932231 -0.16341758397624614
9.664435179774216 -0.2373696562711071
9.739938579616203 -0.30996918304850396
9.815441979458189 -0.3808024881627327
9.890945379300176 -0.4494659594974658
9.96644877914216 -0.5155683487700595
10.041952178984147 -0.5787330008860582
10.117455578826133 -0.6386000001408842
10.192958978668118 -0.6948282210395668
10.268462378510106 -0.7470972720488096
10.343965778352091 -0.7951093212057728
10.419469178194078 -0.838590793181196
10.494972578036062 -0.8772939281268427
10.570475977878049 -0.9109981934249197
10.645979377720035 -0.9395115402952047
10.721482777562022 -0.962671498099693
10.796986177404008 -0.9803461001093373
10.872489577245993 -0.9924346354578174
10.94799297708798 -0.9988682229976649
11.023496376929966 -0.9996102037888742
11.098999776771953 -0.9946563499835859
11.174503176613937 -0.9840348889165985
11.250006576455924 -0.9678063422644425
11.325509976297909 -0.9460631811894996
11.401013376139897 -0.9189292994341673
11.476516775981882 -0.8865593073674235
11.552020175823868 -0.8491376510063269
11.627523575665855 -0.8068775610323495
11.70302697550784 -0.7600198377910798
11.778530375349828 -0.7088314791984412
11.854033775191812 -0.653604159371714
11.929537175033799 -0.5946525666541594
12.005040574875784 -0.5323126105033331
12.08054397471777 -0.46693950746028223
12.156047374559757 -0.3989057571059264
12.231550774401741 -0.32859901953770226
12.30705417424373 -0.25641990646073765
12.382557574085716 -0.1827796984800674
12.4580609739277 -0.10809800160083215
12.533564373769687 -0.03280035628989993
12.609067773611672 0.04268418727739617
12.684571173453659 0.11792551396905945
12.760074573295647 0.1924948945163886
12.835577973137632 0.2659674284372195
12.911081372979618 0.33792446514254526
12.986584772821603 0.407955989430863
13.06208817266359 0.475662957777635
13.137591572505576 0.5406595721074982
13.21309497234756 0.6025754780931823
13.288598372189549 0.6610578754550926
13.364101772031532 0.715773528236929
13.43960517187352 0.7664106636027443
13.515108571715507 0.8126807483358949
13.590611971557491 0.8543201329173913
13.666115371399478 0.8910915538155336
13.741618771241463 0.9227854854267199
13.81712217108345 0.9492213339640081
13.892625570925437 0.9702484664905617
13.968128970767422 0.985747069234517
14.043632370609409 0.9956288302945236
14.119135770451393 0.9998374428458745
14.19463917029338 0.998348925979929
14.270142570135368 0.9911717613486651
14.345645969977351 0.978346844835756
14.42114936981934 0.9599472535295434
14.496652769661326 0.9360778293257257
14.57215616950331 0.9068745815323949
14.647659569345297 0.8725039118814255
14.723162969187282 0.8331616663621465
14.79866636902927 0.7890720192799825
14.874169768871257 0.7404861958987904
14.949673168713241 0.6876810409453099
15.025176568555228 0.6309574411324967
15.100679968397213 0.5706386106902875
15.1761833682392 0.5070682496729112
15.251686768081187 0.4406085855368524
15.327190167923172 0.37163830914863855
15.402693567765159 0.3005504169831838
15.478196967607143 0.22774997180801165
15.55370036744913 0.153651794613038
15.629203767291116 0.07867810093748652
15.704707167133101 0.0032560950622335127
15.78021056697509 -0.07218446422397728
15.855713966817074 -0.1472137124140211
15.93121736665906 -0.22140412867431206
16.006720766501047 -0.29433297188229657
16.082224166343032 -0.3655846894289139
16.15772756618502 -0.43475328506050576
16.233230966027005 -0.501444632268056
16.30873436586899 -0.5652787200420045
16.384237765710978 -0.6258918181961269
16.459741165552963 -0.6829385499223792
16.53524456539495 -0.7360938597671989
16.610747965236932 -0.7850548658155544
16.68625136507892 -0.8295425855289887
16.76175476492091 -0.8693035254036268
16.837258164762893 -0.9041111253902909
16.912761564604878 -0.9337670498462761
16.988264964446863 -0.9581023176628788
17.06376836428885 -0.9769782651291659
17.13927176413084 -0.9902873360455167
17.214775163972824 -0.9979536945848404
17.29027856381481 -0.9999336574093408
17.365781963656794 -0.9962159425806055
17.441285363498782 -0.9868217338447193
17.51678876334077 -0.9718045599261007
17.592292163182755 -0.9512499895178504
17.66779556302474 -0.9252751437065714
17.743298962866724 -0.8940280286098978
17.818802362708713 -0.8576866920293948
17.894305762550697 -0.8164582089242785
17.969809162392682 -0.7705775014867587
18.04531256223467 -0.7203060005423131
18.120815962076655 -0.6659301559022943
18.196319361918643 -0.6077598041569408
18.271822761760628 -0.5461264032092543
18.347326161602613 -0.48138114360939577
18.4228295614446 -0.41389294745138433
18.498332961286586 -0.3440463662344758
18.573836361128574 -0.2722393896672865
18.64933976097056 -0.19888117790030083
18.724843160812544 -0.12438973010852969
18.800346560654532 -0.049189502708948216
18.875849960496517 0.02629100921578981
18.9513533603385 0.10162171350621145
19.02685676018049 0.17637337161508493
19.102360160022474 0.25012004443255
19.177863559864463 0.3224415193109052
19.253366959706447 0.3929257044596434
19.328870359548432 0.4611709770674418
19.40437375939042 0.5267884717712913
19.479877159232405 0.5894042964329773
19.555380559074393 0.6486616625973213
19.630883958916378 0.7042229184926403
19.706387358758363 0.7557714729893611
19.78189075860035 0.803013599553894
19.857394158442336 0.8456801099187693
19.93289755828432 0.8835278879323866
20.008400958126305 0.9163412748483732
20.083904357968294 0.9439332981611317
20.159407757810282 0.9661467369855828
20.234911157652267 0.9828550179105263
20.31041455749425 0.993962936220986
20.385917957336236 0.9994071983799729
20.461421357178224 0.9991567826785852
20.536924757020213 0.993213115999431
20.612428156862197 0.9816100656861745
20.687931556704182 0.9644137465655237
20.763434956546167 0.9417221442212678
20.838938356388155 0.9136645566669632
20.91444175623014 0.88040085759866
20.989945156072125 0.8421205854256713
21.065448555914113 0.7990418632701678
21.140951955756098 0.7514101560894901
21.216455355598086 0.6994968720031405
21.29195875544007 0.6435978157942241
21.367462155282055 0.5840315033973096
21.442965555124044 0.5211373469769056
21.51846895496603 0.45527372093806034
21.593972354808017 0.38681591988902675
21.66947575465 0.31615402019171435
21.744979154491986 0.24369065728483869
21.820482554333974 0.1698387314447831
21.89598595417596 0.09501905505684563
21.971489354017944 0.019657954802817287
22.046992753859932 -0.055815157572177226
22.122496153701917 -0.13097023207170078
22.197999553543905 -0.2053790308968522
22.27350295338589 -0.2786175685690592
22.349006353227875 -0.35026852782296636
22.424509753069863 -0.4199236375034367
22.500013152911848 -0.4871859989173161
22.575516552753836 -0.5516723473843074
22.651019952595817 -0.6130152361004296
22.726523352437805 -0.670865129870401
22.802026752279794 -0.7248923967786053
22.87753015212178 -0.7747891864501205
22.953033551963763 -0.8202711841992968
23.028536951805748 -0.8610792310706576
23.104040351647736 -0.8969808005410616
23.179543751489724 -0.9277713234687721
23.25504715133171 -0.9532753537398218
23.330550551173694 -0.9733475679697394
23.40605395101568 -0.9878735935642823
23.481557350857667 -0.996770660420847
23.557060750699655 -0.9999880725571223
23.63256415054164 -0.9975074969796197
23.708067550383625 -0.9893430681460913
23.78357095022561 -0.9755413074266016
23.859074350067598 -0.9561808580221698
23.934577749909582 -0.9313720368514363
24.010081149751567 -0.9012562059587121
24.085584549593555 -0.8660049670251816
24.16108794943554 -0.825819183572975
24.23659134927753 -0.7809278364336236
24.312094749119513 -0.7315867190025476
24.3875981489615 -0.6780769797140306
24.463101548803483 -0.6207035200418087
24.53860494864547 -0.5597932571534664
24.61410834848746 -0.4956932611182479
24.689611748329444 -0.4287687772824614
24.765115148171432 -0.3594011450811521
24.840618548013413 -0.28798562514479553
24.9161219478554 -0.21492914708217828
24.991625347697386 -0.14064799077287768
25.067128747539375 -0.06556541438128993
25.142632147381363 0.009890757391928752
25.218135547223344 0.08529057107883332
25.293638947065332 0.1602043943430137
25.369142346907317 0.2342053640485222
25.444645746749305 0.306871818549831
25.520149146591294 0.377789700343337
25.595652546433275 0.44655491539007874
25.671155946275263 0.5127756356660913
25.746659346117248 0.5760745318202605
25.822162745959236 0.6360909232180124
25.897666145801225 0.6924828331196264
25.973169545643206 0.7449289372827455
26.04867294548519 0.7931303948858132
26.12417634532718 0.8368125513396937
26.199679745169167 0.8757265032848185
26.27518314501115 0.9096505168563903
26.350686544853136 0.9383912911362924
26.42618994469512 0.9617850595924776
26.50169334453711 0.9796985232297882
26.577196744379098 0.9920296101350495
26.652700144221082 0.998708057088517
26.728203544063064 0.9996958099276145
26.803706943905052 0.9949872403816697
26.87921034374704 0.984609178142114
26.954713743589025 0.9686207579854088
27.030217143431013 0.9471130828197929
27.105720543272994 0.9202087045758465
27.181223943114983 0.888060925898754
27.25672734295697 0.8508529266213117
27.332230742798956 0.8087967199950352
27.407734142640944 0.7621319446268406
27.483237542482925 0.7111244990049382
27.558740942324913 0.6560650263944141
27.6342443421669 0.5972672587357546
27.709747742008886 0.5350662289827656
27.785251141850875 0.4698163620661413
27.860754541692856 0.4018894553604996
27.936257941534844 0.33167256016220364
28.01176134137683 0.2595657762495699
28.087264741218817 0.18597997209201597
28.162768141060806 0.11133444369867272
28.238271540902787 0.0360545254463724
28.313774940744775 -0.03943083349933664
28.38927834058676 -0.11469151336037196
28.464781740428748 -0.18929867459260272
28.540285140270736 -0.2628272014374203
28.615788540112717 -0.3348581242550076
28.691291939954702 -0.40498100683669386
28.76679533979669 -0.47279628509329574
28.84229873963868 -0.5379175437935517
28.917802139480667 -0.5999737183796309
28.99330553932265 -0.6586112093136364
29.068808939164633 -0.7134958969074667
29.14431233900662 -0.7643150451554044
29.21981573884861 -0.8107790837212688
29.295319138690594 -0.8526232579263313
29.370822538532583 -0.8896091373362165
29.446325938374564 -0.9215259743507789
29.521829338216552 -0.9481919050556815
29.59733273805854 -0.9694549854930851
29.672836137900525 -0.985194057446792
29.748339537742513 -0.9953194388085069
29.823842937584494 -0.9997734345914789
29.899346337426483 -0.9985306656797522
29.974849737268467 -0.9915982134397794
30.050353137110456 -0.9790155793704012
30.125856536952444 -0.9608544600211086
30.201359936794425 -0.9372183384611134
30.276863336636413 -0.9082418946270484
30.3523667364784 -0.8740902379092057
30.427870136320387 -0.8349579663490226
30.503373536162375 -0.7910680578086183
30.578876936004356 -0.7426705994305199
30.654380335846344 -0.6900413626271824
30.72988373568833 -0.6334802317201571
30.805387135530317 -0.5733094951825015
30.880890535372306 -0.5098720092211366
30.956393935214287 -0.44352924416308626
31.03189733505627 -0.374659224777409
31.10740073489826 -0.3036543762690408
31.182904134740248 -0.23091928821812338
31.258407534582233 -0.15686840920604672
31.333910934424217 -0.08192368526434986
31.409414334266202 -0.006512155602750803
31.48491773410819 0.06893648068405364
31.56042113395018 0.14399231306574312
31.635924533792164 0.2182276692305188
31.71142793363415 0.29121955198575467
31.786931333476133 0.36255204951954145
31.86243473331812 0.4318187052893547
31.93793813316011 0.49862483403405405
32.013441533002094 0.5625897707124837
32.08894493284408 0.6233490395540768
32.164448332686064 0.6805564308620795
32.23995173252805 0.733885973735682
32.31545513237004 0.7830337934703656
32.390958532212025 0.8277198430528689
32.46646193205401 0.8676894988846903
32.541965331895994 0.9027150116415087
32.61746873173798 0.9325968040015202
32.69297213157997 0.9571646078481304
32.768475531421956 0.976278434467155
32.84397893126394 0.9898293722103206
32.919482331105925 0.9977402070798908
32.99498573094791 0.9999658626983272
33.0704891307899 0.9964936571559976
33.14599253063189 0.9873433752734048
33.221495930473864 0.9725671558661777
33.296999330315856 0.9522491946551895
33.37250273015784 0.9265052645146689
33.44800612999983 0.8954820557918965
33.52350952984182 0.8593563404574603
33.599012929683795 0.818333964848709
33.67451632952579 0.7726486767458525
33.75001972936777 0.7225607934641333
33.825523129209756 0.6683557185512301
33.90102652905175 0.6103423155419676
33.976529928893726 0.5488511480367224
34.05203332873572 0.4842325961315606
34.1275367285777 0.4168548599330235
34.20304012841969 0.3471018615333554
34.27854352826168 0.27537105740106926
34.35404692810366 0.20207117365188798
34.42955032794565 0.12761987710450542
34.50505372778763 0.05244139539189504
34.58055712762962 -0.023035900311438515
34.65606052747161 -0.0983819361722345
34.73156392731359 -0.17316738628309483
34.80706732715558 -0.24696611898548557
34.882570726997564 -0.3193576249915546
34.95807412683955 -0.38992941346954385
35.03357752668154 -0.45827936243948564
35.10908092652352 -0.5240180100866094
35.18458432636551 -0.5867707739365153
35.260087726207495 -0.6461800852468821
35.33559112604948 -0.7019074264541362
35.41109452589147 -0.7536352600653519
35.48659792573345 -0.8010688380045471
35.56210132557543 -0.8439378811036785
35.637604725417425 -0.8819981191683458
35.71310812525941 -0.9150326828429689
35.788611525101395 -0.942853339344468
35.86411492494338 -0.9653015650231266
35.939618324785364 -0.9822494486391774
36.015121724627356 -0.9936004202081696
36.09062512446934 -0.9992898012621128
36.166128524311326 -0.999285173390995
36.24163192415331 -0.9935865629646836
36.317135323995295 -0.9822264409826695
36.39263872383729 -0.9652695380525018
36.46814212367927 -0.9428124755511895
36.543645523521256 -0.914983215071206
36.61914892336324 -0.8819403292882161
36.694652323205226 -0.8438720984051404
36.77015572304722 -0.8009954373210719
36.8456591228892 -0.7535546596381199
36.92116252273119 -0.7018200855488786
36.99666592257317 -0.6460865015369354
37.07216932241516 -0.5866714806670692
37.14767272225715 -0.5239135730362415
37.22317612209913 -0.4581703766963174
37.29867952194112 -0.3898165000404204
37.3741829217831 -0.31924142726347554
37.44968632162509 -0.24684729905957495
37.52518972146707 -0.17304662120191305
37.600693121309064 -0.09825991406191695
37.67619652115105 -0.022913316460784715
