0.0 0.0
0.1323563372584362 0.13197023480647874
0.2647126745168724 0.2616319616731793
0.3970690117753087 0.38671705456095334
0.5294253490337448 0.5050374448458208
0.661781686292181 0.614523396417887
0.7941380235506174 0.7132597108320716
0.9264943608090536 0.7995192291869461
1.0588506980674897 0.8717930446953426
1.1912070353259259 0.9288168974490791
1.323563372584362 0.9695932896636608
1.4559197098427985 0.9934089345489192
1.5882760471012347 0.9998472335787612
1.7206323843596707 0.9887955638996254
1.8529887216181071 0.9604472484016281
1.9853450588765431 0.9152981739906494
2.1177013961349793 0.8541381172167137
2.2500577333934157 0.778036928996332
2.3824140706518517 0.6883258200944999
2.514770407910288 0.5865740747326917
2.647126745168724 0.474561599663355
2.7794830824271606 0.35424778890007785
2.911839419685597 0.22773724874154072
3.044195756944033 0.09724298264909167
3.1765520942024694 -0.03495232002832957
3.308908431460905 -0.16653621431947718
3.4412647687193414 -0.2952069504005122
3.573621105977778 -0.4187137372783302
3.7059774432362143 -0.5348961150693673
3.8383337804946507 -0.6417217471487305
3.9706901177530862 -0.7373219710851624
4.103046455011523 -0.8200244864820978
4.235402792269959 -0.888382607928137
4.3677591295283955 -0.9412005713455858
4.5001154667868315 -0.9775544510621821
4.6324718040452675 -0.9968083217111907
4.7648281413037035 -0.998625382245543
4.89718447856214 -0.9829738474776413
5.029540815820576 -0.950127504086235
5.161897153079012 -0.900660921364339
5.294253490337448 -0.8354394004848623
5.426609827595885 -0.7556038380978369
5.558966164854321 -0.662550769034905
5.691322502112756 -0.5579079372268665
5.823678839371194 -0.44350582216346085
5.956035176629629 -0.3213456189728104
6.088391513888066 -0.19356423223346286
6.220747851146502 -0.06239689586976903
6.353104188404939 0.06986192699271154
6.485460525663375 0.20089868024693924
6.61781686292181 0.328421185010807
6.750173200180248 0.4501987358894277
6.882529537438683 0.5641011219037656
7.01488587469712 0.668135889506558
7.147242211955556 0.760483195856906
7.279598549213992 0.839527642677771
7.4119548864724285 0.9038865338380982
7.5443112237308645 0.9524340623598452
7.676667560989301 0.9843210037552832
7.8090238982477365 0.9989895712060843
7.9413802355061724 0.99618317272789
8.07373657276461 0.9759508996417738
8.206092910023045 0.9386466678373876
8.338449247281481 0.8849230268493595
8.470805584539917 0.8157197450425524
8.603161921798353 0.7322473705814367
8.735518259056791 0.6359660557456382
8.867874596315227 0.528560015010315
9.000230933573663 0.4119080636869729
9.132587270832099 0.2880507524817272
9.264943608090535 0.15915467287436236
9.397299945348971 0.027474557711388927
9.529656282607407 -0.10468616002618505
9.662012619865845 -0.23501564034905348
9.79436895712428 -0.36123407644658095
9.926725294382715 -0.48113357452889316
10.059081631641153 -0.5926167757203035
10.191437968899589 -0.6937335444051538
10.323794306158025 -0.7827150812500507
10.45615064341646 -0.8580048641755927
10.588506980674897 -0.9182858760383105
10.720863317933333 -0.9625036427387452
10.85321965519177 -0.989884678758311
10.985575992450206 -0.9999500174637872
11.117932329708642 -0.9925235894986847
11.250288666967078 -0.9677353027012882
11.382645004225513 -0.9260187696734793
11.515001341483952 -0.868103722751156
11.647357678742388 -0.7950032490584666
11.779714016000822 -0.7079960689384384
11.912070353259258 -0.6086041677570819
12.044426690517694 -0.4985661723597872
12.176783027776132 -0.37980693789608244
12.309139365034568 -0.25440387701953976
12.441495702293004 -0.12455062045401348
12.57385203955144 0.00748135540108599
12.706208376809878 0.139382462591984
12.838564714068314 0.2688454024034613
12.97092105132675 0.3936055261069629
13.103277388585186 0.5114804496477847
13.23563372584362 0.6204082293058604
13.36799006310206 0.7184834305370207
13.500346400360495 0.8039904590554001
13.63270273761893 0.875433571108396
13.765059074877366 0.931563037985149
13.897415412135802 0.9713970070722219
14.02977174939424 0.9942386770488836
14.162128086652675 0.9996884867824565
14.294484423911111 0.987651104707769
14.426840761169547 0.958337096427999
14.559197098427983 0.9122592413661718
14.691553435686421 0.8502235628988011
14.823909772944857 0.7733152288783325
14.956266110203293 0.6828795691814735
15.088622447461729 0.5804985423366408
15.220978784720163 0.46796306289135126
15.353335121978603 0.34724167358697616
15.485691459237037 0.22044611034730258
15.618047796495473 0.0897943624401059
15.750404133753909 -0.04242812601282269
15.882760471012345 -0.17390843448922752
16.015116808270783 -0.3023466251547392
16.14747314552922 -0.42549597484972024
16.279829482787655 -0.5412022762109266
16.41218582004609 -0.6474415204475399
16.544542157304527 -0.7423553026003213
16.676898494562963 -0.8242833299523915
16.8092548318214 -0.8917924649336768
16.941611169079835 -0.9437017944819219
17.07396750633827 -0.9791032873309373
17.206323843596707 -0.9973776778755523
17.338680180855146 -0.9982052987625281
17.471036518113582 -0.981571672716807
17.603392855372018 -0.9477677657872879
17.735749192630454 -0.8973848975821895
17.868105529888886 -0.831304397527432
18.000461867147326 -0.7506821880873786
18.132818204405762 -0.6569285646281667
18.265174541664198 -0.5516835256271473
18.397530878922634 -0.4367880847682953
18.52988721618107 -0.3142520667507627
18.662243553439506 -0.18621895014694959
18.794599890697942 -0.054928372301351384
18.926956227956378 0.07732304784147165
19.059312565214814 0.20822188366759906
19.19166890247325 0.3354783688349808
19.32402523973169 0.4568664513340289
19.456381576990125 0.5702627330162499
19.58873791424856 0.6736836134357692
19.721094251506994 0.7653199882597979
19.85345058876543 0.8435688952812643
19.98580692602387 0.9070615544612226
20.118163263282305 0.9546873115066804
20.25051960054074 0.9856130661474262
20.382875937799177 0.9992978452599639
20.515232275057613 0.9955022659161528
20.64758861231605 0.9742927228228302
20.779944949574485 0.9360402269030411
20.91230128683292 0.8814139153351548
21.044657624091357 0.8113693465764265
21.177013961349793 0.727131785121952
21.309370298608233 0.6301747683927263
21.441726635866665 0.5221943306745558
21.5740829731251 0.4050793349991504
21.70643931038354 0.2808784319412408
21.838795647641973 0.15176422330955006
21.971151984900413 0.01999525760328848
22.103508322158845 -0.11212347796586573
22.235864659417285 -0.24228087778761923
22.36822099667572 -0.36820014519375827
22.500577333934157 -0.4876786196449277
22.632933671192593 -0.5986263070806673
22.765290008451025 -0.6991024394351981
22.897646345709465 -0.7873494237964687
23.030002682967904 -0.8618235873479612
23.162359020226337 -0.9212221802831042
23.294715357484776 -0.9645061643399544
23.42707169474321 -0.9909183883244745
23.559428032001644 -0.9999968326845703
23.691784369260084 -0.9915826914522365
23.824140706518516 -0.9658231501793512
23.956497043776956 -0.9231688112736489
24.08885338103539 -0.8643658117725823
24.221209718293828 -0.7904427714359721
24.353566055552264 -0.7026927994698492
24.4859223928107 -0.6026508746313245
24.618278730069136 -0.49206699439626106
24.75063506732757 -0.3728755628816851
24.882991404586008 -0.24716155300900644
25.015347741844447 -0.11712403482124523
25.14770407910288 0.014962292059773648
25.280060416361316 0.14678688893730005
25.412416753619755 0.2760437954635625
25.544773090878188 0.40047196697628595
25.677129428136627 0.5178948261412808
25.80948576539506 0.6262583370383037
25.9418421026535 0.7236669356740545
26.074198439911935 0.8084166884025553
26.20655477717037 0.879025098224733
26.338911114428807 0.9342570375761888
26.47126745168724 0.9731463539702714
26.60362378894568 0.995012770556677
26.73598012620412 0.9994737859601635
26.86833646346255 0.9864513652397958
27.00069280072099 0.9561733049261478
27.133049137979423 0.9091692482583793
27.26540547523786 0.8462614203251854
27.3977618124963 0.7685502451765104
27.53011814975473 0.6773950965007026
27.66247448701317 0.5743905185885794
27.794830824271603 0.46133833354263026
27.927187161530043 0.34021612264979456
28.05954349878848 0.21314263326200994
28.191899836046915 0.08234071630938772
28.32425617330535 -0.04990155723308203
28.456612510563783 -0.18127092074967172
28.588968847822223 -0.3094693771263731
28.721325185080662 -0.43225439678939387
28.853681522339095 -0.5474781454699358
28.98603785959753 -0.6531250554979948
29.118394196855967 -0.7473470834039898
29.250750534114403 -0.8284960370797386
29.383106871372842 -0.8951524070112993
29.515463208631274 -0.9461501972492816
29.647819545889714 -0.9805973217574107
29.780175883148146 -0.9978912093532782
29.912532220406586 -0.9977293442697267
30.044888557665022 -0.9801145579545519
30.177244894923458 -0.9453549795410068
30.309601232181894 -0.8940586458554914
30.441957569440326 -0.8271228652476382
30.574313906698766 -0.7457185212974776
30.706670243957205 -0.6512695909693409
30.839026581215638 -0.5454282354940281
30.971382918474074 -0.43004589970551155
31.10373925573251 -0.3071409253811541
31.236095592990946 -0.17886324511357454
31.368451930249385 -0.04745677431163608
31.500808267507818 0.08477984080621113
31.633164604766257 0.21553343260504756
31.76552094202469 0.3425167754444356
31.89787727928313 0.46350859529548244
32.030233616541565 0.5763924256899331
32.1625899538 0.6791936303083185
32.29494629105844 0.7701139445841758
32.42730262831687 0.8475629321005301
32.55965896557531 0.9101858055231659
32.692015302833745 0.9568871254090915
32.82437164009218 0.9868499623354499
32.95672797735062 0.9995501871526322
33.08908431460905 0.9947656393873288
33.22144065186749 0.9725800134159316
33.353796989125925 0.9333813944288551
33.48615332638436 0.877855469795624
33.6185096636428 0.8069735345818817
33.75086600090123 0.7219755010335047
33.88322233815967 0.6243482092368179
34.01557867541811 0.5157994183587374
34.14793501267654 0.39822793342878576
34.28029134993498 0.2736903902243249
34.41264768719341 0.1443652792793026
34.54500402445185 0.012514838331395469
34.67736036171029 -0.11955452019058707
34.80971669896872 -0.24953255441127628
34.942073036227164 -0.3751456052405632
35.07442937348559 -0.4941963686757087
35.206785710744036 -0.6046023324515317
35.33914204800247 -0.7044322046797399
35.47149838526091 -0.7919396972446611
35.603854722519344 -0.865594072994297
35.73621105977777 -0.9241069223757881
35.868567397036216 -0.9664547011211923
36.00092373429465 -0.9918966347398817
36.13328007155309 -0.9999876766207942
36.265636408811524 -0.9905862930730144
36.39799274606996 -0.9638569391238199
36.530349083328396 -0.9202671817659293
36.66270542058683 -0.8605795209759568
36.79506175784527 -0.7858380515760606
36.927418095103704 -0.6973501992580516
37.05977443236214 -0.5966638502551371
37.192130769620576 -0.4855402747237377
37.32448710687901 -0.3659233174769428
37.45684344413745 -0.23990539500504093
37.589199781395884 -0.10969089358503865
37.72155611865432 0.022442391257102266
37.853912455912756 0.15418309940586533
37.98626879317119 0.28322673794889514
38.11862513042963 0.4073159928441936
38.250981467688064 0.5242802153042747
38.3833378049465 0.6320733921761343
38.515694142204936 0.728809936114812
38.64805047946338 0.8127976694858883
38.78040681672181 0.8825674250213269
38.91276315398025 0.9368987454351032
39.04511949123868 0.9748412324443066
39.17747582849712 0.9957311717451548
39.30983216575556 0.999203143129001
39.44218850301399 0.9851964126468782
39.57454484027243 0.9539559950066501
39.70690117753086 0.9060283676187046
39.8392575147893 0.8422519112627738
39.97161385204774 0.7637422445939704
40.103970189306175 0.6718727090261344
40.23632652656461 0.5682503453635277
40.36868286382305 0.45468778241297564
40.50103920108148 0.33317152931888727
40.63339553833992 0.20582722627195524
40.765751875598355 0.07488246144841065
40.89810821285679 -0.057372195390233235
41.03046455011523 -0.18862326101169796
41.16282088737366 -0.3165748076445751
41.2951772246321 -0.4389886248185867
41.427533561890534 -0.5537233715768183
41.55988989914897 -0.6587720341843302
41.69224623640741 -0.7522970340988995
41.82460257366584 -0.832662372072763
41.95695891092428 -0.8984622461001299
42.089315248182714 -0.9485456426069825
42.22167158544115 -0.9820364707183089
42.354027922699586 -0.9983488874012609
42.48638425995802 -0.9971975454070077
42.618740597216465 -0.9786025847477181
42.7510969344749 -0.9428892803945633
42.88345327173333 -0.8906823523594172
43.015809608991766 -0.8228950376919565
43.1481659462502 -0.7407131155518218
43.280522283508645 -0.6455741647994602
43.41287862076708 -0.5391424169452372
43.54523495802551 -0.4232796443450669
43.677591295283946 -0.30001259288496485
43.80994763254239 -0.17149752884289782
43.942303969800825 -0.03998252009689196
44.07466030705926 0.09223188851932981
44.20701664431769 0.22283291782118772
44.339372981576126 0.3495360108892613
44.47172931883457 0.47012479600328255
44.604085656093005 0.5824898568369578
44.73644199335144 0.6846656317205081
44.86879833060987 0.7748647965052865
45.00115466786831 0.8515095295834842
45.13351100512675 0.9132591121550294
45.265867342385185 0.9590333809402791
45.39822367964363 0.9880316230884674
45.53058001690205 0.9997465827601445
45.66293635416049 0.9939733343714816
45.79529269141893 0.9708128672839271
45.927649028677365 0.9306703192335701
46.06000536593581 0.8742478894021624
46.19236170319424 0.8025325550989414
46.32471804045267 0.716778806920853
46.45707437771111 0.6184867043989394
46.58943071496955 0.5093756359954642
46.72178705222799 0.39135424245883565
46.85414338948642 0.2664870296561736
46.98649972674485 0.13695825491333516
47.11885606400329 0.005033718585702823
47.25121240126173 -0.12697887077403688
47.38356873852017 -0.2567702643330969
47.5159250757786 -0.3820700678394306
47.64828141303703 -0.5006864568133027
47.780637750295476 -0.610544517346015
47.91299408755391 -0.7097225418240146
48.04535042481235 -0.7964856446703086
48.17770676207078 -0.8693161100750051
48.31006309932921 -0.9269399408531328
48.442419436587656 -0.9683491440200076
48.57477577384609 -0.9928193632506492
48.70713211110453 -0.9999225497849372
48.83948844836296 -0.9895344501308928
48.9718447856214 -0.9618367795864035
49.104201122879836 -0.9173140435587642
49.23655746013827 -0.8567450622855158
49.36891379739671 -0.781189347211634
49.50127013465514 -0.6919685673361934
49.63362647191358 -0.5906434297310248
49.765982809172016 -0.4789863786522565
49.89833914643045 -0.3589505908092038
50.030695483688895 -0.23263580914540713
50.163051820947324 -0.10225161278916424
50.29540815820576 0.029921234320985073
50.427764495464196 0.16157068002096606
50.56012083272263 0.2903938278196764
50.692477169981075 0.4141372206405581
50.82483350723951 0.530636259737214
50.95718984449794 0.6378530692422157
51.089546181756376 0.7339121439980452
51.22190251901482 0.817133157095479
51.354258856273255 0.8860603532289764
51.48661519353169 0.9394880137016397
51.61897153079012 0.9764815476295017
51.751327868048556 0.9963938404043509
51.883684205307 0.998876573437244
52.016040542565435 0.9838863171705448
52.14839687982387 0.9516852907755822
52.2807532170823 0.9028367752468257
52.41310955434074 0.8381952601296543
52.54546589159918 0.7588914962415328
52.677822228857615 0.6663127158538753
52.81017856611606 0.5620783663359501
52.94253490337448 0.44801178174346873
53.07489124063292 0.32610828789044105
53.20724757789136 0.19850029883115997
53.339603915149794 0.06742001530660024
53.47196025240824 -0.06483962234174666
53.60431658966667 -0.19596504375406515
53.7366729269251 -0.32366251900801185
53.86902926418354 -0.44569828201272116
54.00138560144198 -0.5599376049771454
54.13374193870042 -0.6643821404368994
54.266098275958846 -0.7572048776290738
54.39845461321728 -0.8367821017356044
54.53081095047572 -0.9017217969436412
54.66316728773416 -0.9508879964784483
54.7955236249926 -0.9834206536623644
54.927879962251026 -0.9987506864025908
55.06023629950946 -0.9966099319399301
55.192592636767905 -0.9770358377236578
55.32494897402634 -0.9403708063567454
55.45730531128478 -0.8872562060700426
55.589661648543206 -0.8186211514980756
55.72201798580164 -0.7356662510102834
55.854374323060085 -0.6398426048998505
55.98673066031852 -0.5328264218072337
56.11908699757696 -0.41648969740415204
56.251443334835386 -0.2928674682453785
56.38379967209383 -0.1641222136048336
56.516156009352265 -0.032506028002050026
56.6485123466107 0.09967877387881639
56.78086868386914 0.23011993075318551
56.913225021127566 0.35653568229259563
57.04558135838601 0.47671468313900384
57.177937695644445 0.5885546851751892
57.31029403290288 0.6900993113964196
57.442650370161324 0.7795722781110229
57.57500670741975 0.8554084668332981
57.70736304467819 0.9162813023393482
57.839719381936625 0.9611259579711835
57.97207571919506 0.9891579822671959
58.104432056453504 0.9998870210899521
58.23678839371193 0.9931253952150811
58.36914473097037 0.9689913833365692
58.501501068228805 0.9279071530600279
58.63385740548725 0.8705913760763251
58.766213742745684 0.798046656695715
58.89857008000411 0.7115419936505631
59.03092641726255 0.6125905819560881
59.163282754520985 0.5029233431332255
59.29563909177943 0.384458646819845
59.427995429037864 0.2592687534194046
59.56035176629629 0.12954356479362936
59.69270810355473 -0.002447682904577548
59.82506444081317 -0.13439611416446687
59.95742077807161 -0.26399360244785935
60.089777115330044 -0.38897314541808947
60.22213345258847 -0.5071485207979862
60.354489789846916 -0.616452529171345
60.48684612710535 -0.7149731547601238
60.61920246436379 -0.8009870116300906
60.751558801622224 -0.8729894902622395
60.88391513888065 -0.9297210771469516
61.016271476139096 -0.9701893870016622
61.14862781339753 -0.9936865222103141
61.28098415065597 -0.9998014558222434
61.41334048791441 -0.9884272214990546
61.54569682517284 -0.9597627846383836
61.678053162431276 -0.9143095619436161
61.81040949968971 -0.8528626503215159
61.94276583694815 -0.7764969185374714
62.07512217420659 -0.6865482049220596
62.20747851146502 -0.5845899500307251
62.339834848723456 -0.47240567301296144
62.47219118598189 -0.3519577731521694
62.604547523240335 -0.2253532023194664
62.73690386049877 -0.09480660882103958
62.8692601977572 0.03739840264964292
63.001616535015636 0.1689492172889158
63.13397287227407 0.29754466392340573
63.266329209532515 0.42093526857127506
63.39868554679095 0.5369626036829852
63.53104188404938 0.6435970447395736
63.663398221307816 0.7389732737457178
63.79575455856626 0.8214229085677502
63.928110895824695 0.8895036873433753
64.06046723308313 0.9420246974506695
64.19282357034156 0.9780672077150175
64.3251799076 0.9970007394437339
64.45753624485843 0.998494095163476
64.58989258211687 0.9825211521387577
64.72224891937532 0.9493613193275771
64.85460525663375 0.8995946497808317
64.98696159389218 0.8340916939825233
65.11931793115062 0.7539982716226739
65.25167426840906 0.6607154281848628
65.38403060566749 0.5558749269605525
65.51638694292592 0.44131070519961046
65.64874328018436 0.3190267937044039
65.7810996174428 0.19116226103845674
65.91345595470123 0.059953795567975955
66.04581229195968 -0.07230342012480546
