0.0 0.0
0.05069101446293489 0.050669308157995745
0.10138202892586978 0.10120844540575948
0.1520730433888047 0.15148757524587214
0.20276405785173957 0.2013775291474243
0.25345507231467446 0.2507501383836881
0.3041460867776094 0.29947856330126277
0.3548371012405443 0.34743761917479316
0.40552811570347913 0.39450409781013024
0.456219130166414 0.4405570840697263
0.5069101446293489 0.48547826650710124
0.5576011590922838 0.5291522413123523
0.6082921735552188 0.5714668087878614
0.6589831880181536 0.6123132615925454
0.7096742024810886 0.6515866640141437
0.7603652169440234 0.6891861215520799
0.8110562314069583 0.725015040118338
0.8617472458698933 0.7589813741904518
0.912438260332828 0.7909978632791003
0.963129274795763 0.8209822561028156
1.0138202892586978 0.8488575218938901
1.0645113037216327 0.8745520482926351
1.1152023181845676 0.8979998253215932
1.1658933326475027 0.9191406149670683
1.2165843471104376 0.9379201059323167
1.2672753615733723 0.9542900531648301
1.3179663760363072 0.9682084017992635
1.368657390499242 0.9796393951975942
1.4193484049621772 0.9885536668089533
1.470039419425112 0.9949283156131394
1.5207304338880467 0.998746964953999
1.5714214483509816 0.9999998046115264
1.6221124628139165 0.9986836160046019
1.6728034772768516 0.9948017804596185
1.7234944917397865 0.988364270523758
1.7741855062027212 0.9793876243452295
1.824876520665656 0.9678949031862917
1.875567535128591 0.953915632178206
1.926258549591526 0.9374857244703255
1.976949564054461 0.9186473889681818
2.0276405785173957 0.8974490218975908
2.078331592980331 0.8739450824733576
2.1290226074432654 0.8481959529919876
2.1797136219062003 0.820267783707828
2.230404636369135 0.7902323228911631
2.28109565083207 0.7581667325048433
2.3317866652950054 0.7241533899729828
2.38247767975794 0.6882796765509885
2.4331686942208752 0.6506377528405983
2.4838597086838097 0.6113243220266487
2.5345507231467446 0.5704403814438056
2.58524173760968 0.5280909631115109
2.6359327520726143 0.48438486390370195
2.6866237665355497 0.43943436604650976
2.737314780998484 0.39335494866199544
2.788005795461419 0.34626499109895814
2.8386968099243544 0.29828546881298623
2.889387824387289 0.2495396425770324
2.940078838850224 0.20015274182093745
2.9907698533131586 0.15025164291342943
3.0414608677760935 0.09996454321307595
3.092151882239029 0.049420631725586514
3.1428428967019633 -0.0012502427864592477
3.1935339111648986 -0.05191790538882248
3.244224925627833 -0.10245218939874916
3.294915940090768 -0.15272327078692916
3.3456069545537033 -0.20260200169915765
3.3962979690166377 -0.25196024224088776
3.446988983479573 -0.3006711896723101
3.4976799979425075 -0.34860970416823256
3.5483710124054424 -0.39565263030589737
3.5990620268683777 -0.4416791134548007
3.649753041331312 -0.4865709102557151
3.7004440557942475 -0.5302126923912848
3.751135070257182 -0.5724923428677845
3.801826084720117 -0.6133012440469074
3.852517099183052 -0.6525345566875987
3.9032081136459866 -0.690091489281082
3.953899128108922 -0.7258755569871477
4.004590142571857 -0.7597948295064788
4.055281157034791 -0.7917621672522374
4.105972171497726 -0.8216954452141695
4.156663185960662 -0.8495177639401187
4.207354200423596 -0.8751576470929281
4.258045214886531 -0.8985492250752114
4.308736229349465 -0.9196324042502407
4.359427243812401 -0.9383530213242282
4.410118258275336 -0.9546629824933853
4.46080927273827 -0.9685203869982894
4.511500287201206 -0.97988963476814
4.56219130166414 -0.9887415178783634
4.612882316127075 -0.9950532955866128
4.663573330590011 -0.9988087527543889
4.714264345052945 -0.9999982415041959
4.76495535951588 -0.9986187060052187
4.815646373978815 -0.9946736903238385
4.8663373884417505 -0.9881733293188244
4.917028402904685 -0.9791343226045907
4.967719417367619 -0.9675798916494058
5.018410431830555 -0.953539720118773
5.069101446293489 -0.9370498776172401
5.1197924607564245 -0.9181527270245469
5.17048347521936 -0.8968968156641691
5.221174489682294 -0.8733367505838484
5.271865504145229 -0.8475330582685143
5.322556518608163 -0.8195520291460044
5.373247533071099 -0.7894655472850474
5.423938547534034 -0.7573509057230259
5.474629561996968 -0.7232906078979349
5.525320576459904 -0.6873721556946788
5.576011590922838 -0.6496878246502142
5.626702605385773 -0.6103344268950357
5.677393619848709 -0.5694130624400332
5.728084634311643 -0.527028859447653
5.778775648774578 -0.48329070415462316
5.829466663237513 -0.43831096114008056
5.880157677700448 -0.39220518465773596
5.930848692163383 -0.3450918217736711
5.981539706626317 -0.29709190807241664
6.0322307210892525 -0.2483287567130555
6.082921735552187 -0.19892764163417237
6.133612750015122 -0.14901547572149598
6.184303764478058 -0.09872048476505071
6.234994778940992 -0.0481718780434109
6.2856857934039265 0.002500483618654449
6.336376807866861 0.05316642146637354
6.387067822329797 0.10369577324794017
6.437758836792732 0.1539587276050759
6.488449851255666 0.20382615756215422
6.539140865718601 0.25316995225710925
6.589831880181536 0.30186334606192416
6.640522894644471 0.3497812442471819
6.6912139091074065 0.3968005443540177
6.741904923570341 0.4428004524478798
6.792595938033275 0.4876627934416237
6.843286952496211 0.5312723146907087
6.893977966959146 0.5735169820805557
6.9446689814220806 0.614288267845412
6.995359995885015 0.653481429379305
7.04605101034795 0.6909957783228081
7.096742024810885 0.726734939234331
7.14743303927382 0.7606070971814058
7.1981240537367555 0.7925252336158856
7.24881506819969 0.8224073499270993
7.299506082662624 0.8501766780986427
7.350197097125559 0.8757618779276195
7.400888111588495 0.8990972202996752
7.4515791260514295 0.9201227560489804
7.502270140514364 0.9387844699693669
7.552961154977299 0.9550344195809428
7.603652169440234 0.9688308582957028
7.654343183903169 0.9801383426657151
7.705034198366104 0.9889278234383571
7.755725212829039 0.995176720184682
7.806416227291973 0.9988689793091903
7.857107241754909 0.9999951152919782
7.907798256217844 0.9985522350573109
7.958489270680778 0.9945440454060178
8.009180285143714 0.9879808434926142
8.059871299606648 0.9788794903716156
8.110562314069583 0.967263367681003
8.161253328532519 0.9531623175741222
8.211944342995452 0.9366125660543361
8.262635357458388 0.9176566299093735
8.313326371921324 0.8963432074844861
8.364017386384257 0.8727270535749961
8.414708400847193 0.8468688387596455
8.465399415310127 0.8188349935361454
8.516090429773062 0.7886975376593074
8.566781444235998 0.7565338951202243
8.61747245869893 0.722426695241815
8.668163473161867 0.6864635604017042
8.718854487624801 0.64873688092783
8.769545502087736 0.6093435777450208
8.820236516550672 0.5683848533823556
8.870927531013606 0.5259659319809604
8.92161854547654 0.48219578897015436
8.972309559939475 0.4371868711064419
9.023000574402412 0.3910548075945583
9.073691588865346 0.3439181130327228
9.12438260332828 0.2958978829452165
9.175073617791217 0.24711748268450232
9.22576463225415 0.1977022305020921
9.276455646717086 0.147779075602335
9.327146661180022 0.09747627200628192
9.377837675642954 0.046923049063405775
9.42852869010589 -0.003750720542325501
9.479219704568825 -0.054414854439087
9.52991071903176 -0.10493919500947445
9.580601733494696 -0.15519394376916035
9.63129274795763 -0.2050499948229288
9.681983762420565 -0.2543792665414448
9.732674776883501 -0.30305503060663913
9.783365791346434 -0.3509522375803962
9.83405680580937 -0.39794783816017637
9.884747820272304 -0.4439210992961905
9.935438834735239 -0.4887539143580961
9.986129849198175 -0.5323311065543216
10.03682086366111 -0.5745407248245522
10.087511878124044 -0.6152743314452342
10.138202892586978 -0.6544272806091994
10.188893907049914 -0.6918989872637571
10.239584921512849 -0.7275931855165824
10.290275935975783 -0.7614181759455714
10.34096695043872 -0.7932870611772894
10.391657964901652 -0.8231179691288195
10.442348979364589 -0.8508342633395103
10.493039993827525 -0.876364739852234
10.543731008290457 -0.8996438101384077
10.594422022753394 -0.9206116695968142
10.645113037216326 -0.9392144511933318
10.695804051679263 -0.9554043638469064
10.746495066142199 -0.9691398152062041
10.797186080605131 -0.9803855185015623
10.847877095068068 -0.9891125831977184
10.898568109531002 -0.9952985892144205
10.949259123993937 -0.998927644524263
10.999950138456873 -0.9999904259797598
11.050641152919807 -0.9984842032647796
11.101332167382742 -0.9944128459088055
11.152023181845676 -0.9877868133460035
11.202714196308612 -0.9786231280446342
11.253405210771547 -0.966945331775844
11.304096225234481 -0.9527834251341751
11.354787239697417 -0.9361737904651768
11.40547825416035 -0.917159098398115
11.456169268623286 -0.895788198223892
11.506860283086223 -0.8721159923998205
11.557551297549155 -0.846203295503629
11.608242312012091 -0.8181166779990553
11.658933326475026 -0.7879282952144228
11.70962434093796 -0.7557157019735156
11.760315355400897 -0.721561653355009
11.81100636986383 -0.6855538920922971
11.861697384326765 -0.6477849231598728
11.9123883987897 -0.6083517761254051
11.963079413252634 -0.5673557558779742
12.01377042771557 -0.5249021823729028
12.064461442178505 -0.481100120061765
12.11515245664144 -0.4360620977026651
12.165843471104374 -0.3899038192706257
12.21653448556731 -0.34274386671074497
12.267225500030245 -0.2947033952977753
12.317916514493179 -0.24590582238472672
12.368607528956115 -0.1964765103401422
12.419298543419048 -0.1465424444885734
12.469989557881984 -0.0962319068816098
12.52068057234492 -0.04567414673762081
12.571371586807853 0.005000951603214856
12.62206260127079 0.05566320235552598
12.672753615733722 0.10618245273975169
12.723444630196658 0.15642891734840447
12.774135644659594 0.20627351156849072
12.824826659122527 0.2555881832036055
12.875517673585463 0.3042462414437191
12.926208688048398 0.3521226823374897
12.976899702511332 0.3990945099310297
13.027590716974268 0.4450410522480419
13.078281731437203 0.4898442712995937
13.128972745900137 0.5333890663271154
13.179663760363072 0.5755635694995539
13.230354774826008 0.6162594333050515
13.281045789288942 0.655372108898815
13.331736803751877 0.6928011146921145
13.382427818214813 0.7284502944923696
13.433118832677746 0.7622280645311714
13.483809847140682 0.7940476487456294
13.534500861603618 0.823827301708559
13.58519187606655 0.851490518634843
13.635882890529487 0.87696623192443
13.686573904992422 0.9001889937370317
13.737264919455356 0.9210991441295168
13.787955933918292 0.9396429643240175
13.838646948381225 0.9557728147130133
13.889337962844161 0.9694472572468593
13.940028977307096 0.9806311618893199
13.99071999177003 0.989295796867648
14.041411006232966 0.9954189024853344
14.0921020206959 0.9989847483079068
14.142793035158835 0.9999841735748709
14.19348404962177 0.9984146107339659
14.244175064084706 0.9942800920372804
14.29486607854764 0.987591239182282
14.345557093010575 0.9783652360243692
14.396248107473511 0.9666257844310534
14.446939121936444 0.9524030433911809
14.49763013639938 0.9357335515356184
14.548321150862316 0.9166601332684652
14.599012165325249 0.895231788749925
14.649703179788185 0.8715035680134796
14.700394194251118 0.8455364295407799
14.751085208714054 0.8173970836575398
14.80177622317699 0.7871578211528033
14.852467237639923 0.7548963275618225
14.903158252102859 0.7206954835896753
14.953849266565793 0.6846431521883651
15.004540281028728 0.6468319528343572
15.055231295491664 0.6073590235864829
15.105922309954599 0.5663257715354771
15.156613324417533 0.523837612286237
15.207304338880467 0.48000369914210594
15.257995353343404 0.4349366426868936
15.308686367806338 0.3887522214850542
15.359377382269273 0.34156908464321367
15.410068396732209 0.2935084469972065
15.460759411195141 0.24469377770768244
15.511450425658078 0.1952504830642622
15.562141440121014 0.14530558431319432
15.612832454583947 0.09498739133610923
15.663523469046883 0.04442517301823186
15.714214483509817 -0.00625117484708035
15.764905497972752 -0.05691146326438655
15.815596512435688 -0.10742554449542978
15.86628752689862 -0.15766364641241343
15.916978541361557 -0.20749670588634989
15.967669555824491 -0.25679670035392715
16.018360570287427 -0.30543697671117753
16.069051584750362 -0.3532925766889297
16.119742599213296 -0.40024055787420876
16.17043361367623 -0.4461603095528247
16.221124628139165 -0.49093386256176885
16.2718156426021 -0.5344461923553867
16.322506657065038 -0.576585514506748
16.373197671527972 -0.6172435718850428
16.423888685990903 -0.6563159127712802
16.47457970045384 -0.6937021591977606
16.525270714916775 -0.729306264821938
16.57596172937971 -0.7630367616722645
16.626652743842648 -0.7948069951320285
16.67734375830558 -0.8245353465575495
16.728034772768513 -0.8521454429588441
16.77872578723145 -0.8775663532040134
16.829416801694386 -0.9007327702433658
16.88010781615732 -0.9215851788851144
16.930798830620255 -0.9400700086916094
16.98148984508319 -0.9561397716033359
17.032180859546123 -0.9697531839371042
17.08287187400906 -0.9808752724450205
17.133562888471996 -0.989477464161764
17.184253902934927 -0.9955376598093605
17.23494491739786 -0.9990402905708623
17.2856359318608 -0.9999763580870844
17.336326946323734 -0.9983434575736502
17.387017960786668 -0.9941457839989514
17.437708975249603 -0.9873941213071535
17.488399989712537 -0.978105814713933
17.53909100417547 -0.966304726146119
17.58978201863841 -0.9520211729397159
17.640473033101344 -0.9352918499537998
17.691164047564275 -0.9161597353003643
17.741855062027213 -0.8946739799323125
17.792546076490147 -0.8708897813732568
17.84323709095308 -0.8448682419134803
17.89392810541602 -0.8166762116363993
17.94461911987895 -0.7863861166787852
17.995310134341885 -0.7540757731659155
18.046001148804823 -0.7198281872997268
18.096692163267758 -0.6837313421134942
18.147383177730692 -0.6458779714408756
18.198074192193626 -0.6063653216800344
18.24876520665656 -0.5652949019648436
18.299456221119495 -0.5227722233849997
18.350147235582433 -0.47890652792499633
18.400838250045368 -0.4338105078183348
18.4515292645083 -0.3876000160379201
18.502220278971237 -0.3403937686664363
18.55291129343417 -0.2923130399113447
18.603602307897106 -0.24348135054792402
18.654293322360044 -0.19402415059085773
18.704984336822974 -0.14406849700955213
18.75567535128591 -0.09374272731509194
18.806366365748847 -0.04317612985751396
18.85705738021178 0.007501388319686707
18.907748394674716 0.05815963521450609
18.95843940913765 0.10866846833341545
19.009130423600585 0.1588981290311745
19.05982143806352 0.20871957586452367
19.110512452526457 0.2580048161033673
19.16120346698939 0.30662723454776536
19.211894481452322 0.35446191880604205
19.26258549591526 0.40138598019831556
19.313276510378195 0.4472788694610224
19.36396752484113 0.49202268644147623
19.414658539304064 0.5355024829867353
19.465349553767002 0.5776065582487202
19.516040568229933 0.6182267456468908
19.566731582692867 0.6572586907513331
19.617422597155805 0.6946021193722645
19.66811361161874 0.7301610951673162
19.718804626081674 0.7638442661047691
19.76949564054461 0.7955650991495411
19.820186655007543 0.8252421025690457
19.870877669470477 0.8527990352877973
19.921568683933415 0.8781651027529291
19.97225969839635 0.9012751388074289
20.02295071285928 0.9220697731038804
20.07364172732222 0.940495583628593
20.124332741785153 0.9565052339442804
20.175023756248088 0.9700575947987427
20.225714770711026 0.9811178497870926
20.276405785173957 0.9896575847960993
20.32709679963689 0.9956548610008691
20.37778781409983 0.9990942712263113
20.428478828562763 0.9999669795286168
20.479169843025698 0.9982707438950527
20.529860857488632 0.9940099220037559
20.580551871951567 0.9871954600287342
20.6312428864145 0.9778448645188287
20.68193390087744 0.9659821574228866
20.732624915340374 0.9516378143766865
20.783315929803305 0.9348486864101498
20.834006944266243 0.915657905275982
20.884697958729177 0.8941147726429701
20.93538897319211 0.8702746334385658
20.98607998765505 0.8441987336661785
21.03677100211798 0.8159540630624393
21.087462016580915 0.7856131829986212
21.138153031043853 0.7532540400684059
21.188844045506787 0.7189597658408421
21.23953505996972 0.6828184632929414
21.290226074432653 0.6449229804706077
21.34091708889559 0.6053706719593203
21.391608103358525 0.5642631487774308
21.44229911782146 0.5217060173345066
21.492990132284397 0.4778086081254376
21.54368114674733 0.4326836948572619
21.594372161210263 0.386447204730238
21.6450631756732 0.33921792061755984
21.695754190136135 0.2911171759087365
21.74644520459907 0.2422685428006074
21.797136219062004 0.19279751483682714
21.84782723352494 0.14283118451133864
21.898518247987873 0.0924979167641
21.94920926245081 0.041927019207857796
21.999900276913746 -0.0087515900668157
22.050591291376676 -0.05940771625485217
22.101282305839614 -0.10991122231089026
22.15197332030255 -0.16013236327505678
22.202664334765483 -0.20994211959153636
22.25335534922842 -0.2592125285635075
22.304046363691352 -0.30781701309297815
22.354737378154287 -0.3556307068610258
22.405428392617225 -0.4025307751129318
22.45611940708016 -0.4483967302242038
22.506810421543094 -0.4931107412367654
22.557501436006028 -0.5365579365700638
22.608192450468962 -0.5786266991294677
22.658883464931897 -0.6192089530537949
22.709574479394835 -0.6582004413653105
22.76026549385777 -0.6955009938088919
22.8109565083207 -0.7310147841923085
22.861647522783638 -0.7646505765664686
22.912338537246573 -0.7963219596131746
22.963029551709507 -0.8259475686383099
23.013720566172445 -0.8534512946000684
23.064411580635376 -0.8787624796352653
23.11510259509831 -0.9018160985814389
23.16579360956125 -0.9225529260283459
23.216484624024183 -0.9409196884697483
23.267175638487117 -0.95686920116459
23.317866652950052 -0.9703604893559474
23.368557667412986 -0.9813588935363613
23.41924868187592 -0.9898361584891073
23.469939696338855 -0.9957705058766616
23.520630710801793 -0.9991466901898758
23.571321725264724 -0.9999560379141279
23.62201273972766 -0.9981964698118329
23.672703754190596 -0.9938725062640613
23.72339476865353 -0.9869952556575531
23.774085783116465 -0.9775823858469499
23.8247767975794 -0.9656580787655696
23.875467812042334 -0.9512529683013239
23.92615882650527 -0.9344040615973787
23.976849840968207 -0.9151546439797373
24.02754085543114 -0.8935541677559993
24.078231869894072 -0.8696581251709516
24.12892288435701 -0.8435279058453937
24.179613898819944 -0.8152306390644507
24.23030491328288 -0.7848390213204919
24.280995927745817 -0.7524311295537568
24.331686942208748 -0.71809022057046
24.382377956671682 -0.6819045171536373
24.43306897113462 -0.6439669814162989
24.483759985597555 -0.604375075979086
24.53445100006049 -0.5632305135859814
24.585142014523424 -0.5206389958013541
24.635833028986358 -0.47670994145959805
24.686524043449293 -0.4315562055649984
24.73721505791223 -0.385293789363976
24.787906072375165 -0.33804154233456146
24.838597086838096 -0.28992085685865104
24.889288101301034 -0.24105535636148154
24.93997911576397 -0.19157057771952543
24.990670130226903 -0.14159364875261
25.04136114468984 -0.09125296162890452
25.09205215915277 -0.040677843021761306
25.142743173615706 0.010001778134263884
25.193434188078644 0.06065570443455044
25.24412520254158 0.11115380448529419
25.294816217004513 0.16136634721481924
