0.0 0.0
0.12575576031846786 0.12542456133335214
0.2515115206369357 0.24886820719645877
0.37726728095540357 0.36838130806545155
0.5030230412738714 0.48207631218896996
0.6287788015923392 0.5881575569777757
0.7545345619108071 0.6849496291262841
0.8802903222292751 0.7709238255553071
1.0060460825477429 0.84472229726033
1.1318018428662107 0.9051794947450909
1.2575576031846785 0.9513405763381331
1.3833133635031465 0.9824764886572577
1.5090691238216143 0.9980954810458349
1.634824884140082 0.997950872125646
1.7605806444585501 0.9820449458037992
1.8863364047770177 0.9506289152014292
2.0120921650954857 0.9041989550738818
2.1378479254139537 0.8434883653850701
2.2636036857324213 0.7694559898020067
2.3893594460508893 0.6832710720241109
2.515115206369357 0.586294789121593
2.640870966687825 0.48005875353946587
2.766626727006293 0.36624082329967533
2.892382487324761 0.24663860244728636
3.0181382476432286 0.12314105026621934
3.143894007961696 -0.0023013523404857
3.269649768280164 -0.12770740812320958
3.395405528598632 -0.25109649388246363
3.5211612889171002 -0.37051984179923725
3.646917049235568 -0.48409131765163627
3.7726728095540354 -0.5900172098164912
3.8984285698725034 -0.6866245585779518
4.024184330190971 -0.7723875783190175
4.149940090509439 -0.8459517552923487
4.2756958508279075 -0.9061552403778597
4.401451611146374 -0.9520471989567095
4.527207371464843 -0.9829028280896481
4.65296313178331 -0.9982348038231857
4.778718892101779 -0.9978009778285014
4.904474652420246 -0.9816082018148228
5.030230412738714 -0.9499122193157188
5.155986173057182 -0.9032136265573958
5.28174193337565 -0.8422499662017561
5.4074976936941175 -0.7679840788331115
5.533253454012586 -0.6815888961614559
5.6590092143310535 -0.5844289161135892
5.784764974649522 -0.47803865238857735
5.910520734967989 -0.364098398838408
6.036276495286457 -0.24440769144344585
6.162032255604925 -0.1208568870158105
6.287788015923392 0.004602692492480997
6.413543776241861 0.1299895785453113
6.539299536560328 0.2533234507037829
6.665055296878797 0.37265641317486653
6.790811057197264 0.4861037592555335
6.916566817515731 0.5918737377885906
7.0423225778342005 0.6882958515083035
7.168078338152667 0.7738472403407666
7.293834098471136 0.8471767329696346
7.419589858789603 0.907126186804415
7.545345619108071 0.9527487793147233
7.671101379426539 0.9833239618429792
7.796857139745007 0.9983688397198134
7.922612900063475 0.9976457989482755
8.048368660381943 0.9811662590034248
8.17412442070041 0.9491904924767878
8.299880181018878 0.9022235144141592
8.425635941337346 0.8410071062692344
8.551391701655815 0.766508100444199
8.677147461974283 0.679903110447509
8.802903222292748 0.5825599478358576
8.928658982611218 0.47601601943522565
9.054414742929685 0.36195404602841985
9.180170503248153 0.242175486000354
9.30592626356662 0.11857208367957879
9.431682023885088 -0.0069040082675595965
9.557437784203557 -0.13227106051275841
9.683193544522025 -0.25554906586594267
9.808949304840493 -0.37479101087656613
9.93470506515896 -0.4881136263423078
10.060460825477428 -0.5937271310614769
10.186216585795895 -0.689963499065786
10.311972346114365 -0.7753028038898507
10.437728106432832 -0.8483972238044245
10.5634838667513 -0.9080923288824023
10.689239627069767 -0.9534453136964436
10.814995387388235 -0.9837398876868296
10.940751147706704 -0.9984975880258328
11.066506908025172 -0.9974853363068313
11.19226266834364 -0.980719119710236
11.318018428662107 -0.9484637385070672
11.443774188980573 -0.9012286238880333
11.569529949299044 -0.8397597921699749
11.69528570961751 -0.7650280624523922
11.821041469935977 -0.6782137238105794
11.946797230254445 -0.5806878941868808
12.072552990572914 -0.47399086539173735
12.198308750891382 -0.3598077762266965
12.32406451120985 -0.23994199794028212
12.449820271528317 -0.116286652358366
12.575576031846785 0.009205287477426088
12.701331792165254 0.13455184194229863
12.827087552483722 0.2577733275815737
12.95284331280219 0.3769236235990181
13.078599073120657 0.49012090826724325
13.204354833439124 0.5955773798191527
13.330110593757594 0.6916274924181594
13.455866354076061 0.7767542612572695
13.581622114394529 0.8496132213327188
13.707377874712996 0.909053661494911
13.833133635031462 0.9541367984128637
13.958889395349933 0.9841506034183611
14.084645155668401 0.9986210480593635
14.210400915986867 0.997319590754016
14.336156676305334 0.980266786303409
14.461912436623802 0.9477319612556137
14.587668196942271 0.9002289602481848
14.713423957260739 0.8385080305100426
14.839179717579206 0.7635439726963092
14.964935477897674 0.6765207451980443
15.090691238216142 0.578812765081486
15.216446998534611 0.471963200983794
15.342202758853078 0.35765960080037573
15.467958519171546 0.23770723909229666
15.593714279490014 0.11400060515634201
15.719470039808481 -0.011506517933976494
15.84522580012695 -0.1368319107543898
15.970981560445418 -0.25999622407047507
16.096737320763886 -0.37905424004741495
16.22249308108235 -0.4921255943993115
16.34824884140082 -0.597424474262276
16.47400460171929 -0.6932878227525285
16.599760362037756 -0.778201604755771
16.725516122356225 -0.8508247191143152
16.85127188267469 -0.910010179550502
16.97702764299316 -0.9548232298017234
17.10278340331163 -0.9845561068623282
17.228539163630096 -0.9987392191665324
17.354294923948565 -0.9971485631676557
17.48005068426703 -0.9798092611786047
17.605806444585497 -0.9469951645980869
17.73156220490397 -0.8992245287890634
17.857317965222435 -0.8372518279190522
17.9830737255409 -0.7620558390360326
18.10882948585937 -0.6748241835763082
18.234585246177836 -0.576934570450789
18.360341006496306 -0.4699330369503736
18.486096766814775 -0.35550953112668776
18.61185252713324 -0.2354712212921953
18.73760828745171 -0.11171395418093773
18.863364047770176 0.013807687449364161
18.989119808088645 0.13911125487326223
19.114875568407115 0.2622177435596767
19.24063132872558 0.38118284893752113
19.36638708904405 0.4941276741212391
19.492142849362516 0.5992684046082088
19.617898609680985 0.6949444812754031
19.743654369999454 0.779644826719895
19.86941013031792 0.8520317107328425
19.99516589063639 0.9109618779832385
20.120921650954855 0.9555046042275225
20.246677411273325 0.9849563958710914
20.37243317159179 0.9988521007214787
20.49818893191026 0.9969722544535522
20.62394469222873 0.9793465467589811
20.749700452547195 0.9462533524367299
20.875456212865664 0.8982153348303704
21.00121197318413 0.8359911910501426
21.1269677335026 0.7605636693530563
21.25272349382107 0.67312404793075
21.378479254139535 0.5750533202421354
21.504235014458004 0.4679003840436861
21.62999077477647 0.3533575785928969
21.75574653509494 0.23323395638243655
21.88150229541341 0.10942671154277996
22.007258055731874 -0.0161087838360723
22.133013816050344 -0.14138986222699135
22.25876957636881 -0.2644378742834995
22.38452533668728 -0.38330943899574016
22.51028109700575 -0.49612713682954906
22.636036857324214 -0.6011091610910773
22.761792617642683 -0.6965974592127429
22.887548377961146 -0.7810839195059998
23.013304138279615 -0.8532341897957968
23.139059898598088 -0.9119087517527052
23.26481565891655 -0.9561809180815464
23.39057141923502 -0.9853514683246287
23.516327179553485 -0.9989596921263556
23.642082939871955 -0.9967906655454768
23.767838700190424 -0.9788786454951814
23.89359446050889 -0.9455065287003527
24.01935022082736 -0.8972013837170272
24.14510598114583 -0.8347261265799334
24.270861741464294 -0.7590674715502582
24.396617501782764 -0.6714203472656821
24.52237326210123 -0.5731690244190641
24.6481290224197 -0.4658652530291344
24.77388478273817 -0.35120375459623293
24.899640543056634 -0.23099545621209597
25.025396303375103 -0.10713888935563619
25.15115206369357 0.01840979490695899
25.27690782401204 0.14366772074754242
25.402663584330508 0.2666566044836266
25.528419344648974 0.3854339989591562
25.654175104967443 0.49812397193462477
25.77993086528591 0.6029467339618065
25.90568662560438 0.698246747809992
26.031442385922848 0.7825188754923307
26.157198146241313 0.8544321499345747
26.282953906559783 0.9128507958440403
26.40870966687825 0.9568521677818828
26.534465427196718 0.9857413221305462
26.660221187515187 0.9990619928113345
26.785976947833653 0.9966037974051657
26.911732708152122 0.9784055598653164
27.03748846847059 0.9447546973443028
27.163244228789058 0.8961826808191499
27.288999989107527 0.8334566412084983
27.414755749425993 0.757567253551841
27.540511509744462 0.6697130906042893
27.666267270062924 0.5712816929612355
27.792023030381397 0.4638276546852333
27.917778790699867 0.34904807054384557
28.04353455101833 0.22875573263678098
28.169290311336802 0.10485049973633095
28.295046071655264 -0.020710708475344827
28.420801831973733 -0.14594481837085724
28.546557592292206 -0.26887392240915
28.67231335261067 -0.38755651757561527
28.798069112929138 -0.5001181688607721
28.923824873247604 -0.6047811134881915
29.049580633566073 -0.6998923383321419
29.175336393884542 -0.7839496870790204
29.30109215420301 -0.8556255848045008
29.426847914521478 -0.913788005267963
29.552603674839943 -0.9575183497734371
29.678359435158413 -0.9861259552240875
29.804115195476882 -0.999159002234607
29.929870955795348 -0.996411651022316
30.055626716113817 -0.9779272923749578
30.181382476432283 -0.9439978623504542
30.307138236750752 -0.8951592315320263
30.432893997069222 -0.8321827416593255
30.558649757387688 -0.7560630233033079
30.684405517706157 -0.6680022869886001
30.810161278024623 -0.5693913358643875
30.935917038343092 -0.4617875998035778
31.06167279866156 -0.3468905378527358
31.187428558980027 -0.22651479751857845
31.313184319298497 -0.10256155480470817
31.438940079616962 0.023011512355066797
31.564695839935432 0.14822114303690742
31.6904516002539 0.27108981631664136
31.816207360572367 0.38967698360377456
31.941963120890836 0.5021097170462693
32.0677188812093 0.6066122899549401
32.19347464152777 0.7015342220637701
32.31923040184624 0.7853763466881687
32.4449861621647 0.8568144880848715
32.57074192248317 0.9147203750607972
32.69649768280164 0.9581794605279585
32.82225344312011 0.9865053655681485
32.94800920343858 0.9992507198823893
33.07376496375704 0.9962142274145789
33.19952072407551 0.9774438455571192
33.32527648439398 0.9432360277271764
33.45103224471245 0.8941310412760755
33.57678800503092 0.8309044346792753
33.70254376534938 0.7545547887714057
33.82829952566785 0.6662879454794206
33.95405528598632 0.5674979631402882
34.07981104630479 0.45974509918876066
34.20556680662326 0.3447311679496856
34.33132256694172 0.2242726627260022
34.45707832726019 0.10027206668354226
34.58283408757866 -0.025312194360535716
34.70858984789713 -0.1504966826897514
34.8343456082156 -0.2733042744702247
34.96010136853406 -0.39179538581315265
35.08585712885253 -0.5040986059434137
35.21161288917099 -0.6084402536637126
35.33736864948947 -0.7031723903090806
35.46312440980794 -0.7867988467638566
35.5888801701264 -0.8579988534789841
35.71463593044487 -0.9156479002844997
35.84039169076333 -0.9588354965440498
35.9661474510818 -0.9868795511532831
36.09190321140028 -0.9993371452689236
36.21765897171874 -0.9960115276275547
36.34341473203721 -0.9769552219722453
36.46917049235567 -0.9424691975093239
36.59492625267414 -0.893098115496834
36.72068201299261 -0.8296217270385612
36.84643777331108 -0.7530425579440883
36.97219353362955 -0.6645700751562944
37.09794929394801 -0.5656015848166802
37.22370505426648 -0.4577001636583436
37.34946081458495 -0.3425699722712237
37.47521657490342 -0.222029340133906
37.60097233522189 -0.09798204749848441
37.72672809554035 0.027612742306804324
37.85248385585882 0.15277142527760162
37.97823961617729 0.2755172851416109
38.10399537649576 0.39391171298421157
38.22975113681423 0.5060848250185993
38.35550689713269 0.6102649949332047
38.48126265745116 0.7048068343919534
38.60701841776963 0.7882171797721926
38.7327741780881 0.8591786747141656
38.85852993840657 0.9165705760266827
38.98428569872503 0.9594864543471975
39.1100414590435 0.987248509997721
39.23579721936197 0.999418277936481
39.36155297968044 0.9958035527347884
39.48730873999891 0.9764614242081995
39.61306450031737 0.941697375758201
39.73882026063584 0.8920604596649077
39.86457602095431 0.8283346255306892
39.99033178127278 0.7515263388304798
40.11608754159125 0.66284868511746
40.24184330190971 0.5637022109372067
40.36759906222818 0.45565280404276204
40.49335482254665 0.34040696226352535
40.61911058286512 0.2197848416234448
40.74486634318358 0.09569150937801267
40.87062210350205 -0.029913144009656684
40.99637786382052 -0.15504535875291314
41.12213362413899 -0.2777288366102009
41.24788938445746 -0.39602595390839335
41.37364514477592 -0.5080683637523445
41.49940090509439 -0.6120865040991624
41.62515666541286 -0.7064375456560071
41.75091242573133 -0.7896313382013684
41.8766681860498 -0.860353945541812
42.00242394636826 -0.9174883974006406
42.12817970668673 -0.9601323304897775
42.2539354670052 -0.9876122401473701
42.37969122732367 -0.9994941174553645
42.50544698764214 -0.9955903038377628
42.6312027479606 -0.9759624548802497
42.75695850827907 -0.9409205665615552
42.88271426859754 -0.891018079275963
43.00847002891601 -0.8270431369724485
43.13422578923448 -0.7500061394608246
43.25998154955294 -0.6611237844797992
43.38573730987141 -0.5617998515613938
43.51149307018988 -0.453603031185309
43.63724883050835 -0.33824214938239483
43.76300459082682 -0.21753917908199813
43.88876035114528 -0.0934004644533287
44.01451611146375 0.032213387285630085
44.14027187178222 0.1573184710724051
44.26602763210069 0.2799389171631036
44.39178339241916 0.3981380973881927
44.51753915273762 0.5100492116393851
44.64329491305609 0.6139047715144546
44.76905067337456 0.7080645154646157
44.89480643369303 0.7910413145616717
45.0205621940115 0.8615246597374189
45.14631795432995 0.9184013595453836
45.27207371464843 0.9607731215510817
45.3978294749669 0.9879707396758323
45.52358523528537 0.9995646634239107
45.649340995603836 0.995371782065893
45.77509675592229 0.9754583166310505
45.90085251624076 0.9401387740335488
46.02660827655923 0.8899709798506893
46.15236403687771 0.825747268203859
46.278119797196176 0.7484819678864478
46.40387555751463 0.659395382378777
46.5296313178331 0.5598945167645794
46.65538707815157 0.45155085594205835
46.78114283847004 0.3360755450931849
46.90689859878851 0.21529236440311733
47.03265435910697 0.0911089248583466
47.15841011942544 -0.03451345995210088
47.28416587974391 -0.15959075019714575
47.40992164006238 -0.2821475150952181
47.53567740038085 -0.4002481322372063
47.66143316069931 -0.5120273581886836
47.78718892101778 -0.615719787549114
47.91294468133625 -0.7096877352009684
48.03870044165472 -0.7924471013855396
48.16445620197319 -0.8626908111006116
48.29021196229166 -0.9193094576256602
48.41596772261012 -0.9614088241373314
48.54172348292859 -0.9883240066844104
48.66747924324706 -0.9996299154684916
48.79323500356553 -0.9951479885765212
48.918990763884 -0.9749490121306307
49.04474652420246 -0.9393520023147298
49.17050228452093 -0.8889191669347589
49.2962580448394 -0.8244470260881434
49.42201380515787 -0.7469538321797167
49.54776956547634 -0.6576634879683968
49.6735253257948 -0.5579862166378422
49.79928108611327 -0.44949628918178886
49.92503684643174 -0.333907160870716
50.05079260675021 -0.21304440948643497
50.176548367068676 -0.088816902729565
50.30230412738714 0.03681334982737033
50.42805988770561 0.1618621840926371
50.55381564802408 0.2843546187093163
50.67957140834255 0.402356047280218
50.805327168661016 0.51400279292354
50.93108292897948 0.6175315425904103
51.05683868929795 0.7113071962681308
51.18259444961642 0.7938486912276111
51.308350209934886 0.863852393455192
51.434105970253356 0.920212686831966
51.55986173057182 0.9620394348817036
51.68561749089029 0.9886720393021236
51.81137325120876 0.9996898732435177
51.937129011527226 0.9949189245549076
52.062884771845695 0.9744345440763885
52.18864053216416 0.9385602555720242
52.31439629248263 0.8878626460988179
52.440152052801096 0.8231424175116742
52.565907813119566 0.7454217404339794
52.691663573438035 0.6559281104211852
52.8174193337565 0.556074961287984
52.94317509407497 0.44743934178596406
53.068930854393436 0.33173700819925545
53.194686614711905 0.21079532623764333
53.320442375030375 0.08652441020608058
53.44619813534884 -0.039113044730686455
53.571953895667306 -0.16413276072883676
53.697709655985776 -0.28656021631606376
53.823465416304245 -0.4044618313532194
53.949221176622714 -0.51597550538158
54.07497693694118 -0.6193400270428671
54.200732697259646 -0.7129228900890603
54.326488457578115 -0.7952460766647402
54.452244217896585 -0.8650094006491498
54.577999978215054 -0.9211110423805945
54.703755738533516 -0.9626649504443372
54.829511498851986 -0.98901483568571
54.955267259170455 -0.9997445364314387
55.081023019488924 -0.9946845912142287
55.206778779807394 -0.9739149151930634
55.33253454012585 -0.9377635379987068
55.458290300444325 -0.8868014229384432
55.584046060762795 -0.8218334493839622
55.709801821081264 -0.7438857007635502
55.83555758139973 -0.6541892589280947
55.96131334171819 -0.5541607608374576
56.08706910203666 -0.4453800246486561
56.212824862355134 -0.32956509857243016
56.338580622673604 -0.20854512656840374
56.46433638299207 -0.08423145942945305
56.59009214331053 0.04141253248232994
56.715847903629 0.16640246808024242
56.84160366394747 0.2887642962341025
56.967359424265936 0.4065654733034879
57.09311518458441 0.5179454851148716
57.21887094490287 0.6211452313283299
57.34462670522134 0.7145348081066664
57.47038246553981 0.7966392502960484
57.596138225858276 0.8661618265547053
57.721893986176745 0.9220045195136458
57.84764974649521 0.9632853675123562
57.97340550681368 0.9893523940196403
58.099161267132146 0.9997939047427457
58.224917027450616 0.9944449897955683
58.350672787769085 0.9733901282327307
58.47642854808755 0.9369618538143724
58.60218430840602 0.8857355030741196
58.727940068724486 0.820520128637607
58.853695829042955 0.7423457213036527
58.979451589361425 0.6524469426984874
59.10520734967989 0.5522436254242964
59.230963109998356 0.4433183486764686
59.356718870316826 0.32739144349317895
59.482474630635295 0.20629382239629726
59.608230390953764 0.08193806254368328
59.73398615127223 -0.04371180090369987
59.859741911590696 -0.1686712941259769
59.985497671909165 -0.2909668467901326
60.111253432227635 -0.4086669619896658
60.237009192546104 -0.5199127216899437
60.362764952864566 -0.6229471458860336
60.488520713183036 -0.7161429417838711
60.614276473501505 -0.7980282047429771
60.740032233819974 -0.8673096650683536
60.865787994138444 -0.9228931134990652
60.991543754456906 -0.963900682799893
61.117299514775375 -0.9896847125161301
61.243055275093845 -0.9998379779159732
61.368811035412314 -0.9942001215679092
61.49456679573078 -0.9728601859747796
61.620322556049246 -0.9361552072649264
61.746078316367715 -0.8846648921511968
61.871834076686184 -0.819202462228249
61.997589837004654 -0.7408018102103624
62.12334559732312 -0.6507011709600595
62.249101357641585 -0.5503235652020956
62.374857117960055 -0.4412543247885172
62.500612878278524 -0.3252160544736647
62.62636863859699 -0.2040414256447338
62.75212439891546 -0.07964423169511362
