0.0 0.0
0.10091638108365045 0.10074517759666021
0.2018327621673009 0.20046522506801845
0.30274914325095137 0.29814544347564315
0.4036655243346018 0.39279189011255294
0.5045819054182522 0.4834414923432643
0.6054982865019027 0.5691718473261704
0.7064146675855532 0.6491106079014134
0.8073310486692036 0.7224443591383743
0.908247429752854 0.7884268952196852
1.0091638108365044 0.8463868124405296
1.110080191920155 0.8957343410608515
1.2109965730038055 0.9359673464931231
1.311912954087456 0.9666764387607324
1.4128293351711063 0.9875491382358186
1.5137457162547565 0.9983730552681895
1.6146620973384072 0.9990380513510864
1.7155784784220578 0.989537359832903
1.816494859505708 0.9699676547710866
1.9174112405893586 0.9405280672275966
2.018327621673009 0.9015181590155867
2.1192440027566595 0.8533348745153968
2.22016038384031 0.7964685015765846
2.3210767649239603 0.7314976826057338
2.421993146007611 0.6590835266045991
2.522909527091261 0.5799628820714019
2.623825908174912 0.4949408392167022
2.724742289258562 0.4048825377873781
2.8256586703422126 0.3107043638579894
2.9265750514258633 0.21336462516637655
3.027491432509513 0.11385379987638167
3.1284078135931637 0.013184457991173203
3.2293241946768143 -0.08761904202839918
3.330240575760465 -0.18753097659862553
3.4311569568441156 -0.28553469423852684
3.5320733379277653 -0.3806329604824837
3.632989719011416 -0.4718581052154976
3.7339061000950666 -0.5582818691771072
3.8348224811787173 -0.6390248494411125
3.9357388622623675 -0.7132654477588439
4.036655243346018 -0.7802482307123306
4.137571624429668 -0.8392916166088286
4.238488005513319 -0.8897948108988982
4.339404386596969 -0.9312439195468566
4.44032076768062 -0.963217178147146
4.54123714876427 -0.98538924357787
4.642153529847921 -0.997534504521888
4.743069910931571 -0.9995293771693303
4.843986292015222 -0.9913535627416765
4.944902673098872 -0.9730902540414867
5.045819054182522 -0.9449252889260448
5.146735435266173 -0.907145259318723
5.247651816349824 -0.8601345949997767
5.348568197433474 -0.8043716518503853
5.449484578517124 -0.7404238443539184
5.550400959600775 -0.6689418718835408
5.651317340684425 -0.590653097526435
5.752233721768075 -0.5063541468182452
5.8531501028517265 -0.41690280169914584
5.954066483935376 -0.3232092721744021
6.054982865019026 -0.2262269344943994
6.155899246102678 -0.12694263009760184
6.256815627186327 -0.026366624029296636
6.357732008269979 0.0744776749860252
6.458648389353629 0.17456412821545272
6.559564770437278 0.2728743083676003
6.66048115152093 0.36840786257494756
6.76139753260458 0.460192691460316
6.862313913688231 0.5472948407106519
6.963230294771881 0.6288280045066053
7.064146675855531 0.7039625441060332
7.165063056939182 0.77193392981301
7.265979438022832 0.8320505204313094
7.366895819106483 0.8837006010427263
7.467812200190133 0.9263586074974702
7.568728581273783 0.9595904742795003
7.6696449623574345 0.9830580513297179
7.770561343441084 0.9965225448837365
7.871477724524735 0.9998469473120756
7.972394105608386 0.9929974312379889
8.073310486692035 0.9760436937471216
8.174226867775685 0.949158247186496
8.275143248859337 0.9126146637692827
8.376059629942988 0.8667847918473454
8.476976011026638 0.8121349721773017
8.577892392110288 0.7492212926813975
8.678808773193937 0.6786839299882655
8.779725154277589 0.6012406353310759
8.88064153536124 0.5176794310871744
8.98155791644489 0.42885059227538164
9.08247429752854 0.33565799460303913
9.18339067861219 0.23904991710054915
9.284307059695841 0.14000939293096418
9.385223440779491 0.039544206559747885
9.486139821863143 -0.06132336093176418
9.587056202946792 -0.1615669340428427
9.687972584030444 -0.2601664867125367
9.788888965114094 -0.3561187215702463
9.889805346197743 -0.44844727896393616
9.990721727281395 -0.5362126718842258
10.091638108365045 -0.6185218456917948
10.192554489448696 -0.6945372653733407
10.293470870532346 -0.7634854378588997
10.394387251615996 -0.8246647826819378
10.495303632699647 -0.8774527708944655
10.596220013783297 -0.921312259595335
10.697136394866948 -0.955796957614884
10.798052775950598 -0.9805559667399649
10.898969157034248 -0.9953373522702559
10.999885538117898 -0.9999907065737266
11.10080191920155 -0.9944686795558711
11.2017183002852 -0.9788274604694532
11.30263468136885 -0.9532262061621208
11.4035510624525 -0.9179254215797383
11.50446744353615 -0.8732843090045935
11.605383824619802 -0.8197571130012341
11.706300205703453 -0.7578884982618573
11.807216586787103 -0.6883080073838679
11.908132967870753 -0.6117236549743548
12.009049348954402 -0.5289147232645334
12.109965730038052 -0.44072383254219255
12.210882111121705 -0.34804836708927067
12.311798492205355 -0.25183134386974787
12.412714873289005 -0.15305181688324854
12.513631254372655 -0.05271491482468999
12.614547635456304 0.048158386578518765
12.715464016539958 0.14854165348037526
12.816380397623607 0.24741343836911847
12.917296778707257 0.3437676737817751
13.018213159790907 0.4366239095193548
13.119129540874557 0.5250372891942117
13.22004592195821 0.6081081645934354
13.32096230304186 0.6849912500275364
13.42187868412551 0.754904223514614
13.52279506520916 0.8171356872788065
13.623711446292809 0.8710524065612085
13.724627827376462 0.9161057530848917
13.825544208460112 0.9518372876087015
13.926460589543762 0.9778834247647095
14.027376970627412 0.9939791327123523
14.128293351711061 0.9999606299635345
14.229209732794713 0.9957670519372123
14.330126113878364 0.9814410702854699
14.431042494962014 0.9571284586891536
14.531958876045664 0.923076609541296
14.632875257129314 0.8796320166117871
14.733791638212965 0.827236749308373
14.834708019296617 0.7664239544100596
14.935624400380267 0.6978124310449182
15.036540781463916 0.6221003341144764
15.137457162547566 0.5400580702353556
15.238373543631218 0.4525204584853187
15.339289924714869 0.36037823572187927
15.440206305798519 0.2645689929108842
15.541122686882169 0.16606763469224559
15.642039067965818 0.06587645926129106
15.74295544904947 -0.03498504049235737
15.84387183013312 -0.13549055081009068
15.944788211216771 -0.23461738029522788
16.04570459230042 -0.33135686628464806
16.14662097338407 -0.4247246384714086
16.247537354467724 -0.513770635341063
16.34845373555137 -0.5975887714996782
16.449370116635023 -0.6753261575239439
16.550286497718673 -0.746191778516893
16.651202878802323 -0.8094645430609427
16.752119259885976 -0.8645006206662135
16.853035640969622 -0.9107399930521475
16.953952022053276 -0.9477121526000377
17.054868403136926 -0.9750408899919337
17.155784784220575 -0.9924481223195007
17.25670116530423 -0.9997567227099416
17.357617546387875 -0.9968923226762201
17.458533927471528 -0.9838840688518077
17.559450308555178 -0.9608643264098194
17.660366689638828 -0.9280673321843835
17.76128307072248 -0.8858268111993844
17.862199451806127 -0.8345725808575374
17.96311583288978 -0.7748261773437524
18.06403221397343 -0.7071955487462869
18.16494859505708 -0.6323688688956116
18.26586497614073 -0.5511075348682039
18.36678135722438 -0.4642384194089528
18.467697738308033 -0.3726454571074803
18.568614119391682 -0.27726064994305183
18.669530500475332 -0.17905458372089111
18.770446881558982 -0.07902655189973604
18.87136326264263 0.02180561269465704
18.972279643726285 0.12241589480289183
19.073196024809935 0.22178053692544894
19.174112405893585 0.318888456542457
19.275028786977234 0.41275153435947837
19.375945168060888 0.5024146688915695
19.476861549144537 0.5869654950753972
19.577777930228187 0.6655436680179593
19.678694311311837 0.7373496174152844
19.779610692395487 0.8016526835607828
19.88052707347914 0.8577985521554737
19.98144345456279 0.9052159122673492
20.08235983564644 0.943422269691998
20.18327621673009 0.9720288565607401
20.28419259781374 0.9907445872387013
20.385108978897392 0.9993790202596725
20.486025359981042 0.997844296158656
20.58694174106469 0.9861560314837343
20.68785812214834 0.9644331598902603
20.78877450323199 0.9328967219343163
20.889690884315645 0.8918676158798627
20.990607265399294 0.8417633324061987
21.091523646482944 0.7830937064416126
21.192440027566594 0.7164557293503687
21.293356408650244 0.6425274742614752
21.394272789733897 0.5620611963519065
21.495189170817543 0.4758756782922058
21.596105551901196 0.3848478987431308
21.697021932984846 0.28990410868048155
21.797938314068496 0.1920104063505971
21.89885469515215 0.09216290676095823
21.999771076235795 -0.00862239426403666
22.10068745731945 -0.10931995832412221
22.2016038384031 -0.20890513978437913
22.30252021948675 -0.3063646120322232
22.4034366005704 -0.4007066785579024
22.504352981654048 -0.4909713639384053
22.6052693627377 -0.5762401820442654
22.70618574382135 -0.6556454820729788
22.807102124905 -0.728379277308857
22.908018505988654 -0.7937014667723562
23.0089348870723 -0.8509473660997395
23.109851268155953 -0.8995344710228165
23.210767649239603 -0.9389683846270483
23.311684030323253 -0.9688478480754523
23.412600411406906 -0.9888688236082125
23.513516792490552 -0.998827588271572
23.614433173574206 -0.9986228068958426
23.715349554657855 -0.9882565632289741
23.816265935741505 -0.9678343387334314
23.91718231682516 -0.9375639392621132
24.018098697908805 -0.8977533805349144
24.119015078992458 -0.8488077539321803
24.219931460076104 -0.7912251044971569
24.320847841159758 -0.7255913630906349
24.42176422224341 -0.6525743842656319
24.522680603327057 -0.5729171505294824
24.62359698441071 -0.48743021214323184
24.724513365494357 -0.3969834393870401
24.82542974657801 -0.3024971712160745
24.926346127661663 -0.20493285037370707
25.02726250874531 -0.1052832402540457
25.128178889828963 -0.0045623230619343015
25.22909527091261 0.09620501793847253
25.330011651996262 0.19599342709870654
25.430928033079915 0.29378750986761226
25.53184441416356 0.38859216491413934
25.632760795247215 0.4794427097569603
25.73367717633086 0.5654146968677516
25.834593557414514 0.6456333203647767
25.935509938498168 0.7192823175789985
26.036426319581814 0.7856122749152045
26.137342700665467 0.843948253491986
26.238259081749113 0.8936966569660196
26.339175462832767 0.9343512716573772
26.44009184391642 0.9654984175145939
26.541008225000066 0.9868211575060692
26.64192460608372 0.9981025226051919
26.742840987167366 0.9992277195534292
26.84375736825102 0.9901852989363666
26.944673749334672 0.9710672716869473
27.04559013041832 0.9420681728304447
27.146506511501972 0.9034830819979957
27.247422892585618 0.8557046208509439
27.34833927366927 0.799218957968572
27.449255654752925 0.7346008618514678
27.55017203583657 0.6625078523784989
27.651088416920224 0.5836735102291224
27.75200479800387 0.4989000123509076
27.852921179087524 0.40904996942730487
27.953837560171173 0.3150376484034809
28.054753941254823 0.21781966938503156
28.155670322338477 0.11838527157317616
28.256586703422123 0.017746247285134624
28.357503084505776 -0.08307335351423727
28.458419465589426 -0.18304764340812235
28.559335846673076 -0.2811593364204529
28.66025222775673 -0.3764100993848151
28.761168608840375 -0.4678307104594979
28.86208498992403 -0.5544909214210072
28.963001371007678 -0.6355089233823878
29.063917752091328 -0.7100603196183238
29.16483413317498 -0.7773865141941241
29.265750514258627 -0.8368024310403552
29.36666689534228 -0.8877034849278911
29.46758327642593 -0.9295717334103025
29.56849965750958 -0.9619811471347547
29.669416038593234 -0.984601944893404
29.77033241967688 -0.9972039493041251
29.871248800760533 -0.9996589289749187
29.972165181844183 -0.9919419033193424
30.073081562927833 -0.9741313967458691
30.173997944011486 -0.9464086396346599
30.274914325095132 -0.909055724232207
30.375830706178785 -0.8624527342284678
30.476747087262435 -0.8070738772244623
30.577663468346085 -0.7434826594442474
30.678579849429738 -0.6723261517909275
30.779496230513384 -0.5943284055922944
30.880412611597038 -0.5102830850339718
30.981328992680687 -0.421045391248671
31.082245373764337 -0.327523360237656
31.183161754847987 -0.23066862317232278
31.284078135931637 -0.13146672309415952
31.38499451701529 -0.030927086545289213
31.48591089809894 0.06992724782695457
31.58682727918259 0.1700700391751356
31.68774366026624 0.2684822869406976
31.78866004134989 0.3641625996695794
31.889576422433542 0.45613738464681214
31.990492803517192 0.5434707546657002
32.09140918460084 0.6252740511255449
32.19232556568449 0.7007148865557945
32.29324194676814 0.7690256145546814
32.39415832785179 0.8295111409566733
32.49507470893545 0.8815559967463962
32.5959910900191 0.9246306007487453
32.69690747110274 0.958296648369382
32.79782385218639 0.9822115715525582
32.89874023327005 0.9961320245740973
32.9996566143537 0.9999163601999496
33.100572995437346 0.9935260710142093
33.201489376520996 0.9770261812503931
33.302405757604646 0.9505845851389201
33.403322138688296 0.9144703385034196
33.50423851977195 0.8690509209896818
33.6051549008556 0.8147884967853966
33.706071281939245 0.752235211879592
33.806987663022895 0.6820275757144307
33.90790404410655 0.6048799843987486
34.0088204251902 0.5215774513876796
34.10973680627385 0.4329676195971458
34.2106531873575 0.33995213623382614
34.31156956844115 0.24347747810574225
34.4124859495248 0.14452532077032143
34.51340233060846 0.04410254951842651
34.61431871169211 -0.056768986162613166
34.71523509277575 -0.157062870393855
34.8161514738594 -0.2557585651747686
34.917067854943056 -0.35185179484302276
35.017984236026706 -0.444364765057272
35.118900617110356 -0.5323561123199325
35.219816998194005 -0.6149304827987248
35.320733379277655 -0.6912476429780102
35.421649760361305 -0.7605310294346692
35.52256614144496 -0.8220756507404904
35.62348252252861 -0.8752552610854326
35.724398903612254 -0.9195287326267867
35.825315284695904 -0.9544455617224843
35.92623166577956 -0.979650453020032
36.02714804686321 -0.9948869347558097
36.12806442794686 -0.999999968477324
36.22898080903051 -0.9949375266332356
36.32989719011416 -0.9797511219784552
36.43081357119781 -0.9545952834073478
36.53172995228146 -0.9197259835486952
36.632646333365116 -0.8754980341223797
36.73356271444876 -0.8223614755613023
36.83447909553241 -0.7608569976357754
36.935395476616065 -0.6916104376778314
37.036311857699715 -0.6153264123885458
37.137228238783365 -0.5327811480277594
37.238144619867015 -0.444814581942509
37.339061000950664 -0.3523218158048008
37.439977382034314 -0.25624400752613197
37.540893763117964 -0.1575587945278565
37.64181014420162 -0.05727034581517162
37.74272652528526 0.04360085592034498
37.84364290636891 0.1440283981978265
37.94455928745257 0.24299038298250175
38.04547566853622 0.3394798249845139
38.14639204961987 0.4325148982134901
38.24730843070352 0.5211489265252031
38.34822481178717 0.6044800165018559
38.44914119287082 0.6816602346468071
38.55005757395447 0.7519042355114185
38.650973955038125 0.814497252958735
38.751890336121775 0.868802373249058
38.85280671720542 0.9142670159403691
38.953723098289075 0.9504285566572894
39.054639479372725 0.9769190345142319
39.155555860456374 0.9934688962925479
39.256472241540024 0.9999097392727893
39.357388622623674 0.996176024812523
39.45830500370732 0.9823057452332059
39.55922138479097 0.9584400372302346
39.66013776587463 0.9248217457399014
39.76105414695828 0.8817929528766116
39.86197052804192 0.8297914970845669
39.96288690912558 0.7693465179232228
40.06380329020923 0.7010730718204994
40.16471967129288 0.6256658735808893
40.26563605237653 0.5438922273317379
40.36655243346018 0.45658421883859335
40.46746881454383 0.3646302486365637
40.56838519562748 0.2689659921320949
40.669301576711135 0.17056487866042783
40.770217957794785 0.07042818637889832
40.87113433887843 -0.03042514621484269
40.972050719962084 -0.1309688884669497
41.072967101045734 -0.23017995995259066
41.17388348212938 -0.3270488408062105
41.27479986321303 -0.4205898440665444
41.37571624429668 -0.509851145510531
41.47663262538033 -0.5939244689177415
41.57754900646398 -0.6719543282131599
41.67846538754764 -0.7431467324451142
41.77938176863129 -0.8067772650210401
41.88029814971493 -0.8621984549910764
41.98121453079859 -0.9088463653731006
42.08213091188224 -0.9462463314798605
42.18304729296589 -0.9740177908580894
42.28396367404954 -0.9918781556925553
42.38488005513319 -0.9996456882715635
42.48579643621684 -0.9972413502546597
42.58671281730049 -0.9846896069253576
42.687629198384144 -0.9621181782452343
42.788545579467794 -0.9297567392425483
42.88946196055144 -0.8879345829595215
42.990378341635086 -0.8370772697389215
43.09129472271874 -0.7777022969450678
43.19221110380239 -0.7104138331818859
43.29312748488604 -0.6358965705898244
43.39404386596969 -0.5549087577775066
43.49496024705334 -0.4682744842812933
43.59587662813699 -0.37687529506207756
43.69679300922065 -0.28164122036578565
43.7977093903043 -0.18354131222306302
43.89862577138794 -0.08357378388367064
43.99954215247159 0.017244147478368964
44.10045853355525 0.11788661143356863
44.2013749146389 0.2173295230167941
44.30229129572255 0.31456100327916786
44.4032076768062 0.40859167563788495
44.50412405788985 0.4984647332537809
44.6050404389735 0.5832656749962517
44.70595682005715 0.6621316109274614
44.8068732011408 0.7342600426180756
44.907789582224446 0.7989170289507069
45.008705963308095 0.8554446543200521
45.10962234439175 0.9032677232372502
45.2105387254754 0.9418996132177159
45.31145510655905 0.9709472263965119
45.4123714876427 0.9901149894861813
45.51328786872635 0.9992078613756094
45.61420424981 0.9981333177661478
45.71512063089365 0.9869022926503832
45.81603701197731 0.9656290670535586
45.91695339306095 0.9345301061697648
46.0178697741446 0.8939218567255605
46.11878615522826 0.8442175269839504
46.21970253631191 0.785922882153675
46.32061891739556 0.7196310979875057
46.421535298479206 0.6460167249366889
46.522451679562856 0.5658288242790931
46.623368060646506 0.4798833460642374
46.724284441730155 0.3890548264332388
46.82520082281381 0.2942674887973897
46.926117203897455 0.19648583942515624
47.027033584981105 0.09670485313183393
47.12794996606476 -0.004060151062632541
47.22886634714841 -0.10478384128785914
47.32978272823206 -0.20444130606278085
47.43069910931571 -0.3020184832576846
47.53161549039936 -0.39652247865896445
47.63253187148301 -0.48699166914024994
47.73344825256666 -0.5725054876353401
47.83436463365032 -0.6521937903461931
47.93528101473396 -0.7252457108701332
48.03619739581761 -0.790917911151433
48.137113776901266 -0.8485421452997242
48.238030157984916 -0.8975320593099526
48.338946539068566 -0.9373891574934368
48.43986292015221 -0.9677078749087086
48.540779301235865 -0.9881797041778086
48.641695682319515 -0.9985963346956543
48.742612063403165 -0.9988517722895961
48.84352844448682 -0.988943417760555
48.944444825570464 -0.9689720933311182
49.045361206654114 -0.9391410167314328
49.14627758773777 -0.8997537333621011
49.24719396882142 -0.8512110275752826
49.34811034990507 -0.7940068445031672
49.44902673098871 -0.7287232639312092
49.54994311207237 -0.6560245773592792
49.65085949315602 -0.5766505285195747
49.75177587423967 -0.49140878613206185
49.852692255323326 -0.40116672549090987
49.95360863640697 -0.30684260250812767
50.05452501749062 -0.20939621002260927
50.155441398574276 -0.1098191114513034
50.256357779657925 -0.009124551159570135
50.357274160741575 0.0916628557824612
