0.0 0.0
0.07839050982556278 0.07831024860184846
0.15678101965112556 0.1561395214635388
0.23517152947668835 0.23300979696224425
0.3135620393022511 0.3084489435658313
0.39195254912781385 0.381993619629721
0.4703430589533767 0.4531921192069134
0.5487335687789394 0.5216071463924188
0.6271240786045023 0.5868185011622815
0.705514588430065 0.6484256602109683
0.7839050982556277 0.7060502369358115
0.8622956080811905 0.7593383054594663
0.9406861179067534 0.8079625744164044
1.019076627732316 0.8516243971522122
1.0974671375578788 0.8900556059891984
1.1758576473834417 0.9230201592923846
1.2542481572090045 0.950315591219725
1.3326386670345673 0.9717742552522954
1.41102917686013 0.9872643538667814
1.4894196866856928 0.9966907480260931
1.5678101965112554 0.9999955415162776
1.6462007063368183 0.9971584365407703
1.724591216162381 0.9881968583879578
1.802981725987944 0.9731658484063479
1.8813722358135068 0.9521577259446888
1.9597627456390692 0.9253015213333747
2.038153255464632 0.8927621833897234
2.116543765290195 0.8547395663145724
2.1949342751157577 0.8114672022025963
2.2733247849413205 0.7632108667054976
2.3517152947668833 0.7102669466576618
2.430105804592446 0.6529606196901976
2.508496314418009 0.5916438570140387
2.586886824243572 0.5266932616388654
2.6652773340691347 0.4585077553053444
2.743667843894697 0.38750612833737813
2.82205835372026 0.3141244674629876
2.9004488635458228 0.23881347740196718
2.9788393733713856 0.16203571267091413
3.0572298831969484 0.08426273660768678
3.135620393022511 0.00597222506435064
3.214010902848074 -0.07235496744248736
3.2924014126736365 -0.15023776110445927
3.370791922499199 -0.22719780557795255
3.449182432324762 -0.30276241797644776
3.5275729421503246 -0.37646748605375535
3.605963451975888 -0.4478603187470236
3.6843539618014503 -0.5165024265716724
3.7627444716270135 -0.5819722147913002
3.841134981452576 -0.6438675728212865
3.9195254912781383 -0.7018083439621919
3.9979160011037016 -0.7554386602940143
4.076306510929264 -0.8044291283905644
4.154697020754828 -0.8484788524294685
4.23308753058039 -0.8873172822719929
4.3114780404059525 -0.9207058751619405
4.389868550231515 -0.9484395608375658
4.468259060057078 -0.9703480010579195
4.546649569882641 -0.986296635807693
4.625040079708204 -0.9961875097548544
4.703430589533767 -0.9999598738850348
4.7818210993593295 -0.9975905586174698
4.860211609184892 -0.9890941161108466
4.938602119010455 -0.9745227308850244
5.016992628836018 -0.9539658993075826
5.09538313866158 -0.9275498799137681
5.173773648487144 -0.8954369179359325
5.252164158312706 -0.8578242488053484
5.330554668138269 -0.814942886746811
5.408945177963831 -0.7670562059064058
5.487335687789394 -0.7144583227270251
5.565726197614957 -0.6574722895069913
5.64411670744052 -0.5964481102367913
5.722507217266083 -0.5317605909005212
5.8008977270916455 -0.4638070374453238
5.8792882369172075 -0.39300481555772304
5.957678746742771 -0.31978878723452053
6.036069256568333 -0.2446086398926659
6.114459766393897 -0.167926124422474
6.192850276219459 -0.09021221914790928
6.271240786045022 -0.011944237112630257
6.3496312958705845 0.0663971055413218
6.428021805696148 0.14433064209642726
6.50641231552171 0.22137771054998306
6.584802825347273 0.29706509352063887
6.663193335172836 0.3709279247144553
6.741583844998398 0.4425125440992147
6.8199743548239615 0.5113792842507031
6.898364864649524 0.57710517075742
6.976755374475087 0.6392865200980579
7.055145884300649 0.6975414190357523
7.133536394126212 0.7515120703008668
7.211926903951776 0.8008669901552888
7.2903174137773386 0.8453030443409698
7.3687079236029005 0.8845473099080631
7.447098433428463 0.9183587514874435
7.525488943254027 0.94652970171207
7.60387945307959 0.9688871366945561
7.682269962905152 0.9852937387270575
7.760660472730715 0.995648739676451
7.839050982556277 0.9998885398947347
7.917441492381841 0.9979870988433521
7.995832002207403 0.9899560950322477
8.074222512032966 0.9758448542913253
8.152613021858528 0.9557400468148582
8.231003531684092 0.9297651548395823
8.309394041509655 0.8980797142259552
8.387784551335217 0.8608783346007315
8.46617506116078 0.8183895040790626
8.544565570986343 0.770874185907438
8.622956080811905 0.718624215646779
8.701346590637469 0.661960508740056
8.77973710046303 0.6012310894734428
8.858127610288594 0.5368089534369477
8.936518120114156 0.4690897766131673
9.014908629939718 0.3984894851647323
9.093299139765282 0.325441700846661
9.171689649590846 0.25039507773369724
9.250080159416408 0.17381054662024809
9.32847066924197 0.09615848401761923
9.406861179067533 0.017915823136364754
9.485251688893097 -0.060436875402123676
9.563642198718659 -0.13841837513332297
9.642032708544221 -0.21554971946826343
9.720423218369785 -0.29135717340937944
9.798813728195347 -0.36537513319573184
9.87720423802091 -0.43714898600679475
9.955594747846472 -0.5062379021606759
10.033985257672036 -0.5722175426573479
10.112375767497598 -0.6346826654373096
10.19076627732316 -0.6932496143482759
10.269156787148724 -0.7475586755328135
10.347547296974287 -0.7972762867641766
10.42593780679985 -0.8420970861607735
10.504328316625411 -0.881745787696202
10.582718826450973 -0.9159788719856081
10.661109336276539 -0.9445860819636919
10.7394998461021 -0.9673917142680083
10.817890355927663 -0.9842556983959977
10.896280865753225 -0.9950744570076209
10.974671375578788 -0.9997815420897033
11.053061885404352 -0.9983480430747037
11.131452395229914 -0.9907827644072776
11.209842905055476 -0.9771321714680302
11.28823341488104 -0.9574801051865938
11.366623924706602 -0.9319472670968566
11.445014434532165 -0.9006904779970887
11.523404944357727 -0.8639017147682314
11.601795454183291 -0.8218069312661249
11.680185964008853 -0.7746646705296861
11.758576473834415 -0.7227644768287289
11.836966983659979 -0.666425117304531
11.915357493485542 -0.6059926241256923
11.993748003311104 -0.5418381691842109
12.072138513136666 -0.47435578438524284
12.15052902296223 -0.4039599415323602
12.228919532787794 -0.3310830066724707
12.307310042613356 -0.25617258453561464
12.385700552438918 -0.17968876937989997
12.464091062264481 -0.10210131912668796
12.542481572090043 -0.023886770142278933
12.620872081915607 0.05447448961312664
12.699262591741169 0.13250117109264445
12.777653101566733 0.20971404020435855
12.856043611392296 0.28563886123156607
12.934434121217857 0.35980930955338797
13.01282463104342 0.431769835776024
13.091215140868982 0.5010784636833283
13.169605650694546 0.5673095048219758
13.24799616052011 0.6300561730483649
13.326386670345672 0.688933082978953
13.404777180171235 0.743578616998709
13.483167689996796 0.793657146289681
13.56155819982236 0.838861092238323
13.639948709647923 0.8789128155605171
13.718339219473485 0.9135663215414783
13.796729729299049 0.9426087709170526
13.87512023912461 0.9658617871166897
13.953510748950174 0.9831825518391184
14.031901258775738 0.9944646822317585
14.110291768601298 0.9996388842863156
14.188682278426862 0.9986733784374414
14.267072788252424 0.9915740947504664
14.345463298077988 0.9783846364993797
14.423853807903551 0.9591860123587526
14.502244317729113 0.9340961388544675
14.580634827554677 0.9032691161291565
14.659025337380237 0.8668942814705577
14.737415847205801 0.8251950464159238
14.815806357031365 0.7784275245749374
14.894196866856927 0.7268789585989055
14.97258737668249 0.6708659559576922
15.050977886508054 0.610732544360121
15.129368396333616 0.5468480587612956
15.20775890615918 0.4796048729346859
15.28614941598474 0.4094159895415189
15.364539925810304 0.3367125034990391
15.442930435635867 0.261940954227513
15.52132094546143 0.18556058303821052
15.599711455286993 0.1080405125073201
15.678101965112553 0.02985686515988552
15.756492474938119 -0.048510160839460956
15.834882984763683 -0.12657924102798876
15.913273494589243 -0.20387088090404987
15.991664004414806 -0.2799103609467565
16.07005451424037 -0.3542306523080565
16.148445024065932 -0.4263752852693088
16.226835533891496 -0.4959011528444338
16.305226043717056 -0.5623812323101691
16.38361655354262 -0.6254072079479821
16.462007063368183 -0.6845919788889182
16.540397573193747 -0.7395720366584463
16.61878808301931 -0.7900096978185519
16.69717859284487 -0.8355951779943722
16.775569102670435 -0.8760484945468637
16.853959612495995 -0.9111211862053962
16.93235012232156 -0.9405978390984683
17.010740632147122 -0.9642974098097217
17.089131141972686 -0.9820743373331859
17.16752165179825 -0.9938194370981823
17.24591216162381 -0.9994605715728606
17.324302671449374 -0.9989630933275716
17.402693181274937 -0.992330057836809
17.481083691100498 -0.9796022047127143
17.55947420092606 -0.960857707485396
17.637864710751625 -0.9362116934669085
17.71625522057719 -0.9058155366478357
17.794645730402753 -0.8698559279694661
17.873036240228313 -0.8285537286818767
17.951426750053876 -0.7821626138305039
18.029817259879437 -0.7309675142028386
18.108207769705 -0.6752828663046401
18.186598279530564 -0.6154506811142497
18.264988789356128 -0.5518384434765125
18.34337929918169 -0.4848368550381116
18.42176980900725 -0.414857434587029
18.500160318832815 -0.3423299905346507
18.57855082865838 -0.2676999810643936
18.65694133848394 -0.19142577816056516
18.735331848309503 -0.11397585232161353
18.813722358135067 -0.03582589524908401
18.89211286796063 0.042544101815552626
18.970503377786194 0.12065279616151016
19.048893887611754 0.19802044997992127
19.127284397437318 0.27417187687790073
19.20567490726288 0.3486393604381106
19.284065417088442 0.42096552689834194
19.362455926914006 0.49070615430722336
19.44084643673957 0.5574329009025212
19.519236946565133 0.6207359359544775
19.597627456390693 0.6802264569157607
19.676017966216257 0.7355390774178915
19.75440847604182 0.7863340714472088
19.83279898586738 0.8322994599168637
19.911189495692945 0.8731529268192422
19.989580005518505 0.9086435531899364
20.067970515344072 0.9385533582334347
20.146361025169636 0.962698638144986
20.224751534995196 0.9809310944057624
20.30314204482076 0.99313874462136
20.38153255464632 0.9992466103093584
20.459923064471884 0.9992171774116044
20.538313574297447 0.9930506267027736
20.616704084123008 0.9807848326800661
20.695094593948575 0.9624951309408514
20.773485103774135 0.9382938554770218
20.8518756135997 0.9083296487279336
20.930266123425262 0.8727865486295758
21.008656633250823 0.831882858267211
21.087047143076386 0.7858698050740067
21.165437652901947 0.7350299978107829
21.24382816272751 0.6796756908039417
21.322218672553078 0.6201468661025619
21.400609182378638 0.5568091453338675
21.4789996922042 0.4900515440822796
21.55739020202976 0.42028408258457317
21.635780711855325 0.3479352674159594
21.71417122168089 0.27344945963449674
21.79256173150645 0.19728414554841267
21.870952241332013 0.11990712686911086
21.949342751157577 0.041793647507768164
22.02773326098314 -0.03657652533754187
22.106123770808704 -0.11472204787640118
22.184514280634264 -0.19216295610391249
22.262904790459828 -0.26842361370404166
22.34129530028539 -0.3430356333725778
22.419685810110952 -0.41554075361725196
22.498076319936516 -0.48549365336581835
22.57646682976208 -0.552464687095073
22.654857339587643 -0.6160425236817952
22.733247849413203 -0.6758366727680036
22.811638359238767 -0.7314798831237901
22.89002886906433 -0.7826303982771255
22.96841937888989 -0.8289740555567794
23.046809888715455 -0.8702262156561557
23.12520039854102 -0.9061335108667955
23.203590908366582 -0.9364754012440638
23.281981418192146 -0.9610655291471336
23.360371928017706 -0.9797528638337972
23.43876243784327 -0.9924226290800884
23.51715294766883 -0.9989970081273345
23.595543457494394 -0.9994356216269222
23.673933967319957 -0.9937357756472601
23.75232447714552 -0.9819324782197081
23.830714986971085 -0.9640982243218442
23.909105496796645 -0.9403425506186892
23.98749600662221 -0.9108113626966274
24.065886516447772 -0.8756860389221209
24.144277026273333 -0.8351823164292298
24.222667536098896 -0.789548966078125
24.30105804592446 -0.739066264522923
24.379448555750024 -0.6840442727732515
24.457839065575588 -0.6248209318225219
24.536229575401148 -0.561759987039408
24.61462008522671 -0.4952487540707532
24.69301059505227 -0.42569573997760707
24.771401104877835 -0.35352813421512347
24.8497916147034 -0.27918918486662503
24.928182124528963 -0.20313547624673026
25.006572634354526 -0.12583412459435195
25.084963144180087 -0.04775990907939852
25.16335365400565 0.03060764425569667
25.241744163831214 0.10878720770934952
25.320134673656778 0.18629860819989175
25.398525183482338 0.2626657764530263
25.4769156933079 0.3374196709840231
25.555306203133465 0.4101011589157178
25.63369671295903 0.4802638359386122
25.712087222784593 0.5474767680930385
25.79047773261015 0.6113271385335799
25.868868242435713 0.6714227830195476
25.947258752261277 0.7273945985586328
26.02564926208684 0.7788988104101399
26.104039771912404 0.8256190835239466
26.182430281737965 0.8672684654469243
26.26082079156353 0.9035911487636336
26.339211301389092 0.9343640422464911
26.417601811214656 0.9593981410655547
26.49599232104022 0.9785396876421719
26.57438283086578 0.9916711160166265
26.652773340691343 0.9987117739295475
26.731163850516907 0.9996184181821022
26.80955436034247 0.9943854802325196
26.887944870168035 0.9830451003976605
26.96633537999359 0.965666930449576
27.044725889819155 0.9423577058194819
27.12311639964472 0.9132605900366637
27.201506909470282 0.8785542954286901
27.279897419295846 0.8384519854835495
27.358287929121406 0.7931999656153156
27.43667843894697 0.743076170374549
27.515068948772534 0.6883884563949093
27.593459458598097 0.6294727115605311
27.67184996842366 0.5666907920075474
27.75024047824922 0.5004282996305366
27.828630988074785 0.43109221374426665
27.90702149790035 0.35910839144693946
27.985412007725913 0.28491895203745926
28.063802517551476 0.20897956155148528
28.142193027377033 0.13175663409443564
28.220583537202597 0.053724467160608656
28.29897404702816 -0.024637671466815586
28.377364556853724 -0.10284848734298956
28.455755066679288 -0.1804276154361832
28.534145576504848 -0.256898570494186
28.61253608633041 -0.3317916735814084
28.690926596155975 -0.40464693681205594
28.76931710598154 -0.4750168885616298
28.847707615807103 -0.5424693218044605
28.926098125632663 -0.6065899486972084
29.004488635458227 -0.6669849451040889
29.08287914528379 -0.7232833694354951
29.161269655109354 -0.7751394409437473
29.239660164934918 -0.8222346634828023
29.318050674760475 -0.864279781687962
29.39644118458604 -0.9010165575608903
29.474831694411602 -0.9322193565482264
29.553222204237166 -0.9576965333722975
29.63161271406273 -0.977291609102199
29.71000322388829 -0.9908842322357846
29.788393733713853 -0.9983909178896706
29.866784243539417 -0.9997655605571955
29.94517475336498 -0.994999717285026
30.023565263190545 -0.9841226595291495
30.10195577301611 -0.9672011933717619
30.18034628284167 -0.9443392492032656
30.258736792667232 -0.915677243389514
30.337127302492796 -0.88139121584491
30.41551781231836 -0.841691748808302
30.493908322143923 -0.7968226734624884
30.57229883196948 -0.7470595723411776
30.650689341795044 -0.6927080867214821
30.729079851620607 -0.6341020393978856
30.80747036144617 -0.5716013843673741
30.885860871271735 -0.5055899960186819
30.964251381097295 -0.4364733114042639
31.04264189092286 -0.36467584007596954
31.121032400748422 -0.2906385567788725
31.199422910573986 -0.21481619301707225
31.27781342039955 -0.13767444412651755
31.356203930225107 -0.0596871090087919
31.434594440050674 0.01866681990663951
31.512984949876238 0.09690609859835728
31.5913754597018 0.17455018721813237
31.669765969527365 0.2511222015310204
31.74815647935292 0.326151841902968
31.826546989178485 0.3991782818463196
31.90493749900405 0.4697529983818929
31.983328008829613 0.5374425268338862
32.06171851865518 0.6018311231377687
32.14010902848074 0.6625233173094943
32.2184995383063 0.7191463423928279
32.296890048131864 0.7713524239663453
32.375280557957424 0.8188209161481265
32.45367106778299 0.8612602709790181
32.53206157760855 0.8984098290885463
32.61045208743411 0.9300414206454695
32.68884259725968 0.9559607667599497
32.76723310708524 0.976008672730083
32.84562361691081 0.9900620058039694
32.92401412673637 0.99803445145193
33.00240463656193 0.9998770435039586
33.080795146387494 0.9955784648963001
33.159185656213054 0.9851651171800213
33.23757616603862 0.9687009583646375
33.315966675864175 0.9462871100927702
33.39435718568974 0.918061236558496
33.4727476955153 0.8841966989841031
33.55113820534087 0.8449014908482904
33.62952871516643 0.8004169604056706
33.70791922499199 0.7510163283436628
33.78630973481756 0.6970030096812988
33.86470024464312 0.6387087502166909
33.943090754468685 0.576491588968904
34.021481264294245 0.5107336591288912
34.099871774119805 0.44183884102573273
34.17826228394537 0.370230281523617
34.25665279377093 0.29634779508519904
34.3350433035965 0.22064516246373725
34.41343381342206 0.14358734361540829
34.49182432324762 0.06564762194968582
34.57021483307318 -0.012695302542238947
34.64860534289875 -0.09096025342732107
34.72699585272431 -0.1686665331806058
34.805386362549875 -0.2453368755938322
34.883776872375435 -0.3205003771090387
34.962167382200995 -0.3936953890733472
35.04055789202656 -0.4644723531507355
35.11894840185212 -0.5323965624759841
35.19733891167769 -0.5970508315920526
35.27572942150325 -0.6580380587721735
35.35411993132881 -0.7149836649892538
35.43251044115438 -0.7675378945524656
35.51090095097994 -0.8153779632807513
35.589291460805505 -0.8582100410193618
35.66768197063106 -0.8957710563228414
35.746072480456625 -0.9278303122203826
35.824462990282186 -0.9541909031394673
35.90285350010775 -0.9746909242853299
35.98124400993331 -0.9892044660481782
36.05963451975887 -0.9976423873306953
36.13802502958444 -0.9999528630460409
36.21641553941 -0.9961217024236945
36.29480604923557 -0.9861724361681146
36.37319655906113 -0.9701661719349004
36.45158706888669 -0.9482012190120972
36.529977578712256 -0.9204124845118389
36.608368088537816 -0.8869706447808788
36.68675859836338 -0.8480810971191051
36.76514910818894 -0.8039826982445786
36.8435396180145 -0.7549462972532593
36.921930127840064 -0.7012730720839558
37.00032063766563 -0.643292679705749
37.07871114749119 -0.5813612313893535
37.15710165731676 -0.5158591054980615
37.23549216714232 -0.44718861123208486
37.31388267696788 -0.37577151767523914
37.392273186793446 -0.302046463320521
37.470663696619006 -0.22646626198503098
37.54905420644457 -0.14949512166103843
37.62744471627013 -0.07160579338496852
37.705835226095694 0.006723332364457033
37.78422573592126 0.08501116390504651
37.86261624574682 0.16277686318055565
37.94100675557239 0.23954279903242404
38.01939726539794 0.3148374807748715
38.09778777522351 0.3881984540558115
38.17617828504907 0.45917514121709474
38.254568794874636 0.5273316087091557
38.332959304700196 0.592249244562491
38.41134981452576 0.6535293294713793
38.489740324351324 0.7107954856982726
38.568130834176884 0.7636959887579363
38.64652134400245 0.8119059276831934
38.72491185382801 0.8551292006039537
38.80330236365357 0.8931003333829753
38.88169287347914 0.925586110138316
38.9600833833047 0.9523870056379792
39.038473893130266 0.9733384107691143
39.11686440295583 0.9883116435549618
