0.0 0.0
0.09671715943362949 0.09656644452244817
0.19343431886725898 0.19223029026797214
0.2901514783008885 0.2860973749776964
0.38686863773451796 0.377290330573388
0.4835857971681474 0.4649567838461977
0.580302956601777 0.54827732352037
0.6770201160354065 0.6264731592244202
0.7737372754690359 0.6988134007819928
0.8704544349026654 0.7646218897834544
0.9671715943362948 0.8232835195840723
1.0638887537699244 0.8742499846562667
1.160605913203554 0.9170449055572009
1.2573230726371833 0.9512682816090535
1.354040232070813 0.9766002296731282
1.4507573915044423 0.9928039740717782
1.5474745509380718 0.9997280597115893
1.6441917103717014 0.9973077677219361
1.7409088698053308 0.9855657203770511
1.8376260292389603 0.9646116696474507
1.9343431886725897 0.9346414713571084
2.031060348106219 0.895935254534848
2.127777507539849 0.8488548030708799
2.224494666973478 0.7938401741519276
2.321211826407108 0.7314055850821564
2.417928985840737 0.6621346069354614
2.5146461452743667 0.5866747099636537
2.611363304707996 0.5057312117441847
2.708080464141626 0.42006068463357105
2.804797623575255 0.330463884146536
2.9015147830088845 0.2377782643587247
2.998231942442514 0.14287015029093136
3.0949491018761437 0.04662664043892613
3.191666261309773 -0.05005268486471288
3.288383420743403 -0.14626417175549494
3.385100580177032 -0.24110853921688047
3.4818177396106615 -0.33369928458749365
3.578534899044291 -0.423170969630074
3.6752520584779207 -0.5086873097129556
3.77196921791155 -0.5894489904951412
3.8686863773451794 -0.6647011390530516
3.965403536778809 -0.7337403796169237
4.062120696212438 -0.795921407967461
4.158837855646068 -0.8506630230423841
4.255555015079698 -0.8974535593759313
4.352272174513327 -0.9358556695947455
4.448989333946956 -0.9655104122685386
4.545706493380586 -0.986140606906719
4.642423652814216 -0.9975534247421076
4.739140812247845 -0.9996421910858888
4.835857971681474 -0.9923873824073319
4.9325751311151045 -0.9758568088186602
5.029292290548733 -0.9502049802593959
5.126009449982363 -0.9156716623044021
5.222726609415992 -0.8725796350943736
5.319443768849622 -0.8213316763358653
5.416160928283252 -0.7624067965705208
5.512878087716881 -0.6963557619021322
5.60959524715051 -0.6237959460302385
5.70631240658414 -0.5454055597078993
5.803029566017769 -0.4619173115604258
5.899746725451399 -0.37411155951688935
5.996463884885028 -0.28280901686743415
6.0931810443186585 -0.1888630811222696
6.189898203752287 -0.0931518573739074
6.286615363185916 0.0034300492804031474
6.383332522619546 0.09997989554043796
6.480049682053176 0.19559523777189344
6.576766841486806 0.2893823670743323
6.673484000920435 0.38046466270627105
6.770201160354064 0.46799078578862763
6.866918319787694 0.5511426367006299
6.963635479221323 0.6291430017910621
7.060352638654953 0.701262817931647
7.157069798088582 0.7668279870113637
7.253786957522212 0.8252256766771857
7.350504116955841 0.8759100484287076
7.44722127638947 0.9184073595266334
7.5439384358231 0.9523203910279943
7.64065559525673 0.977332160559603
7.737372754690359 0.9932088851267602
7.834089914123988 0.99980216626407
7.930807073557618 0.99705037710394
8.027524232991247 0.9849792383979475
8.124241392424876 0.9637015781070476
8.220958551858507 0.9334162768077104
8.317675711292136 0.8944064087711993
8.414392870725766 0.8470365960911586
8.511110030159395 0.7917496005902873
8.607827189593024 0.7290621853612476
8.704544349026653 0.6595602846236754
8.801261508460282 0.5838935270442351
8.897978667893913 0.5027691637098092
8.994695827327543 0.41694545750857404
9.091412986761172 0.32722459570787293
9.188130146194801 0.2344451919744534
9.284847305628432 0.13947444792009173
9.38156446506206 0.04320004743800042
9.47828162449569 -0.053478140407014256
9.574998783929319 -0.14965647238219487
9.671715943362948 -0.24443597736732767
9.76843310279658 -0.3369307589653795
9.865150262230209 -0.4262762759047338
9.961867421663838 -0.5116374228368237
10.058584581097467 -0.5922163359985297
10.155301740531096 -0.6672598507804959
10.252018899964726 -0.736066541496055
10.348736059398355 -0.7979932775506052
10.445453218831984 -0.8524612347314705
10.542170378265615 -0.8989613054311787
10.638887537699244 -0.9370588572352491
10.735604697132874 -0.9663977953963594
10.832321856566503 -0.9867038912232542
10.929039016000132 -0.9977873452742327
11.025756175433761 -0.9995445613972364
11.12247333486739 -0.9919591150347361
11.21919049430102 -0.9751019067427485
11.315907653734651 -0.9491304994890515
11.41262481316828 -0.9142876459248188
11.50934197260191 -0.8708990193951459
11.606059132035538 -0.8193701698965327
11.702776291469169 -0.7601827334337391
11.799493450902798 -0.6938899302068561
11.896210610336427 -0.6211113937066609
11.992927769770056 -0.5425273790503036
12.089644929203686 -0.4588724046915312
12.186362088637317 -0.37092838693588226
12.283079248070946 -0.2795173314319729
12.379796407504575 -0.18549364995092124
12.476513566938204 -0.08973617426836536
12.573230726371833 0.006860058205341235
12.669947885805463 0.10339217026769562
12.766665045239092 0.19895788404450854
12.863382204672723 0.2926639545085133
12.960099364106352 0.38363451856865594
13.05681652353998 0.4710192816918545
13.153533682973611 0.5540014655374883
13.25025084240724 0.631805442318739
13.34696800184087 0.7037039845330335
13.443685161274498 0.7690250622989135
13.540402320708129 0.8271581247651977
13.63711948014176 0.8775598068805935
13.733836639575388 0.9197590081830584
13.830553799009017 0.9533612961378641
13.927270958442646 0.9780525928667182
14.023988117876275 0.9936021108083891
14.120705277309906 0.9998645098714473
14.217422436743535 0.9967812559163901
14.314139596177164 0.9843811678695286
14.410856755610794 0.9627801483548036
14.507573915044423 0.9321801003613003
14.604291074478054 0.8928670400722716
14.701008233911683 0.8452084234949223
14.797725393345312 0.789649711878709
14.89444255277894 0.7267102080249337
14.99115971221257 0.6569782024052976
15.0878768716462 0.5811054744582577
15.18459403107983 0.49980120045913057
15.28131119051346 0.4138253249065816
15.378028349947089 0.3239814573826174
15.474745509380718 0.23110936127857248
15.571462668814348 0.13607710459434333
15.668179828247975 0.03977294617673984
15.764896987681606 -0.056902966764411346
15.861614147115237 -0.15304701225969236
15.958331306548866 -0.247760539661853
16.055048465982495 -0.340158269261011
16.15176562541612 -0.42937656692276943
16.248482784849752 -0.514581516406901
16.345199944283387 -0.5949767139152472
16.441917103717014 -0.6698107120138543
16.538634263150644 -0.7383840433516218
16.63535142258427 -0.8000557585252485
16.732068582017902 -0.8542494169816894
16.828785741451533 -0.9004584749615472
16.92550290088516 -0.9382510201227878
17.02222006031879 -0.9672738085906079
17.118937219752418 -0.9872555666994629
17.21565437918605 -0.9980095265661727
17.31237153861968 -0.9994351717942718
17.409088698053306 -0.9915191769926729
17.505805857486937 -0.9743355323270215
17.602523016920564 -0.9480448519395814
17.699240176354195 -0.9128928727017823
17.795957335787826 -0.8692081573314862
17.892674495221456 -0.8173990233437315
17.989391654655087 -0.7579497265398177
18.086108814088714 -0.6914159347073479
18.182825973522345 -0.6184195338381756
18.279543132955975 -0.5396428154101579
18.376260292389603 -0.45582209906367477
18.472977451823233 -0.367740850281263
18.569694611256864 -0.27622235739889084
18.66641177069049 -0.1821220363962024
18.76312893012412 -0.08631943539226279
18.85984608955775 0.010289986419823994
18.95656324899138 0.10680322855787712
19.05328040842501 0.20231818952336944
19.149997567858637 0.2959420986714658
19.246714727292268 0.38679986086632295
19.343431886725895 0.4740422359247971
19.44014904615953 0.5568537763960449
19.53686620559316 0.6344604494831139
19.633583365026787 0.7061368718651633
19.730300524460418 0.7712130897969167
19.827017683894045 0.8290808411123289
19.923734843327676 0.8791992406020651
20.020452002761306 0.9210998356239601
20.117169162194934 0.9543909846921304
20.213886321628564 0.9787615181183917
20.31060348106219 0.9939836464902574
20.407320640495822 0.9999150898002314
20.504037799929453 0.9965004073255705
20.60075495936308 0.9837715158282571
20.69747211879671 0.9618473912315921
20.794189278230338 0.9309329565618311
20.89090643766397 0.8913171665491598
20.987623597097603 0.8433703067911177
21.08434075653123 0.7875405327229545
21.18105791596486 0.7243496807448668
21.277775075398488 0.654388390659228
21.37449223483212 0.5783105850079223
21.47120939426575 0.4968273569110472
21.567926553699376 0.41070032353680325
21.664643713133007 0.3207345073271736
21.761360872566634 0.22777081151803918
21.858078032000265 0.13267816028435506
21.954795191433895 0.036345376975917235
22.051512350867522 -0.060327123642888635
22.148229510301153 -0.15643575149735733
22.24494666973478 -0.25108218698606855
22.34166382916841 -0.34338177750185483
22.43838098860204 -0.43247180620842296
22.535098148035672 -0.5175195557851305
22.631815307469303 -0.5977300917686894
22.72853246690293 -0.6723536927415464
22.82524962633656 -0.7406928579175812
22.92196678577019 -0.8021088266257426
23.01868394520382 -0.8560275487545873
23.11540110463745 -0.9019450503524276
23.212118264071076 -0.9394321442312406
23.308835423504707 -0.9681384415447504
23.405552582938338 -0.9877956268447338
23.502269742371965 -0.9982199660039038
23.598986901805596 -0.9993140235639937
23.695704061239223 -0.9910675734571335
23.792421220672853 -0.9735576945880833
23.889138380106484 -0.9469480503839214
23.98585553954011 -0.9114873590451779
24.082572698973745 -0.8675070687968454
24.179289858407373 -0.8154182598685403
24.276007017841003 -0.7557078021606937
24.372724177274634 -0.6889338045108357
24.46944133670826 -0.6157203980952508
24.56615849614189 -0.5367519027251467
24.66287565557552 -0.4527664305645332
24.75959281500915 -0.3645489870552677
24.85630997444278 -0.2729241335344578
24.953027133876407 -0.17874828012606586
25.049744293310038 -0.08290168094446776
25.146461452743665 0.01371979356981074
25.243178612177296 0.11021303027895245
25.339895771610927 0.20567611467356248
25.436612931044554 0.2992167609949342
25.533330090478184 0.3899606523581576
25.630047249911815 0.47705961292158106
25.726764409345446 0.5596995357180827
25.823481568779076 0.6371079920472986
25.920198728212704 0.7085614513044509
26.016915887646334 0.7733920437626283
26.11363304707996 0.8309938030972979
26.210350206513592 0.8808283303047387
26.307067365947223 0.9224298260741376
26.40378452538085 0.9554094445762266
26.50050168481448 0.9794589279739239
26.597218844248108 0.9943534876834939
26.69393600368174 0.9999539054553357
26.79065316311537 0.9962078346357418
26.887370322548996 0.9831502894468555
26.984087481982627 0.9609033177115546
27.080804641416258 0.9296748600822873
27.177521800849888 0.8897568064365445
27.27423896028352 0.8415222676056925
27.370956119717146 0.785422087938094
27.467673279150777 0.721980631293299
27.564390438584404 0.6517908798553106
27.661107598018035 0.575508891575867
27.757824757451665 0.4938476680536406
27.854541916885292 0.4075704901657322
27.951259076318923 0.3174837837427977
28.04797623575255 0.2244295819718018
28.14469339518618 0.12927765497963353
28.24141055461981 0.03291738016182771
28.33812771405344 -0.06375057075630679
28.43484487348707 -0.1598226502257504
28.531562032920696 -0.25440088025989305
28.628279192354327 -0.34660124576245604
28.72499635178796 -0.4355619573453537
28.82171351122159 -0.5204515064046704
28.91843067065522 -0.6004764371646181
29.015147830088846 -0.6748887630447118
29.111864989522477 -0.7429929580301013
29.208582148956108 -0.804152457697177
29.305299308389735 -0.8577956091299598
29.402016467823366 -0.903421014113856
29.498733627256993 -0.9406022156643602
29.595450786690623 -0.9689916840861443
29.692167946124254 -0.9883240653051107
29.78888510555788 -0.998418661111549
29.885602264991512 -0.9991811181317439
29.98231942442514 -0.9906043097413565
30.07903658385877 -0.9727684026774068
30.1757537432924 -0.945840107726244
30.27247090272603 -0.9100711214912564
30.36918806215966 -0.8657957738049976
30.46590522159329 -0.8134279027751805
30.56262238102692 -0.7534569866732171
30.65933954046055 -0.6864435688202636
30.756056699894177 -0.613014018233953
30.852773859327808 -0.5338546750076432
30.949491018761435 -0.44970543514487954
31.046208178195066 -0.3613528348110377
31.142925337628697 -0.2696226986431752
31.239642497062327 -0.1753724208336706
31.33635965649595 -0.07948295113579504
31.43307681592958 0.01714943930268514
31.529793975363212 0.1136215353136746
31.626511134796843 0.2090316199881844
31.723228294230474 0.3024879029516251
31.8199454536641 0.3931168558565861
31.91666261309773 0.4800713771819353
32.01337977253136 0.5625387100224657
32.11009693196499 0.6397480388622331
32.20681409139862 0.7109776943250595
32.30353125083224 0.7755618985600586
32.400248410265874 0.8328969882135832
32.496965569699505 0.8824470568219278
32.59368272913314 0.9237489638858922
32.69039988856677 0.9564166638076965
32.7871170480004 0.9801448142280981
32.88383420743403 0.9947116300368163
32.98055136686766 0.9999809563800836
33.07726852630129 0.9959035412891007
33.17398568573492 0.9825174960342201
33.27070284516854 0.9599479389019733
33.367420004602174 0.92840582572452
33.464137164035805 0.8881859780924918
33.560854323469435 0.8396643276813298
33.657571482903066 0.7832944024482044
33.75428864233669 0.719603087542743
33.85100580177032 0.649185700553967
33.94772296120395 0.5727004271247775
34.04444012063758 0.4908621689437612
34.14115728007121 0.40443586161670836
34.237874439504836 0.3142293248751406
34.33459159893847 0.221085711950337
34.4313087583721 0.1258756286880508
34.52802591780573 0.029488996065784943
34.62474307723936 -0.06717326782688059
34.72146023667298 -0.16320766859708097
34.81817739610661 -0.2577165804379934
34.91489455554024 -0.34981663616489256
35.011611714973874 -0.43864698397708457
35.108328874407505 -0.5233773337703252
35.20504603384113 -0.6032157177915252
35.30176319327476 -0.6774158930975545
35.39848035270839 -0.7452843166278751
35.49519751214202 -0.8061866276956753
35.59191467157565 -0.8595535773060945
35.68863183100928 -0.9048863488807163
35.78534899044291 -0.9417612206559384
35.88206614987654 -0.9698335261761597
35.978783309310174 -0.9888408758633721
36.075500468743805 -0.9986056095514062
36.17221762817743 -0.9990364570611914
36.26893478761106 -0.9901293912957655
36.36565194704469 -0.971967665881226
36.46236910647832 -0.9447210370017946
36.55908626591195 -0.90864417670244
36.655803425345574 -0.8640742924897951
36.752520584779205 -0.811427975480746
36.849237744212836 -0.7511973065588464
36.94595490364647 -0.6839452569339308
37.0426720630801 -0.6103004260955766
37.13938922251373 -0.5309511663443182
37.23610638194735 -0.44663914881815964
37.33282354138098 -0.35815243115217554
37.42954070081461 -0.26631809156732456
37.52625786024824 -0.1719944982369287
37.622975019681874 -0.07606328618851885
37.7196921791155 0.020578883267729983
37.81640933854913 0.11702870356005245
37.91312649798276 0.2123846659888002
38.00984365741639 0.3057554860556545
38.10656081685002 0.39626843422801705
38.203277976283644 0.4830774932716322
38.299995135717275 0.5653712659055401
38.396712295150905 0.642380558867052
38.493429454584536 0.7133855724992312
38.59014661401817 0.7777226286602879
38.68686377345179 0.8347903740696968
38.78358093288543 0.8840554011088803
38.88029809231906 0.9250572335392055
38.97701525175269 0.9574126305363273
39.07373241118632 0.9808191688112766
39.170449570619944 0.9950580693365815
39.267166730053574 0.9999962422562133
39.363883889487205 0.9955875308657424
39.460601048920836 0.9818731430353409
39.55731820835447 0.9589812660431384
39.65403536778809 0.9271258684190635
39.75075252722172 0.8866046999982239
39.84746968665535 0.8377965088771996
39.94418684608898 0.7811575012860902
40.04090400552261 0.7172170774656396
40.137621164956236 0.646572883405842
40.23433832438987 0.5698852246970039
40.3310554838235 0.48787089470662015
40.42777264325713 0.40129647476949776
40.52448980269076 0.3109711690137849
40.62120696212438 0.21773924079518733
40.71792412155801 0.1224721214353739
40.814641280991644 0.026060265023662665
40.911358440425275 -0.07059517458563862
41.008075599858905 -0.16659076678569892
41.10479275929253 -0.26102924851025294
41.20150991872616 -0.3530279108792196
41.29822707815979 -0.4417268498074457
41.39494423759342 -0.5262970034589383
41.49166139702705 -0.605947901421044
41.588378556460675 -0.6799350531677054
41.685095715894306 -0.7475669067524483
41.78181287532794 -0.8082113126886767
41.878530034761575 -0.8613014326000202
41.975247194195205 -0.9063410374129484
42.07196435362883 -0.942909145569963
42.16868151306246 -0.9706639579102928
42.26539867249609 -0.9893460524390998
42.36211583192972 -0.9987808091239756
42.45883299136335 -0.9988800420543124
42.555550150796975 -0.9896428237079063
42.652267310230606 -0.971155493620429
42.74898446966424 -0.9435908513767476
42.84570162909787 -0.907206541467125
42.9424187885315 -0.8623426451049276
43.03913594796512 -0.8094185015149268
43.13585310739875 -0.7489287884033339
43.23257026683238 -0.6814388982451578
43.32928742626601 -0.6075796536062783
43.426004585699644 -0.528041410895749
43.52272174513327 -0.4435676076600682
43.6194389045669 -0.35494781373230294
43.71615606400053 -0.26301035118650934
43.81287322343416 -0.16861455207801704
43.90959038286779 -0.07264272633594746
44.006307542301414 0.02400808511660191
44.103024701735045 0.12043449493182252
44.199741861168675 0.21573521322590944
44.296459020602306 0.3090194718630197
44.39317618003594 0.3994153503932649
44.48989333946956 0.48607792582290243
44.58661049890319 0.5681971700415105
44.68332765833682 0.6450055210894371
44.78004481777045 0.7157850574976224
44.87676197720408 0.7798742086417237
44.973479136637714 0.83667393838944
45.070196296071344 0.8856533442429788
45.166913455504975 0.9263546196419297
45.263630614938606 0.9583973330443007
45.36034777437224 0.9814819837894915
45.45706493380586 0.9953928015068372
45.55378209323949 0.9999997629038825
45.65049925267312 0.9952598070836152
45.74721641210675 0.9812172380312051
45.84393357154038 0.9580033105082236
45.940650730974006 0.9258350032249643
46.03736789040764 0.8850129907579087
46.13408504984127 0.8359188331686992
46.2308022092749 0.7790114095929741
46.32751936870853 0.7148226291340599
46.42423652814215 0.6439524591514417
46.52095368757578 0.5670633174141703
46.617670847009414 0.48487388053537445
46.714388006443045 0.3981523665598394
46.811105165876675 0.3077093544918396
46.9078223253103 0.21439020787849844
47.00453948474393 0.11906717326479367
47.10125664417756 0.02263122737541649
47.19797380361119 -0.07401625077291836
47.29469096304482 -0.1699719049885141
47.391408122478445 -0.2643388455022286
47.488125281912076 -0.35623503212391455
47.58484244134571 -0.44480151860097256
47.68155960077934 -0.5292104811197995
47.77827676021297 -0.6086729559082724
47.87499391964659 -0.6824462136165571
47.97171107908022 -0.7498407015485234
48.06842823851386 -0.8102264888552124
48.16514539794749 -0.8630391544477354
48.26186255738112 -0.9077850625957389
