0.0 0.0
0.09509539878367419 0.09495213682309671
0.19019079756734839 0.1890462555569676
0.2852861963510226 0.28143209144017994
0.38038159513469677 0.37127481630531994
0.47547699391837095 0.4577625823551838
0.5705723927020452 0.540113858280942
0.6656677914857194 0.6175844914307511
0.7607631902693935 0.6894744322127816
0.8558585890530678 0.7551340599687933
0.9509539878367419 0.8139700531556234
1.0460493866204161 0.8654507507897395
1.1411447854040904 0.909110956707117
1.2362401841877646 0.9445561432256014
1.3313355829714388 0.9714660162241083
1.4264309817551128 0.9895974094234575
1.521526380538787 0.9987864817151871
1.6166217793224613 0.9989501976825779
1.7117171781061356 0.9900870779354208
1.8068125768898098 0.9722772124782645
1.9019079756734838 0.9456815369913388
1.997003374457158 0.9105403785639169
2.0920987732408323 0.867171284021335
2.1871941720245065 0.8159661504696081
2.2822895708081807 0.757387683986962
2.377384969591855 0.6919652184626894
2.472480368375529 0.6202899323656454
2.5675757671592034 0.5430095066652038
2.6626711659428777 0.4608222721774215
2.757766564726552 0.37447089922287663
2.8528619635102257 0.2847356866184621
2.9479573622939 0.1924275106459669
3.043052761077574 0.09838049771284028
3.1381481598612484 0.003444486917328306
3.2332435586449226 -0.09152264937132212
3.3283389574285964 -0.1856627575238832
3.423434356212271 -0.27812515720372455
3.5185297549959453 -0.3680743283883061
3.6136251537796196 -0.4546974613971993
3.708720552563294 -0.5372118017021357
3.8038159513469676 -0.6148717231490234
3.8989113501306423 -0.6869754656760185
3.994006748914316 -0.7528714766434537
4.08910214769799 -0.8119642984733372
4.1841975464816645 -0.863719949395802
4.279292945265339 -0.9076707486803568
4.374388344049013 -0.943419542749591
4.469483742832687 -0.9706432939868096
4.5645791416163615 -0.989095999807978
4.659674540400036 -0.9986109156202995
4.75476993918371 -0.9991020615800593
4.849865337967384 -0.9905649995341836
4.944960736751058 -0.9730768731248196
5.040056135534733 -0.9467957106945402
5.135151534318407 -0.9119589972913444
5.23024693310208 -0.8688815286772789
5.325342331885755 -0.8179525667325437
5.420437730669429 -0.7596323219597808
5.515533129453104 -0.6944477948737453
5.610628528236777 -0.622988013854935
5.705723927020451 -0.5458987124994277
5.8008193258041265 -0.46387649456214486
5.8959147245878 -0.37766253922097026
5.991010123371475 -0.2880359035429812
6.086105522155148 -0.19580648267389467
6.181200920938823 -0.10180769136467815
6.276296319722497 -0.006888932967454383
6.371391718506171 0.0880920760467571
6.466487117289845 0.18227705669031283
6.5615825160735195 0.27481492314430056
6.656677914857193 0.3648694734441042
6.751773313640868 0.451626945669673
6.846868712424542 0.534303371360308
6.941964111208216 0.6121516597061711
7.037059509991891 0.6844683485014517
7.132154908775564 0.7505999608554198
7.227250307559239 0.8099489102200766
7.3223457063429125 0.8619789003746592
7.417441105126588 0.906219771571021
7.512536503910261 0.9422717490485323
7.607631902693935 0.969809055527577
7.702727301477609 0.9885828550379693
7.7978227002612845 0.9984235014809232
7.892918099044959 0.9992420716058386
7.988013497828632 0.991031168549433
8.083108896612305 0.9738649886761801
8.17820429539598 0.9478986511160638
8.273299694179656 0.9133667960581621
8.368395092963329 0.8705814644663291
8.463490491747002 0.8199292783765456
8.558585890530678 0.7618679472556846
8.65368128931435 0.69692213199136
8.748776688098026 0.6256787038871622
8.843872086881701 0.548781441504556
8.938967485665374 0.4669252132724561
9.034062884449048 0.3808496984323067
9.129158283232723 0.2913327030582323
9.224253682016398 0.19918313155085052
9.319349080800071 0.1052336771165841
9.414444479583745 0.010333297283661315
9.50953987836742 -0.0846604575515262
9.604635277151095 -0.1788891932259898
9.699730675934768 -0.2715014285362643
9.794826074718442 -0.36166028949679907
9.889921473502117 -0.4485510716028171
9.98501687228579 -0.5313886017626044
10.080112271069465 -0.6094243333744555
10.175207669853139 -0.6819531104348361
10.270303068636814 -0.7483195395551497
10.365398467420487 -0.8079239123074662
10.46049386620416 -0.8602276243830316
10.555589264987836 -0.9047580425942636
10.65068466377151 -0.9411127757404537
10.745780062555184 -0.9689633107442543
10.840875461338857 -0.9880579812016507
10.935970860122532 -0.998224241520638
11.031066258906208 -0.999370226098763
11.126161657689881 -0.9914855794502946
11.221257056473554 -0.9746415497817282
11.31635245525723 -0.9489903451700444
11.411447854040903 -0.9147637581615062
11.506543252824578 -0.872271071219555
11.601638651608253 -0.8218962619488653
11.696734050391926 -0.7640945333500413
11.7918294491756 -0.6993882004586955
11.886924847959273 -0.6283619705385692
11.98202024674295 -0.5516576594783797
12.077115645526623 -0.4699683921367533
12.172211044310297 -0.38403233904275386
12.26730644309397 -0.2946260460492536
12.362401841877645 -0.20255741721450232
12.45749724066132 -0.10865841432086386
12.552592639444994 -0.013777539000200147
12.647688038228669 0.08122783460015344
12.742783437012342 0.1754992073263025
12.837878835796015 0.26818471269265426
12.93297423457969 0.3584468146218336
13.028069633363366 0.4454698756904169
13.123165032147039 0.5284675274913836
13.218260430930712 0.6066897765123073
13.313355829714386 0.6794297813182772
13.408451228498063 0.7460302397987582
13.503546627281736 0.8058893287611458
13.59864202606541 0.8584661421989779
13.693737424849084 0.903285579092806
13.788832823632758 0.9399426365760217
13.883928222416433 0.9681060696712016
13.979023621200106 0.9875213845264011
14.074119019983781 0.9980131381035691
14.169214418767455 0.9994865235383406
14.264309817551128 0.9919282268453993
14.359405216334803 0.9754065472279356
14.454500615118478 0.9500707799040509
14.549596013902152 0.9161498670270835
14.644691412685825 0.8739503288905756
14.7397868114695 0.8238534941121806
14.834882210253175 0.7663120538254637
14.929977609036849 0.7018459710170214
15.025073007820522 0.6310377819734683
15.120168406604197 0.5545273322959386
15.21526380538787 0.4730059950491661
15.310359204171545 0.3872104232917925
15.405454602955219 0.29791589344209124
15.500550001738894 0.205929299630548
15.595645400522569 0.11208186234463617
15.69074079930624 0.017221617252780503
15.785836198089918 -0.07779424791908077
15.88093159687359 -0.17210713921182702
15.976026995657264 -0.264864814964733
16.07112239444094 -0.3552290869455635
16.16621779322461 -0.4423833944893962
16.261313192008288 -0.5255401832038045
16.35640859079196 -0.6039480215639484
16.451503989575635 -0.6768983910898791
16.54659938835931 -0.7437320887477004
16.641694787142985 -0.803845183720483
16.736790185926658 -0.8566944747216477
16.83188558471033 -0.9018023985367276
16.926980983494005 -0.9387613454383832
17.02207638227768 -0.9672373424791773
17.117171781061355 -0.9869730713786854
17.21226717984503 -0.9977901937343578
17.3073625786287 -0.9995909625447571
17.40245797741238 -0.992359105482945
17.497553376196052 -0.9761599719384706
17.592648774979725 -0.9511399424992382
17.687744173763402 -0.91752510620937
17.782839572547072 -0.8756192175557945
17.87793497133075 -0.8258009516448578
17.973030370114422 -0.7685204823721252
18.068125768898096 -0.7042954145060579
18.163221167681773 -0.6337061064446267
18.258316566465446 -0.5573904259099239
18.35341196524912 -0.4760379859699747
18.448507364032796 -0.39038391347296003
18.543602762816466 -0.301202206204271
18.638698161600143 -0.20929873879320507
18.73379356038382 -0.11550398057031355
18.82888895916749 -0.020665491179045214
18.923984357951166 0.07435973824618426
19.01907975673484 0.16871302912784492
19.114175155518513 0.2615417747415095
19.20927055430219 0.3520071446447969
19.30436595308586 0.4392916646193956
19.399461351869537 0.5226066036314175
19.49455675065321 0.6011991010589987
19.589652149436883 0.6743589697833842
19.68474754822056 0.7414251136684479
19.779842947004234 0.8017915014382881
19.874938345787907 0.8549126429710346
19.97003374457158 0.900308518523263
20.065129143355254 0.9375689163429971
20.16022454213893 0.9663571394752171
20.255319940922604 0.9864130482639787
20.350415339706277 0.9975554110581337
20.44551073848995 0.9996835418788935
20.540606137273627 0.992778210250762
20.6357015360573 0.9769018149743066
20.730796934840974 0.9521978202704987
20.82589233362465 0.9188894593918071
20.92098773240832 0.8772777174146393
21.016083131191998 0.8277386114412386
21.11117852997567 0.7707197927880671
21.206273928759344 0.7067365018643182
21.30136932754302 0.6363669122936441
21.39646472632669 0.5602469063510934
21.491560125110368 0.4790643289260477
21.586655523894045 0.39355277193430505
21.681750922677715 0.3044849453452485
21.77684632146139 0.21266569472567723
21.871941720245065 0.1189247283960947
21.96703711902874 0.02410911991906668
22.062132517812415 -0.07092434633029089
22.15722791659609 -0.16531691734385595
22.252323315379762 -0.2582156314492785
22.347418714163435 -0.34878102594634813
22.44251411294711 -0.43619472276231935
22.537609511730786 -0.5196668235797519
22.63270491051446 -0.5984430476120948
22.727800309298132 -0.6718115475278204
22.822895708081806 -0.7391093419321623
22.917991106865482 -0.7997283062805269
23.013086505649156 -0.8531206680877267
23.10818190443283 -0.8988039567765886
23.203277303216506 -0.9363653634374695
23.298372702000176 -0.965465471102511
23.393468100783853 -0.9858413218266894
23.488563499567526 -0.9973087928604816
23.5836588983512 -0.99976426044234
23.678754297134876 -0.993185536176371
23.773849695918546 -0.977632067533829
23.868945094702223 -0.9532444006666154
23.9640404934859 -0.9202429103869911
24.05913589226957 -0.8789258087897972
24.154231291053247 -0.8296664505119097
24.24932668983692 -0.7729099589795163
24.344422088620593 -0.7091692041294608
24.43951748740427 -0.6390201679513207
24.53461288618794 -0.5630967397286567
24.629708284971617 -0.4820849880112625
24.72480368375529 -0.3967169610788278
24.819899082538964 -0.3077640719168838
24.91499448132264 -0.21603012748063058
25.010089880106314 -0.12234406523642166
25.105185278889987 -0.02755246261582453
25.20028067767366 0.06748811293069147
25.295376076457337 0.16191884415311608
25.39047147524101 0.25488642455115135
25.485566874024684 0.3455507691265909
25.580662272808357 0.4330926056619124
25.67575767159203 0.5167208779278992
25.770853070375708 0.5956798939225025
25.86594846915938 0.6692561545471438
25.961043867943054 0.7367848010143809
26.05613926672673 0.7976556227260303
26.1512346655104 0.8513185713326532
26.246330064294078 0.8972887311476155
26.341425463077755 0.9351507010013816
26.436520861861425 0.9645623479402828
26.5316162606451 0.9852578988500804
26.62671165942877 0.9970503420674091
26.72180705821245 0.999833117277409
26.816902456996125 0.993581078427043
26.911997855779795 0.9783507209529363
27.007093254563472 0.9542796712704087
27.102188653347145 0.9215854431368701
27.19728405213082 0.8805634721274463
27.292379450914495 0.8315844459839752
27.38747484969817 0.7750909549611907
27.482570248481842 0.7115934924386282
27.577665647265516 0.6416658419380403
27.67276104604919 0.5659398922306965
27.767856444832866 0.48509992738693286
27.86295184361654 0.3998764433649195
27.958047242400212 0.3110395470138967
28.053142641183886 0.21939199714067104
28.148238039967563 0.12576195052248942
28.243333438751236 0.030995478415692175
28.33842883753491 -0.06405107881667123
28.433524236318586 -0.15851884987215073
28.528619635102256 -0.25155419354658415
28.623715033885933 -0.34231641251098555
28.718810432669606 -0.4299853501233217
28.81390583145328 -0.5137688016281123
28.909001230236957 -0.5929096727737291
29.004096629020626 -0.6666928211598766
29.099192027804303 -0.7344515184946759
29.19428742658798 -0.795573475366205
29.28938282537165 -0.8495063740868405
29.384478224155327 -0.8957628596137766
29.479573622939 -0.9339249434461269
29.574669021722674 -0.9636477807036592
29.66976442050635 -0.9846627862561883
29.764859819290024 -0.9967800617453129
29.859955218073697 -0.9998901115671468
29.95505061685737 -0.9939648323098577
30.050146015641044 -0.9790577667051474
30.14524141442472 -0.9553036197988842
30.240336813208394 -0.9229170417129272
30.335432211992067 -0.8821906879974887
30.43052761077574 -0.8334925751013313
30.525623009559418 -0.7772627548566082
30.62071840834309 -0.7140093380287903
30.715813807126768 -0.6443039028641288
30.810909205910438 -0.568776330124558
30.90600460469411 -0.48810911128223733
31.001100003477788 -0.4030311813068259
31.09619540226146 -0.31431133177432996
31.191290801045138 -0.2227512638188005
31.286386199828808 -0.12917834370271503
31.38148159861248 -0.034438126468925044
31.476576997396158 0.060613284767004894
31.571672396179835 0.1551169748402781
31.66676779496351 0.2482189779709263
31.76186319374718 0.33907799447363474
31.856958592530855 0.4268729930126592
31.95205399131453 0.5108106297053724
32.047149390098205 0.5901324170331333
32.14224478888188 0.664121577778763
32.23734018766555 0.732109522056337
32.33243558644922 0.7934818889047366
32.4275309852329 0.8476840978511468
32.522626384016576 0.8942263602788132
32.61772178280025 0.9326881053147403
32.71281718158392 0.9627217802435464
32.80791258036759 0.9840559911057403
32.90300797915127 0.9964979551009396
32.998103377934946 0.9999352426353434
33.09319877671862 0.994336793271756
33.18829417550229 0.9797531964017003
33.28338957428597 0.9563162341033787
33.37848497306964 0.9242376903163803
33.473580371853316 0.8838074370937803
33.56867577063699 0.8353908152249262
33.66377116942066 0.7794253328983963
33.75886656820434 0.7164167122370859
33.85396196698801 0.6469343194302591
33.94905736577169 0.5716060197572518
34.04415276455536 0.49111250399462814
34.13924816333903 0.406181137475082
34.23434356212271 0.31757938738001046
34.32943896090639 0.2261078876589248
34.42453435969006 0.13259320424320806
34.519629758473734 0.03788036593012751
34.6147251572574 -0.057174771569483446
34.70982055604108 -0.1517132594191271
34.80491595482476 -0.2448808173949171
34.90001135360843 -0.33583555343683796
34.995106752392104 -0.4237555712565646
35.090202151175774 -0.5078463972569819
35.18529754995945 -0.5873481596515333
35.28039294874313 -0.6615424549103694
35.375488347526804 -0.7297588394860423
35.470583746310474 -0.7913808881573166
35.565679145094144 -0.8458517642460129
35.66077454387782 -0.8926792513725589
35.7558699426615 -0.9314402012817145
35.850965341445175 -0.961784357546501
35.946060740228845 -0.9834375205980759
36.041156139012514 -0.9962040254813515
36.13625153779619 -0.9999685099465401
36.23134693657987 -0.9946969568995991
36.326442335363545 -0.9804370017916509
36.42153773414722 -0.9573175021697032
36.51663313293089 -0.9255473732783563
36.61172853171456 -0.8854137002343622
36.70682393049824 -0.8372791438330495
36.801919329281915 -0.7815786634285863
36.89701472806559 -0.7188155865011603
36.99211012684926 -0.649557060427771
37.08720552563293 -0.5744289275558567
37.18230092441661 -0.49411006989028877
37.277396323200286 -0.4093262744969434
37.37249172198396 -0.32084367505700634
37.46758712076764 -0.22946182883628852
37.5626825195513 -0.1360064916282762
37.65777791833498 -0.041322155958776544
37.752873317118656 0.0537355800204444
37.84796871590233 0.14830774399217608
37.94306411468601 0.2415397514242541
38.03815951346968 0.332589127870619
38.13325491225335 0.42063312184176416
38.228350311037026 0.5048761394521608
38.3234457098207 0.58455693366283
38.41854110860438 0.6589554831547777
38.51363650738805 0.7273994986735174
38.60873190617172 0.7892704980513103
38.7038273049554 0.844009395011213
38.79892270373907 0.8911215512507314
38.89401810252275 0.9301812461528433
38.98911350130642 0.9608355237345958
39.08420890009009 0.982807382071051
39.17930429887377 0.9958982763738842
39.274399697657444 0.9999899131060358
39.36949509644112 0.9950453189202154
39.46459049522479 0.9811091747619751
39.55968589400847 0.9583074121182904
39.65478129279214 0.9268460750600944
39.749876691575814 0.8870094583616798
39.84497209035949 0.8391575385215708
39.94006748914316 0.7837227208989426
40.03516288792684 0.7212059323595166
40.13025828671051 0.6521720947391011
40.225353685494184 0.577245020027903
40.32044908427786 0.49710177340451045
40.41554448306153 0.41246655505686536
40.51063988184521 0.324104156076104
40.605735280628885 0.23281304755798202
40.700830679412555 0.1394181653608743
40.79592607819623 0.04476345571965301
40.8910214769799 -0.050295750924248775
40.98611687576358 -0.144900468964235
41.081212274547255 -0.2381958196990888
41.176307673330925 -0.32933875629226605
41.2714030721146 -0.41750568181464753
41.36649847089827 -0.5018998915315961
41.46159386968195 -0.5817587721835831
41.556689268465625 -0.6563606932051691
41.6517846672493 -0.7250315276112311
41.74688006603297 -0.7871507436255037
41.84197546481664 -0.8421570120055756
41.93707086360032 -0.8895532783946968
42.032166262383996 -0.9289112548650266
42.12726166116767 -0.9598752900652973
42.22235705995134 -0.9821655830009627
42.31745245873501 -0.9955807114061047
42.41254785751869 -0.9999994518598924
42.507643256302366 -0.9953818752004561
42.60273865508604 -0.9817697073376568
42.69783405386972 -0.9592859522043246
42.79292945265338 -0.9281337802531113
42.88802485143706 -0.8885946925428269
42.983120250220736 -0.8410259770042366
43.07821564900441 -0.785857479871232
43.17331104778809 -0.7235877214518258
43.26840644657176 -0.6547793913380977
43.36350184535543 -0.5800542637618017
43.458597244139106 -0.5000875790421634
43.55369264292278 -0.41560194189689653
43.64878804170646 -0.32736079175323035
43.74388344049013 -0.236161504063379
43.8389788392738 -0.14282818496312713
43.93407423805748 -0.048204224383382996
44.029169636841154 0.04685532509285015
44.12426503562483 0.14149147476101867
44.2193604344085 0.23484906189359062
44.31445583319218 0.3260844772659085
44.40955123197585 0.41437328828079323
44.504646630759524 0.49891768880706855
44.5997420295432 0.578953708412662
44.69483742832687 0.6537581158474998
44.78993282711055 0.7226549543940262
44.88502822589422 0.7850216500297681
44.980123624677894 0.8402946372067535
45.07521902346157 0.8879744514112745
45.17031442224524 0.9276302424861107
45.26540982102892 0.9589036679313181
45.360505219812595 0.981512131002451
45.455600618596264 0.995251334345772
45.55069601737994 0.999997126094937
45.64579141616361 0.9957066217472399
45.74088681494729 0.9824185916817931
45.835982213730965 0.960253110817896
45.931077612514635 0.9294104735793938
46.02617301129831 0.890169383969746
46.12126841008198 0.8428844371129074
46.21636380886566 0.7879829150175617
46.311459207649335 0.7259609255193009
46.40655460643301 0.6573789192904299
46.50165000521668 0.582856625427198
46.59674540400035 0.5030674513780748
46.69184080278403 0.4187323978171734
46.786936201567705 0.3306135434499624
46.88203160035138 0.2395071586246256
46.97712699913505 0.1462365099767567
47.07222239791872 0.05164442112687247
47.1673177967024 -0.043414343345253695
47.262413195486076 -0.13808080182861113
47.35750859426975 -0.23149951771545924
47.45260399305343 -0.32282632940201544
