0.0 0.0
0.07349750484626497 0.07343135189331272
0.14699500969252993 0.14646621472962784
0.22049251453879493 0.21871024027556427
0.29399001938505986 0.2897733503856993
0.3674875242313248 0.3592718432107762
0.44098502907758985 0.42683046497740695
0.5144825339238548 0.4920844361527941
0.5879800387701197 0.5546814210542954
0.6614775436163847 0.6142834302690162
0.7349750484626496 0.6705686456114076
0.8084725533089147 0.7232331577650999
0.8819700581551797 0.7719926072266563
0.9554675630014445 0.8165837196910521
1.0289650678477096 0.8567657275886374
1.1024625726939745 0.8923216700980624
1.1759600775402395 0.9230595646158106
1.2494575823865044 0.9488134433570434
1.3229550872327693 0.9694442494906816
1.3964525920790343 0.9848405879700849
1.4699500969252992 0.9949193270052545
1.5434476017715641 0.9996260469289401
1.6169451066178293 0.9989353340330186
1.6904426114640942 0.9928509177885907
1.7639401163103594 0.9814056507088802
1.837437621156624 0.964661330963668
1.910935126002889 0.942708368703042
1.984432630849154 0.9156652978921355
2.057930135695419 0.8836781362926767
2.131427640541684 0.8469195970470987
2.204925145387949 0.8055881561222238
2.278422650234214 0.7599069806478149
2.351920155080479 0.7101227239363797
2.425417659926744 0.656504193690458
2.498915164773009 0.5993409005883455
2.5724126696192737 0.5389414950850939
2.6459101744655387 0.4756321008692062
2.7194076793118036 0.4097545539734468
2.7929051841580685 0.3416645570476043
2.866402689004334 0.2717297587591211
2.9399001938505984 0.20032776869177685
3.013397698696864 0.12784411846087607
3.0868952035431283 0.054670180053818324
3.1603927083893932 -0.018798947364153343
3.2338902132356586 -0.09216657076891065
3.307387718081923 -0.16503654520236719
3.3808852229281885 -0.23701541273815374
3.4543827277744534 -0.30771452693878437
3.527880232620719 -0.3767521513334307
3.6013777374669833 -0.44375552058565376
3.674875242313248 -0.5083628532219351
3.748372747159513 -0.5702253050533614
3.821870252005778 -0.6290088527430626
3.8953677568520435 -0.684396097349177
3.968865261698308 -0.7360879781051869
4.0423627665445725 -0.7838053871841643
4.115860271390838 -0.8272906767280727
4.189357776237103 -0.8663090500049971
4.262855281083368 -0.9006498291828237
4.336352785929633 -0.9301275928740694
4.409850290775898 -0.9545831773097587
4.483347795622163 -0.9738845357365464
4.556845300468428 -0.9879274513968206
4.630342805314693 -0.9966361002420774
4.703840310160958 -0.9999634603412295
4.777337815007223 -0.997891565773264
4.850835319853488 -0.9904316036333691
4.924332824699753 -0.9776238536287521
4.997830329546018 -0.9595374705902946
5.0713278343922825 -0.9362701110743655
5.1448253392385475 -0.9079474060709362
5.218322844084812 -0.8747222826650853
5.291820348931077 -0.8367741383145494
5.365317853777342 -0.7943078722017677
5.438815358623607 -0.7475527788905898
5.512312863469872 -0.6967613102612933
5.585810368316137 -0.6422077124087834
5.659307873162402 -0.5841865448639779
5.732805378008668 -0.5230110901337701
5.806302882854932 -0.45901166214718553
5.879800387701197 -0.392533822741183
5.953297892547462 -0.32393651581612354
6.026795397393728 -0.25359012923541946
6.1002929022399925 -0.18187449493406233
6.173790407086257 -0.10917683803433305
6.2472879119325215 -0.035889686042355325
6.3207854167787865 0.03759125058531243
6.394282921625052 0.11086921506128236
6.467780426471317 0.18354854653654654
6.541277931317582 0.25523681645222934
6.614775436163846 0.32554694743873513
6.688272941010111 0.3940993033214148
6.761770445856377 0.46052373894784915
6.835267950702642 0.5244615987688185
6.908765455548907 0.5855676533817153
6.982262960395171 0.643511963580115
7.055760465241438 0.6979816618446761
7.129257970087702 0.7486826416562716
7.202755474933967 0.795341145510023
7.2762529797802316 0.8377052430557875
7.349750484626496 0.8755461913839845
7.423247989472762 0.9086596701119496
7.496745494319026 0.9368668846020188
7.570242999165291 0.9600155313545938
7.643740504011556 0.9779806203635658
7.717238008857821 0.9906651499938514
7.790735513704087 0.9980006307370606
7.864233018550352 0.9999474550173078
7.937730523396616 0.996495111050415
8.011228028242881 0.9876622396017849
8.084725533089145 0.9734965333364847
8.15822303793541 0.9540744793049902
8.231720542781677 0.9295009459550339
8.30521804762794 0.8999086168994574
8.378715552474207 0.8654572744974168
8.45221305732047 0.8263329371172139
8.525710562166736 0.782746854739047
8.599208067013 0.7349343683208982
8.672705571859266 0.6831536390863279
8.74620307670553 0.6276842545953591
8.819700581551796 0.5688257191248683
8.893198086398062 0.5068958365096393
8.966695591244326 0.4422289941758204
9.04019309609059 0.3751743576320773
9.113690600936856 0.3060939851672053
9.18718810578312 0.23536087293379718
9.260685610629386 0.16335694097342338
9.334183115475652 0.0904709710577268
9.407680620321916 0.017096507479918175
9.48117812516818 -0.05637026786873343
9.554675630014446 -0.12953267466398677
9.628173134860711 -0.2019956760049797
9.701670639706975 -0.2733680113970018
9.77516814455324 -0.3432643093437433
9.848665649399505 -0.4113071681421734
9.92216315424577 -0.47712919364490036
9.995660659092035 -0.5403749829872333
10.069158163938301 -0.6007030435678654
10.142655668784565 -0.6577876369217747
10.216153173630829 -0.7113205375294208
10.289650678477095 -0.7610126970656275
10.36314818332336 -0.806595805102127
10.436645688169625 -0.8478237378368308
10.51014319301589 -0.8844738870274781
10.583640697862155 -0.9163483619541397
10.657138202708419 -0.94327505792066
10.730635707554685 -0.9651085855256929
10.80413321240095 -0.9817310556857899
10.877630717247214 -0.9930527161718438
10.95112822209348 -0.9990124362219392
11.024625726939744 -0.9995780366139629
11.09812323178601 -0.9947464634157689
11.171620736632274 -0.9845438044747383
11.24511824147854 -0.9690251485576998
11.318615746324804 -0.9482742879017813
11.392113251171068 -0.9224032657822487
11.465610756017336 -0.8915517715402232
11.5391082608636 -0.8558863863368006
11.612605765709864 -0.8155996837060646
11.68610327055613 -0.770909189763546
11.759600775402394 -0.7220562086844141
11.83309828024866 -0.6693045197931673
11.906595785094924 -0.612938953299851
11.98009328994119 -0.553263852373012
12.053590794787455 -0.4906014298533887
12.12708829963372 -0.42529002848115305
12.200585804479985 -0.35768229403053314
12.274083309326247 -0.28814327121590905
12.347580814172513 -0.2170484326503939
12.421078319018779 -0.1447816514995183
12.494575823865043 -0.07173312877650237
12.568073328711309 0.0017027135293742166
12.641570833557573 0.0751293621153434
12.715068338403839 0.1481503533196932
12.788565843250105 0.2203714138082511
12.862063348096369 0.29140258943431685
12.935560852942634 0.36086035077734985
13.009058357788897 0.4283696639916375
13.082555862635164 0.4935660157835503
13.15605336748143 0.5560973815835326
13.229550872327692 0.6156261262858749
13.303048377173958 0.6718308272932489
13.376545882020222 0.724408010022565
13.450043386866488 0.7730737865014209
13.523540891712754 0.8175653882075605
13.597038396559018 0.8576425848748916
13.670535901405284 0.8930889816052695
13.744033406251548 0.9237131872823473
13.817530911097814 0.9493498479787216
13.89102841594408 0.9698605397765147
13.964525920790342 0.9851345161806718
14.038023425636608 0.9950893060893429
14.111520930482875 0.9996711590926308
14.185018435329138 0.9988553356953509
14.258515940175403 0.9926462408967457
14.332013445021667 0.9810774004059034
14.405510949867933 0.964211279621301
14.479008454714199 0.9421389463518879
14.552505959560463 0.9149795791008257
14.626003464406729 0.8828798235668832
14.699500969252991 0.8460130008380362
14.772998474099259 0.8045781715525685
14.846495978945525 0.7587990610807331
14.919993483791787 0.7089228515303532
14.993490988638053 0.6552188470989003
15.066988493484317 0.5979770199784328
15.140485998330583 0.5375064446646588
15.213983503176848 0.4741336291240556
15.287481008023112 0.40820075182978555
15.360978512869378 0.34006381418546283
15.434476017715642 0.27009071831268794
15.507973522561908 0.1986592805812025
15.581471027408174 0.1261551916075623
15.654968532254436 0.05296993373717836
15.728466037100704 -0.020501332745815396
15.801963541946966 -0.09386190326750121
15.875461046793232 -0.1667156709515062
15.948958551639498 -0.23866926537902095
16.022456056485762 -0.3093341765734931
16.095953561332028 -0.37832885274158556
16.16945106617829 -0.4452807604437418
16.242948571024556 -0.5098283960706165
16.31644607587082 -0.5716232377644266
16.389943580717087 -0.6303316272459935
16.463441085563353 -0.685636571386589
16.536938590409616 -0.7372394537971039
16.61043609525588 -0.7848616471929057
16.683933600102147 -0.8282460178284619
16.757431104948413 -0.8671583138786565
16.83092860979468 -0.9013884302702647
16.90442611464094 -0.9307515431342006
16.977923619487207 -0.9550891077531256
17.051421124333473 -0.9742697146160243
17.124918629179735 -0.9881897989575524
17.198416134026 -0.9967741999510127
17.271913638872267 -0.9999765665356238
17.345411143718533 -0.9977796076868501
17.4189086485648 -0.9901951857784563
17.49240615341106 -0.9772642525321913
17.565903658257326 -0.9590566279009313
17.639401163103592 -0.9356706230792016
17.712898667949858 -0.9072325096766027
17.786396172796124 -0.8738958379203208
17.859893677642386 -0.8358406075680537
17.933391182488652 -0.7932722960079589
18.006888687334914 -0.7464207487933809
18.08038619218118 -0.6955389386028107
18.153883697027446 -0.6409015993260757
18.227381201873712 -0.582803742651891
18.300878706719978 -0.5215590651664209
18.37437621156624 -0.45749825456363324
18.447873716412506 -0.3909672041129704
18.52137122125877 -0.3223251450252754
18.594868726105034 -0.25194270680111686
18.668366230951303 -0.18019991603459146
18.741863735797565 -0.10748414447802299
18.81536124064383 -0.034188017446745864
18.888858745490097 0.03929270614238534
18.96235625033636 0.1125612706522697
19.035853755182625 0.1852220659885734
19.10935126002889 0.2568827636774083
19.182848764875157 0.3271564352240939
19.256346269721423 0.3956636413149731
19.329843774567685 0.4620344805817557
19.40334127941395 0.5259105868661992
19.476838784260213 0.586947064200943
19.55033628910648 0.64481434905874
19.62383379395275 0.6991999898148721
19.69733129879901 0.7498103338146872
19.770828803645276 0.7963721129370235
19.84432630849154 0.8386339190922751
19.917823813337804 0.8763675616883153
19.99132131818407 0.9093692997346216
20.064818823030336 0.937460941931975
20.138316327876602 0.9604908088078186
20.211813832722864 0.9783345517022812
20.28531133756913 0.9908958241827972
20.358808842415396 0.998106802262035
20.432306347261658 0.9999285506102619
20.505803852107924 0.9963512327847864
20.57930135695419 0.9873941643413573
20.652798861800456 0.9731057085407482
20.72629636664672 0.9535630152136552
20.799793871492984 0.9288716041938925
20.87329137633925 0.8991647955691144
20.946788881185515 0.8646029898254137
21.02028638603178 0.8253728017725974
21.093783890878047 0.7816860529264876
21.16728139572431 0.7337786277888244
21.240778900570575 0.6819092002002213
21.314276405416837 0.6263578366432053
21.387773910263103 0.5674244840366791
21.46127141510937 0.5054273501869598
21.534768919955635 0.44070118564000416
21.6082664248019 0.3735954762119193
21.681763929648163 0.30447255595709116
21.75526143449443 0.23370565076285038
21.828758939340695 0.16167686313424293
21.90225644418696 0.0887751090498965
21.975753949033226 0.015394018028880423
22.04925145387949 -0.058070192252969666
22.122748958725754 -0.13122085532137284
22.19624646357202 -0.2036629976851541
22.269743968418283 -0.2750054714766468
22.34324147326455 -0.3448630664358238
22.416738978110814 -0.41285858983457124
22.49023648295708 -0.4786249031107175
22.563733987803346 -0.5418069042150593
22.637231492649608 -0.6020634449678155
22.710728997495874 -0.6590691730718463
22.784226502342136 -0.7125162888367322
22.857724007188402 -0.7621162071284386
22.93122151203467 -0.8076011155708671
23.004719016880934 -0.8487254205859145
23.0782165217272 -0.8852670734642185
23.151714026573462 -0.9170287693064746
23.225211531419728 -0.9438390123617777
23.298709036265993 -0.9655530420106796
23.37220654111226 -0.982053614393206
23.445704045958525 -0.9932516354614442
23.519201550804787 -0.9990866420385751
23.592699055651053 -0.9995271282868925
23.66619656049732 -0.9945707158220585
23.739694065343585 -0.9842441665550771
23.813191570189847 -0.9686032381926418
23.886689075036113 -0.9477323831760734
23.96018657988238 -0.9217442926844248
24.033684084728645 -0.8907792881638702
24.10718158957491 -0.8550045636687982
24.180679094421173 -0.8146132831055488
24.25417659926744 -0.7698235372531731
24.327674104113704 -0.7208771661927592
24.40117160895997 -0.6680384535035254
24.474669113806236 -0.6115926992763315
24.548166618652495 -0.5518446796495496
24.62166412349876 -0.489117001184923
24.695161628345026 -0.4237483589689677
24.768659133191292 -0.3560917078451008
24.842156638037558 -0.2865123566509248
24.91565414288382 -0.21538599575071105
24.989151647730086 -0.14309666851331193
25.062649152576352 -0.07003469768846023
25.136146657422618 0.0034054221221809827
25.209644162268884 0.0768271545196657
25.283141667115146 0.14983406238699842
25.35663917196141 0.22203194843231713
25.430136676807678 0.2930309836382128
25.503634181653943 0.3624478121247961
25.57713168650021 0.4299076210613513
25.65062919134647 0.4950461644502073
25.724126696192737 0.5575117298555166
25.797624201039003 0.6169670374576375
25.87112170588527 0.6730910611793312
25.944619210731535 0.7255807620506401
26.018116715577793 0.7741527244532449
26.09161422042406 0.8185446864094984
26.16511172527033 0.8585169556533491
26.238609230116595 0.8938537038372288
26.31210673496286 0.924364131886854
26.38560423980912 0.949883500211651
26.459101744655385 0.970274018208274
26.53259924950165 0.9854255882543322
26.606096754347917 0.9952564001752247
26.679594259194182 0.9997133729742441
26.753091764040445 0.9987724414408701
26.82658926888671 0.9924386860897156
26.900086773732976 0.9807463057285336
26.973584278579242 0.9637584328033969
27.047081783425508 0.9415667925180885
27.12057928827177 0.9142912075682718
27.194076793118036 0.8820789511645957
27.267574297964302 0.8451039518380764
27.341071802810568 0.8035658543213448
27.414569307656834 0.7576889415765042
27.488066812503096 0.7077209237900534
27.56156431734936 0.6539316008736242
27.635061822195627 0.5966114056923346
27.708559327041893 0.5360698358864753
27.78205683188816 0.47263378275387175
27.855554336734418 0.40664576621603127
27.929051841580684 0.3384620853982553
28.00254934642695 0.26845089480966694
28.076046851273215 0.19699021651059914
28.149544356119485 0.12446589900064259
28.22304186096575 0.05126953384822174
28.29653936581201 -0.022203658689281154
28.370036870658275 -0.09555696363833438
28.44353437550454 -0.1683943133526595
28.517031880350807 -0.24032242606148924
28.590529385197073 -0.3109529293755889
28.664026890043335 -0.37990445728531175
28.7375243948896 -0.44680470932806116
28.811021899735866 -0.5112924608067334
28.884519404582132 -0.5730195132051302
28.958016909428398 -0.6316525742691171
29.03151441427466 -0.6868750576021354
29.105011919120926 -0.7383887920582527
29.178509423967192 -0.7859156317029261
29.252006928813458 -0.829198957648624
29.325504433659724 -0.8680050636561794
29.399001938505982 -0.9021244180203983
29.472499443352252 -0.9313727949264503
29.545996948198518 -0.9555922691682801
29.619494453044783 -0.9746520688581938
29.69299195789105 -0.9884492815233746
29.766489462737308 -0.9969094097768373
29.839986967583574 -0.9999867735624928
29.91348447242984 -0.9976647568024121
29.986981977276105 -0.9899558971145445
30.06047948212237 -0.9769018181164507
30.133976986968634 -0.9585730046805802
30.2074744918149 -0.935068422354585
30.280971996661165 -0.9065149830016043
30.35446950150743 -0.8730668595457529
30.427967006353697 -0.8349046535228248
30.50146451119996 -0.7922344199309782
30.574962016046225 -0.7452865546466635
30.64845952089249 -0.6943145504131685
30.721957025738757 -0.6395936281187206
30.795454530585022 -0.5814192507545239
30.868952035431285 -0.5201055280765353
30.94244954027755 -0.455983520584914
31.015947045123816 -0.3893994519787727
31.089444549970082 -0.32071283973793485
31.162942054816348 -0.2502945539255759
31.236439559662607 -0.17852481469314033
31.309937064508873 -0.10579113929987116
31.383434569355142 -0.032486249732022875
31.456932074201408 0.04099404778065111
31.530429579047674 0.11425299990163627
31.603927083893932 0.18689504843821686
31.677424588740198 0.25852796613896684
31.750922093586464 0.3287649745059098
31.82441959843273 0.3972268321864664
31.897917103278996 0.4635438826689127
31.971414608125258 0.5273580502249539
32.044912112971524 0.5883247733224299
32.11840961781779 0.6461148650687382
32.191907122664055 0.7004162906396583
32.26540462751032 0.7509358520963925
32.33890213235658 0.7974007714937474
32.412399637202846 0.8395601637315628
32.48589714204911 0.8771863911967305
32.55939464689538 0.910076292881569
32.63289215174164 0.9380522813419209
32.70638965658791 0.960963301572026
32.779887161434175 0.9786856466187687
32.85338466628044 0.9911236255314283
32.92688217112671 0.9982100800403709
33.00037967597297 0.9999067471748999
33.07387718081923 0.9962044658623288
33.1473746856655 0.9871232263927512
33.22087219051176 0.9727120624824316
33.29436969535803 0.9530487865186097
33.367867200204294 0.9282395694152528
33.44136470505056 0.8984183673483068
33.514862209896826 0.8637461984657588
33.58835971474309 0.8244102734778825
33.66185721958936 0.7806229848220014
33.73535472443562 0.7326207598597263
33.80885222928188 0.6806627842987791
33.88234973412815 0.6250296027321952
33.955847238974414 0.5660216038512995
34.02934474382068 0.5039573985113789
34.102842248666946 0.43917209940767965
34.176339753513204 0.37201551165051383
34.24983725835947 0.3028502440093448
34.323334763205736 0.2320497510241944
34.396832268052 0.15999631655576885
34.47032977289827 0.08707898966212343
34.54382727774453 0.013691483946963214
34.6173247825908 -0.05976994827804687
34.690822287437065 -0.13290865553860323
34.76431979228333 -0.20532972889834458
34.8378172971296 -0.2766421342506828
34.911314801975855 -0.3464608236886701
34.98481230682212 -0.41440881455270207
35.05830981166839 -0.4801192249302382
35.13180731651465 -0.5432372546170907
35.20530482136092 -0.603422100844077
35.278802326207185 -0.660348798425199
35.35229983105345 -0.7137099743915549
35.425797335899716 -0.7632175076369186
35.49929484074598 -0.8086040846138118
35.57279234559225 -0.849624642680162
35.64628985043851 -0.8860576933032631
35.71978735528477 -0.917706517976481
35.79328486013104 -0.9444002303913586
35.866782364977304 -0.9659946991300445
35.94027986982357 -0.9823733258959556
36.01377737466983 -0.9934476750806772
36.087274879516094 -0.9991579512677863
36.16077238436236 -0.999473322095324
36.234269889208626 -0.9943920847336569
36.30776739405489 -0.9839416750798231
36.38126489890116 -0.9681785196187238
36.454762403747424 -0.9471877307510289
36.52825990859369 -0.9210826472328584
36.601757413439955 -0.890004222208613
36.67525491828622 -0.8541202621412424
