0.0 0.0
0.10266714055165412 0.102486874369507
0.20533428110330823 0.2038944301111043
0.30800142165496236 0.30315471521048737
0.41066856220661646 0.39922239117549835
0.5133357027582706 0.4910857417951891
0.6160028433099247 0.5777773278130112
0.7186699838615789 0.6583841753067163
0.8213371244132329 0.7320573904782232
0.9240042649648871 0.7980210995973415
1.0266714055165411 0.8555806199502478
1.1293385460681953 0.9041297757421137
1.2320056866198494 0.9431572819080193
1.3346728271715036 0.9722521286024124
1.4373399677231578 0.9911079096615123
1.5400071082748117 0.9995260494543803
1.6426742488264658 0.9974178941397641
1.74534138937812 0.9848056453050923
1.8480085299297742 0.9618221261551979
1.9506756704814283 0.9287093827131062
2.0533428110330822 0.8858161347640393
2.1560099515847364 0.8335941033874797
2.2586770921363906 0.7725932537531017
2.3613442326880447 0.7034560032800502
2.464011373239699 0.6269104561551012
2.566678513791353 0.5437627354589298
2.669345654343007 0.4548884936530604
2.7720127948946613 0.36122369083299344
2.8746799354463155 0.2637547378643652
2.9773470759979697 0.16350810820759765
3.0800142165496234 0.06153952783188811
3.1826813571012775 -0.04107714293735117
3.2853484976529317 -0.1432612185491487
3.388015638204586 -0.2439365692360387
3.49068277875624 -0.34204295404486335
3.5933499193078937 -0.4365471865379203
3.6960170598595483 -0.5264540155752616
3.7986842004112025 -0.6108166065895012
3.9013513409628566 -0.6887465129718365
4.00401848151451 -0.7594230325577496
4.1066856220661645 -0.8221018506765654
4.2093527626178195 -0.8761228787424319
4.312019903169473 -0.9209172058362761
4.414687043721127 -0.956013090069643
4.517354184272781 -0.9810409266336326
4.620021324824435 -0.9957371402130063
4.722688465376089 -0.9999469607733226
4.825355605927744 -0.9936260534884989
4.928022746479398 -0.9768409856435635
5.030689887031052 -0.9497685255955106
5.133357027582706 -0.9126937811751035
5.23602416813436 -0.8660071971346494
5.338691308686014 -0.8102004432624826
5.4413584492376685 -0.7458612364676025
5.544025589789323 -0.6736671513645713
5.646692730340976 -0.5943784845411819
5.749359870892631 -0.5088302476573259
5.852027011444284 -0.4179233736980503
5.954694151995939 -0.3226152289902395
6.057361292547593 -0.2239095309036328
6.160028433099247 -0.12284577741571123
6.262695573650902 -0.02048829986077524
6.365362714202555 0.08208494584817845
6.46802985475421 0.18379373148192982
6.570696995305863 0.2835669326878993
6.6733641358575175 0.3803538093075056
6.776031276409172 0.4731350710217154
6.878698416960826 0.5609336117893389
6.98136555751248 0.6428248000306077
7.084032698064134 0.7179462161871716
7.186699838615787 0.7855067351094775
7.2893669791674425 0.8447948576223141
7.392034119719097 0.8951862035264044
7.494701260270751 0.936150087125124
7.597368400822405 0.9672551060275656
7.700035541374058 0.9881736843706789
7.802702681925713 0.9986855226145086
7.9053698224773665 0.9986799175797455
8.00803696302902 0.988156928294616
8.110704103580675 0.9672273753732389
8.213371244132329 0.9361116739319969
8.316038384683983 0.8951375123348159
8.418705525235639 0.8447364012131477
8.521372665787291 0.7854391291039238
8.624039806338946 0.7178701725634361
8.7267069468906 0.6427411196258728
8.829374087442254 0.5608431758659143
8.932041227993908 0.4730388319862131
9.034708368545562 0.38025278068077284
9.137375509097216 0.2834621784313405
9.24004264964887 0.1836863547926232
9.342709790200525 0.08197607754079535
9.445376930752179 -0.020597513262909886
9.548044071303833 -0.12295418575497725
9.650711211855487 -0.22401599250076035
9.753378352407141 -0.3227186226676577
9.856045492958796 -0.41802261058732704
9.95871263351045 -0.5089242826663585
10.061379774062104 -0.5944663273603558
10.164046914613758 -0.6737478768959995
10.266714055165412 -0.7459339945675917
10.369381195717066 -0.8102644676946427
10.47204833626872 -0.8660618136393474
10.574715476820375 -0.9127384145702857
10.677382617372029 -0.9498027058341085
10.780049757923681 -0.9768643527636943
10.882716898475337 -0.9936383614043285
10.985384039026991 -0.9999480798666638
11.088051179578645 -0.9957270586983666
11.190718320130298 -0.9810197506823306
11.293385460681952 -0.9559810426916867
11.396052601233608 -0.9208746245317811
11.498719741785262 -0.8760702119473118
11.601386882336916 -0.8220396530399253
11.704054022888569 -0.7593519591007158
11.806721163440223 -0.6886673121893405
11.909388303991879 -0.6107301125676667
12.012055444543533 -0.5263611392074072
12.114722585095185 -0.4364489059316792
12.21738972564684 -0.34194030422144667
12.320056866198493 -0.24383063123013785
12.42272400675015 -0.1431531080242444
12.525391147301804 -0.04096799843634763
12.628058287853456 0.06164855687698831
12.73072542840511 0.16361587358069504
12.833392568956764 0.2638601046574495
12.93605970950842 0.36132554939818956
13.038726850060073 0.45498577128864104
13.141393990611727 0.5438544077062544
13.244061131163381 0.6269955575874767
13.346728271715035 0.7035336376699177
13.449395412266691 0.772662603510467
13.552062552818343 0.8336544381701829
13.654729693369998 0.8858668191692038
13.757396833921652 0.9287498829687446
13.860063974473306 0.961852015741518
13.96273111502496 0.9848246094462997
14.065398255576614 0.997425733119056
14.168065396128268 0.9995226807172207
14.270732536679922 0.9910933686850371
14.373399677231575 0.9722265685218099
14.47606681778323 0.9431209719038184
14.578733958334885 0.9040830982053689
14.681401098886539 0.8555240664554677
14.784068239438193 0.7979552657255773
14.886735379989846 0.7319829695448358
14.989402520541502 0.6583019510598681
15.092069661093156 0.5776881661797972
15.19473680164481 0.4909905817623063
15.297403942196462 0.3991222349005099
15.400071082748116 0.30305061746781004
15.502738223299772 0.2037874871838798
15.605405363851427 0.10237821250433378
15.70807250440308 -0.00010923645389723323
15.810739644954733 -0.10259553501174337
15.913406785506387 -0.20400137060533602
16.01607392605804 -0.3032588093357401
16.118741066609697 -0.39932254268672646
16.22140820716135 -0.49118089596813963
16.324075347713006 -0.5778664825518379
16.426742488264658 -0.6584663916973267
16.529409628816314 -0.732131802676262
16.632076769367966 -0.7980869239466359
16.734743909919622 -0.8556371632357246
16.837411050471278 -0.9041764424902381
16.940078191022927 -0.9431935806578979
17.042745331574583 -0.9722776770815165
17.145412472126235 -0.9911224388114901
17.24807961267789 -0.9995294062645924
17.350746753229547 -0.9974100432586803
17.4534138937812 -0.9847866694125902
17.556081034332855 -0.961792225091836
17.658748174884508 -0.9286688713755477
17.761415315436164 -0.8857654397887819
17.864082455987816 -0.8335337586578292
17.96674959653947 -0.7725238947766901
18.069416737091125 -0.7033783604961216
18.172083877642777 -0.6268253472420537
18.274751018194433 -0.5436710567231006
18.37741815874609 -0.45479121058947447
18.48008529929774 -0.3611218279574601
18.582752439849397 -0.2636493679239986
18.68541958040105 -0.1634003408834229
18.788086720952702 -0.06143049805246204
18.890753861504358 0.04118628694819659
18.99342100205601 0.1433693273645711
19.096088142607666 0.24404250433114222
19.19875528315932 0.34214559978681647
19.301422423710974 0.4366454619350188
19.40408956426263 0.52654688566115
19.506756704814283 0.6109030933227029
19.60942384536594 0.6888257055357957
19.71209098591759 0.7594940969528909
19.814758126469243 0.8221640385033897
19.9174252670209 0.8761755350831246
20.02009240757255 0.920959776151831
20.122759548124208 0.9560451260398751
20.225426688675864 0.9810620908785636
20.328093829227516 0.99574720984591
20.430760969779172 0.9999458297480113
20.533428110330824 0.9936137337161242
20.636095250882477 0.9768176068671771
20.738762391434133 0.949734334023702
20.841429531985785 0.9126491368891095
20.94409667253744 0.8659525702962312
21.046763813089093 0.8101364091625235
21.14943095364075 0.7457884694675474
21.252098094192405 0.6735864177945392
21.354765234744058 0.5942906346295241
21.457432375295713 0.5087362065766223
21.560099515847362 0.4178241318218616
21.662766656399018 0.3225118314631835
21.765433796950674 0.22380306663468
21.868100937502327 0.12273736761057533
21.970768078053982 0.02037908621416185
22.073435218605635 -0.08219381317607449
22.17610235915729 -0.1839011059780988
22.278769499708947 -0.28367168356076994
22.381436640260596 -0.3804548333956258
22.48410378081225 -0.4732313044114848
22.586770921363904 -0.5610240410193639
22.68943806191556 -0.6429084727647695
22.792105202467216 -0.7180222512439413
22.894772343018868 -0.7855743317418926
22.997439483570524 -0.8448533039508788
23.100106624122176 -0.8952348840360915
23.202773764673832 -0.9361884891475445
23.305440905225485 -0.9672828251400212
23.408108045777137 -0.9881904286552576
23.510775186328793 -0.998691115732354
23.613442326880445 -0.9986743006281315
23.7161094674321 -0.9881401604272686
23.818776607983757 -0.9671996331773713
23.92144374853541 -0.9360732495686207
24.024110889087066 -0.8950888104619057
24.126778029638718 -0.8446779347240788
24.22944517019037 -0.7853715137260366
24.332112310742026 -0.7177941203736403
24.43477945129368 -0.6426574315515641
24.537446591845335 -0.56075273325017
24.640113732396987 -0.47294258730612704
24.742780872948643 -0.38015174751663383
24.8454480135003 -0.2833574207923375
24.94811515405195 -0.18357897591146027
25.050782294603607 -0.0818672082552216
25.153449435155256 0.020706726419259035
25.256116575706912 0.12306259262707893
25.358783716258568 0.2241224514247949
25.46145085681022 0.32282201249420106
25.564117997361876 0.4181218424885067
25.66678513791353 0.5090183116025984
25.769452278465184 0.5945541630859998
25.87211941901684 0.6738285943878631
25.974786559568493 0.7460067437666467
26.077453700120145 0.8103284824582375
26.180120840671798 0.8661164198096721
26.282787981223453 0.9127830370741222
26.38545512177511 0.949836874739088
26.488122262326762 0.9768877082272911
26.590789402878418 0.9936506574634661
26.69345654343007 0.9999491870280216
26.796123683981726 0.9957169653021114
26.898790824533382 0.9809985630249085
27.00145796508503 0.9559489839063884
27.104125105636687 0.9208320322388557
27.20679224618834 0.876017534698396
27.309459386739995 0.8219774455942134
27.41212652729165 0.7592808765826345
27.514793667843303 0.6885881031892501
27.61746080839496 0.6106436112582329
27.72012794894661 0.5262682565586964
27.822795089498268 0.43635062011746334
27.92546223004992 0.34183765031779084
28.028129370601572 0.2437246903147033
28.13079651115323 0.14304499579115315
28.23346365170488 0.040858853446493225
28.336130792256537 -0.06175758518646209
28.438797932808193 -0.16372363700143186
28.541465073359845 -0.26396546830199685
28.6441322139115 -0.36142740365183057
28.74679935446315 -0.45508304349505474
28.849466495014806 -0.5439460734639795
28.95213363556646 -0.6270806515381638
29.054800776118114 -0.7036112636647971
29.15746791666977 -0.7727319440479546
29.260135057221422 -0.8337147630052182
29.362802197773078 -0.8859174930036718
29.465469338324734 -0.9287903721419803
29.568136478876387 -0.9618818938504402
29.670803619428042 -0.9848435618359864
29.77347075997969 -0.9974335601964627
29.876137900531347 -0.9995193000531539
29.978805041083003 -0.9910788158822381
30.081472181634656 -0.9722009968400134
30.18413932218631 -0.9430846506457293
30.286806462737964 -0.9040364098805601
30.38947360328962 -0.8554675027520584
30.492140743841276 -0.7978894223321287
30.594807884392925 -0.7319085398769861
30.69747502494458 -0.6582197189577653
30.800142165496233 -0.5775989976532626
30.90280930604789 -0.49089541587062924
31.005476446599545 -0.39902207386295085
31.108143587151197 -0.3029465161089482
31.210810727702853 -0.20368054182494
31.313477868254505 -0.10226954941752373
31.41614500880616 0.00021847290649099123
31.518812149357814 0.10270419442974968
31.621479289909466 0.20410830866530028
31.724146430461122 0.3033628998423275
31.826813571012774 0.39942268943299386
31.92948071156443 0.49127604428002486
32.03214785211608 0.5779556303952105
32.134814992667735 0.6585486002307175
32.237482133219395 0.7322062061380626
32.34014927377105 0.798152738772677
32.4428164143227 0.8556936963112208
32.54548355487436 0.9042230984491831
32.64815069542601 0.9432298681530243
32.750817835977664 0.9723032139588175
32.853484976529316 0.9911369561347978
32.95615211708097 0.9995327511478169
33.05881925763263 0.9974021804758987
33.16148639818428 0.9847676817690197
33.26415353873593 0.9617623125517905
33.366820679287585 0.9286283489565532
33.469487819839244 0.8857147342440375
33.5721549603909 0.8334734039819509
33.674822100942556 0.7724545265820515
33.7774892414942 0.7033007093190601
33.880156382045854 0.6267402308493488
33.98282352259751 0.5435793714998596
34.085490663149166 0.4546939220990496
34.188157803700825 0.36101996077279924
34.29082494425247 0.26354399483761654
34.39349208480413 0.1632925716094559
34.49615922535578 0.06132146754000803
34.59882636590744 -0.041295430467586394
34.701493506459094 -0.14347743446922992
34.80416064701074 -0.24414843651417698
34.9068277875624 -0.3422482414460841
35.00949492811405 -0.4367437321217972
35.11216206866571 -0.5266397494639624
35.21482920921736 -0.6109895727662409
35.317496349769016 -0.6889048898802678
35.42016349032067 -0.7595651522852885
35.52283063087233 -0.8222262165196599
35.62549777142398 -0.8762281809687631
35.72816491197563 -0.9210023354779394
35.830832052527285 -0.9560771506019994
35.93349919307894 -0.9810832434168684
36.0361663336306 -0.9957572675969577
36.13883347418225 -0.9999446867907436
36.24150061473391 -0.9936014020873508
36.344167755285554 -0.9767942164348145
36.44683489583721 -0.9497001311190907
36.549502036388866 -0.912604481712835
36.65216917694052 -0.8658979331247466
36.75483631749218 -0.8100723653955252
36.85750345804382 -0.7457156935682994
36.96017059859548 -0.6735056761868718
37.062837739147135 -0.5942027776264358
37.165504879698794 -0.5086421594253732
37.26817202025045 -0.41772488495993776
37.3708391608021 -0.32240843008772024
37.47350630135375 -0.22369659969517838
37.576173441905404 -0.12262895634086579
37.67884058245706 -0.020269872324372912
37.781507723008716 0.08230267952318529
37.88417486356037 0.18400847827984543
37.98684200411202 0.28377643104868966
38.08950914466368 0.38055585294393524
38.19217628521533 0.4733275321543738
38.29484342576699 0.5611144635549199
38.39751056631864 0.6429921378273578
38.50017770687029 0.7180982777328309
38.60284484742195 0.7856419190003611
38.7055119879736 0.8449117401981422
38.80817912852526 0.8952835538632982
38.910846269076906 0.9362268799987967
39.013513409628565 0.9673105327102752
39.11618055018022 0.9882071611481527
39.21884769073188 0.9986966969332152
39.32151483128353 0.9986686717597333
39.42418197183518 0.988123380768837
39.526849112386834 0.967171879440296
39.62951625293849 0.9360348140354553
39.732183393490146 0.895040097908257
39.8348505340418 0.8446194581558025
39.93751767459346 0.7853038889766176
40.0401848151451 0.7177180596186947
40.14285195569676 0.6425737358086753
40.245519096248415 0.5606622839431862
40.34818623680007 0.4728463369826033
40.45085337735173 0.3800507098162917
40.55352051790337 0.2832526597721514
40.65618765845503 0.18347159483972234
40.758854799006684 0.08175833799276429
40.861521939558344 -0.020815939328533695
40.964189080109996 -0.12317099803072884
41.06685622066165 -0.22422890767446524
41.1695233612133 -0.32292539846863927
41.27219050176495 -0.41822106940040127
41.37485764231661 -0.5091123344649293
41.477524782868265 -0.5946419917170651
41.58019192341992 -0.6739093038391938
41.68285906397157 -0.746079484063897
41.78552620452323 -0.8103924875525075
41.88819334507488 -0.8661710156449771
41.99086048562654 -0.9128276486860848
42.09352762617819 -0.9498710323100401
42.19619476672984 -0.9769110520340741
42.2988619072815 -0.9936629416657651
42.40152904783315 -0.999950282257383
42.50419618838481 -0.9957068600243607
42.606863328936456 -0.9809773636616221
42.709530469488115 -0.9559169137141288
42.81219761003977 -0.9207894289580065
42.91486475059143 -0.8759648469963057
43.01753189114308 -0.8219152283401681
43.120199031694725 -0.7592097850043618
43.222866172246384 -0.6885088859725113
43.325533312798036 -0.610557102662234
43.428200453349696 -0.5261753676302308
43.53086759390135 -0.43625232909645045
43.633534734453 -0.3417349923351221
43.73620187500465 -0.24361874649099713
43.838869015556305 -0.14293688185116454
43.941536156107965 -0.04074970796907925
44.04420329665962 0.061866612759007136
44.14687043721127 0.16383139846851424
44.24953757776292 0.26407082879674565
44.35220471831458 0.3615292535927019
44.454871858866234 0.4551803102711495
44.55753899941789 0.5440377327310195
44.66020613996954 0.6271657380061437
44.76287328052119 0.7036888812637614
44.86554042107285 0.7728012753647399
44.9682075616245 0.8337750778918672
45.07087470217616 0.8859681562668399
45.17354184272781 0.9288308502323261
45.27620898327947 0.9619117604816076
45.37887612383112 0.9848625024739253
45.48154326438278 0.9974413753718915
45.58421040493443 0.9995159074622202
45.68687754548608 0.9910642512532902
45.789544686037736 0.9721754135573284
45.89221182658939 0.9430483181341869
45.99487896714105 0.9039897107682414
46.0975461076927 0.8554109288406951
46.20021324824435 0.7978235694177855
46.302880388796005 0.7318341014755613
46.405547529347665 0.658137479001384
46.50821466989932 0.5775098222344627
46.61088181045097 0.49080024412129053
46.71354895100262 0.39892190806402483
46.816216091554274 0.30284241113514926
46.918883232105934 0.20357359403556122
47.021550372657586 0.10216088511036997
47.124217513209246 -0.0003277093564813515
47.22688465376089 -0.1028128526222241
47.32955179431255 -0.20421524428972637
47.4322189348642 -0.30346698672900585
47.534886075415855 -0.3995228314131122
47.637553215967515 -0.4913711867297113
47.74022035651916 -0.5780447713420679
47.84288749707082 -0.6586308009059147
47.94555463762247 -0.7322806008627348
48.04822177817413 -0.7982185440746805
48.150888918725784 -0.8557502191760676
48.253556059277436 -0.9042697436183914
48.35622319982909 -0.943266144392961
48.45889034038074 -0.9723287392340094
48.5615574809324 -0.9911514616312622
48.66422462148405 -0.9995360841040143
48.766891762035705 -0.9973943057915131
48.86955890258736 -0.9847486823746082
48.97222604313902 -0.9617323885354153
49.07489318369067 -0.9285878154566027
49.17756032424233 -0.8856640181304092
49.280227464793974 -0.8334130393605673
49.382894605345626 -0.7723851491700311
49.485561745897286 -0.7032230497497856
49.58822888644894 -0.6266551069779962
49.6908960270006 -0.543487679790299
49.79356316755224 -0.45459662818294266
49.8962303081039 -0.36091808928023716
49.998897448655555 -0.26343861860645834
50.101564589207214 -0.16318480038697997
50.20423172975887 -0.06121243629582574
50.30689887031051 0.04140457349420003
50.40956601086217 0.14358553986182251
50.512233151413824 0.24425436578389573
50.61490029196548 0.34235087902144273
50.717567432517136 0.4368419970970925
50.82023457306879 0.5267326069825887
50.92290171362044 0.6110760449190802
51.0255688541721 0.6889840660043165
51.12823599472375 0.7596361985541014
51.230903135275405 0.8222883847246272
