0.0 0.0
0.09265278919419523 0.09252028249671508
0.18530557838839046 0.1842468890104312
0.2779583675825857 0.2743929520281302
0.3706111567767809 0.3621851625709771
0.4632639459709761 0.44687040394799415
0.5559167351651714 0.5277222122922149
0.6485695243593665 0.6040470084582543
0.7412223135535618 0.6751900478215874
0.833875102747757 0.7405410369397762
0.9265278919419522 0.7995393688936822
1.0191806811361475 0.8516789323978098
1.1118334703303427 0.8965124534253126
1.2044862595245378 0.9336553321034646
1.297139048718733 0.9627889419651738
1.3897918379129282 0.9836633632542384
1.4824446271071237 0.9960995268369609
1.575097416301319 0.9999907503287883
1.667750205495514 0.9953036532584706
1.7604029946897093 0.9820784434190916
1.8530557838839044 0.9604285719495409
1.9457085730780996 0.9305397601052741
2.038361362272295 0.8926684060671117
2.1310141514664904 0.8471393854551084
2.2236669406606855 0.794343264415563
2.3163197298548805 0.7347329491884242
2.4089725190490756 0.6688198008964433
2.501625308243271 0.5971692488849643
2.594278097437466 0.5203959402428803
2.6869308866316617 0.43915846711409984
2.7795836758258563 0.3541537170307619
2.872236465020052 0.26611089473328897
2.9648892542142473 0.17578526676051265
3.0575420434084424 0.08395168247126271
3.150194832602638 -0.008602072923303518
3.2428476217968325 -0.10108203629628187
3.335500410991028 -0.1926948775382426
3.428153200185223 -0.2826547050601631
3.5208059893794186 -0.37018980748576946
3.6134587785736136 -0.45454927370033277
3.7061115677678087 -0.5350094344665111
3.798764356962004 -0.6108800703484677
3.8914171461561993 -0.6815103326902168
3.9840699353503943 -0.7462943268556765
4.07672272454459 -0.8046763098351596
4.1693755137387845 -0.8561554576311562
4.262028302932981 -0.9002901615268722
4.3546810921271755 -0.9367018163824
4.447333881321371 -0.9650780684610226
4.539986670515566 -0.9851754949244754
4.632639459709761 -0.996821692011403
4.725292248903957 -0.9999167539857686
4.817945038098151 -0.9944341301682114
4.910597827292348 -0.9804208526983913
5.003250616486542 -0.9579971330744883
5.095903405680737 -0.9273553309308952
5.188556194874932 -0.8887583039003476
5.281208984069128 -0.8425371527160327
5.373861773263323 -0.7890883808970879
5.466514562457518 -0.7288704933828498
5.559167351651713 -0.6624000632941217
5.651820140845909 -0.5902473005623613
5.744472930040104 -0.5130311604408615
5.837125719234299 -0.4314140338590521
5.929778508428495 -0.3460960651682188
6.022431297622689 -0.2578091460232607
6.115084086816885 -0.16731063692338147
6.207736876011079 -0.07537687027085715
6.300389665205276 0.01720350931878065
6.39304245439947 0.10963631032563295
6.485695243593665 0.20112860721790735
6.5783480327878605 0.29089554248422184
6.671000821982056 0.37816705945520873
6.7636536111762515 0.4621945081575802
6.856306400370446 0.5422570675329894
6.948959189564642 0.6176679289293356
7.041611978758837 0.6877801878200387
7.134264767953032 0.7519923932097734
7.226917557147227 0.8097537071216353
7.319570346341423 0.8605686299055884
7.412223135535617 0.9040012508326197
7.504875924729812 0.9396789875112991
7.597528713924008 0.9672957820485307
7.690181503118204 0.9866147265365539
7.7828342923123985 0.997470095343721
7.875487081506593 0.9997687667752387
7.968139870700789 0.993491021908307
8.060792659894984 0.9786907137489242
8.15344544908918 0.9554948052592657
8.246098238283375 0.9241022802186205
8.338751027477569 0.8847824362609579
8.431403816671764 0.8378725747321252
8.524056605865962 0.7837751071840168
8.616709395060155 0.722954103327356
8.709362184254351 0.6559313100561208
8.802014973448546 0.5832816756940462
8.894667762642742 0.5056284178579709
8.987320551836937 0.42363767724789
9.079973341031131 0.33801280322563654
9.172626130225327 0.24948832020277276
9.265278919419522 0.15882362659645421
9.357931708613718 0.06679648040611039
9.450584497807913 -0.025803672705705733
9.543237287002109 -0.11818247159391784
9.635890076196302 -0.20954745397849964
9.728542865390498 -0.29911485450283304
9.821195654584695 -0.38611632818636377
9.913848443778889 -0.46980554159511156
10.006501232973084 -0.5494645751883477
10.099154022167278 -0.6244100819195
10.191806811361474 -0.6939991492604097
10.284459600555671 -0.7576348143620956
10.377112389749865 -0.814771185040803
10.46976517894406 -0.8649181226594749
10.562417968138256 -0.9076454467329791
10.65507075733245 -0.9425866251883487
10.747723546526647 -0.9694419186234853
10.840376335720842 -0.9879809515916128
10.933029124915036 -0.9980446888539953
11.025681914109231 -0.9995467996478122
11.118334703303425 -0.9924743982659656
11.210987492497622 -0.976888154595829
11.303640281691818 -0.9529217736686927
11.396293070886012 -0.9207808486845341
11.488945860080207 -0.8807410973513282
11.581598649274403 -0.8331459966682897
11.674251438468598 -0.7784038364428117
11.766904227662794 -0.7169842168172197
11.85955701685699 -0.6494140198509526
11.952209806051183 -0.576272889715554
12.044862595245379 -0.49818826027515706
12.137515384439574 -0.4158299727078898
12.23016817363377 -0.32990452934036785
12.322820962827965 -0.24114903298820095
12.415473752022159 -0.15032486379326804
12.508126541216354 -0.05821114780037004
12.600779330410552 0.03440192669755373
12.693432119604745 0.12671988771060422
12.78608490879894 0.21795079485038493
12.878737697993136 0.30731203291134046
12.97139048718733 0.39403702545697206
13.064043276381527 0.47738181081907777
13.156696065575721 0.5566314240984416
13.249348854769917 0.6311060304196827
13.342001643964112 0.7001667568266716
13.434654433158306 0.7632211727902458
13.527307222352503 0.8197283723142117
13.619960011546699 0.869203614043282
13.712612800740892 0.9112224795682847
13.805265589935088 0.9454245142570036
13.897918379129283 0.9715163193781585
13.990571168323479 0.9892740689930587
14.083223957517674 0.9985454300240145
14.17587674671187 0.9992508690283968
14.268529535906064 0.9913843344683144
14.361182325100259 0.9750133086231254
14.453835114294455 0.9502782286994592
14.54648790348865 0.917391282104695
14.639140692682846 0.8766345862185259
14.73179348187704 0.828357768277255
14.824446271071235 0.7729749661315404
14.917099060265432 0.7109612756062974
15.009751849459624 0.6428486749387222
15.102404638653821 0.5692214612562111
15.195057427848017 0.49071123824196194
15.28771021704221 0.4079914979859772
15.380363006236408 0.3217718435005798
15.4730157954306 0.23279190146201473
15.565668584624797 0.1418149773970049
15.658321373818994 0.04962150774272341
15.750974163013186 -0.04299763504908338
15.843626952207384 -0.1352479269322807
15.936279741401577 -0.22633800801131532
16.028932530595775 -0.3154864711429073
16.12158531978997 -0.40192856515898756
16.214238108984162 -0.48492275520807304
16.30689089817836 -0.5637570839377586
16.399543687372553 -0.6377552789495959
16.49219647656675 -0.7062825541341965
16.584849265760948 -0.7687510551203137
16.677502054955138 -0.824624902124736
16.770154844149335 -0.8734247869433847
16.86280763334353 -0.9147320846487405
16.955460422537726 -0.9481924447219083
17.048113211731923 -0.9735188308130621
17.140766000926114 -0.9904939830540479
17.23341879012031 -0.9989722818004203
17.326071579314505 -0.9988809968149788
17.418724368508702 -0.9902209111768343
17.5113771577029 -0.9730663145638414
17.604029946897093 -0.9475643659660341
17.696682736091287 -0.913933831296956
17.789335525285484 -0.8724632067321677
17.881988314479678 -0.823508243873687
17.974641103673875 -0.767488897970466
18.06729389286807 -0.7048857253743369
18.159946682062262 -0.636235761135432
18.25259947125646 -0.5621279121007643
18.345252260450653 -0.4831979050357934
18.43790504964485 -0.40012283310597824
18.530557838839044 -0.3136153475008515
18.62321062803324 -0.22441754402709482
18.715863417227435 -0.13329459711396396
18.80851620642163 -0.04102819584101068
18.901168995615826 0.05159016170343659
18.99382178481002 0.14376595820939125
19.086474574004217 0.23470847283245333
19.17912736319841 0.32363756431340157
19.271780152392605 0.40979036334192526
19.364432941586802 0.49242781675463604
19.457085730780996 0.5708410274286487
19.549738519975193 0.6443573354846178
19.64239130916939 0.7123460886321643
19.73504409836358 0.7742240521574342
19.827696887557778 0.8294604121437302
19.92034967675197 0.8775813290055369
20.01300246594617 0.9181740022740041
20.105655255140366 0.9508902117644367
20.198308044334556 0.9754493047482999
20.290960833528754 0.9916406035045671
20.383613622722947 0.99932521259745
20.476266411917145 0.9984372103770021
20.568919201111342 0.9889842144813904
20.661571990305536 0.9710473164897514
20.75422477949973 0.9447803862861937
20.846877568693923 0.9104087521023987
20.93953035788812 0.8682272675619372
21.032183147082318 0.8185977823079761
21.12483593627651 0.7619460379123296
21.217488725470705 0.6987580156939941
21.3101415146649 0.6295757677770504
21.402794303859096 0.5549927671507667
21.495447093053293 0.4756488166209704
21.588099882247487 0.3922245603257107
21.680752671441684 0.3054356448976365
21.773405460635875 0.21602658036101394
21.866058249830072 0.12476435342696082
21.95871103902427 0.032431847974758024
22.051363828218463 -0.06017887083917361
22.14401661741266 -0.15227335123294675
22.23666940660685 -0.24306156992427333
22.329322195801048 -0.3317647092661597
22.421974984995245 -0.41762183825609395
22.51462777418944 -0.49989644010651363
22.607280563383636 -0.5778827303803553
22.69993335257783 -0.6509117114921839
22.792586141772023 -0.71835691163704
22.88523893096622 -0.7796397589161055
22.977891720160414 -0.8342345445578215
23.07054450935461 -0.8816729326579831
23.163197298548805 -0.9215479777523999
23.255850087743 -0.9535176157578439
23.348502876937197 -0.9773075983345424
23.44115566613139 -0.99271384549811
23.533808455325588 -0.999604196299274
23.62646124451978 -0.9979195425533444
23.71911403371398 -0.9876743358938627
23.811766822908172 -0.9689564638007105
23.904419612102366 -0.941926495666158
23.997072401296563 -0.9068163053664037
24.089725190490757 -0.8639270821547407
24.182377979684954 -0.8136267469396845
24.275030768879148 -0.7563467961122967
24.36768355807334 -0.6925785999975707
24.46033634726754 -0.6228691876832847
24.552989136461733 -0.547816554385734
24.64564192565593 -0.46806453160760203
24.738294714850127 -0.3842972640938758
24.830947504044317 -0.2972333409646231
24.923600293238515 -0.20761963137012535
25.01625308243271 -0.11622487754867016
25.108905871626906 -0.023833100248163493
25.201558660821103 0.0687631269173557
25.294211450015297 0.16076947648114492
25.38686423920949 0.25139668118243413
25.479517028403684 0.33986730461661346
25.57216981759788 0.42542241039562273
25.66482260679208 0.5073280726077847
25.757475395986273 0.5848816717277859
25.850128185180466 0.6574179219679556
25.94278097437466 0.724314578365796
26.035433763568857 0.784997774650119
26.128086552763055 0.8389469460954065
26.22073934195725 0.885699295134212
26.313392131151442 0.924853761419773
26.406044920345636 0.9560744622820481
26.498697709539833 0.9790935740635857
26.59135049873403 0.9937136296179604
26.684003287928224 0.9998092122619273
26.77665607712242 0.9973280316498854
26.86930886631661 0.9862913723413732
26.96196165551081 0.9667939112136027
27.054614444705006 0.9390029052853488
27.1472672338992 0.9031567569193536
27.239920023093397 0.8595629687115139
27.33257281228759 0.8085955056106511
27.425225601481785 0.7506915868976167
27.517878390675982 0.686347935543457
27.610531179870176 0.616116517121132
27.703183969064373 0.540599804824076
27.795836758258567 0.46044561121023153
27.88848954745276 0.3763415310068406
27.981142336646958 0.2890090426479073
28.07379512584115 0.1991973191436749
28.16644791503535 0.10767680137491953
28.259100704229542 0.015232588942995255
28.35175349342374 -0.07734229472854297
28.444406282617933 -0.16925370526597594
28.537059071812127 -0.25971318983346875
28.629711861006324 -0.3479447507967954
28.722364650200518 -0.43319150254136407
28.815017439394715 -0.5147221643397286
28.90767022858891 -0.5918373335700883
29.000323017783103 -0.6638754854716975
29.0929758069773 -0.7302186479688039
29.185628596171494 -0.7902977028822395
29.27828138536569 -0.8435972680527754
29.370934174559885 -0.8896601184953707
29.46358696375408 -0.9280911086579586
29.556239752948276 -0.9585605621380064
29.64889254214247 -0.9808070997785353
29.741545331336667 -0.9946398818830643
29.834198120530864 -0.9999402453148383
29.926850909725058 -0.9966627214366741
30.019503698919248 -0.9848354261591127
30.112156488113445 -0.964559818750891
30.204809277307643 -0.936009831480766
30.29746206650184 -0.8994303775569525
30.390114855696034 -0.8551352501636829
30.482767644890224 -0.8035044306177809
30.57542043408442 -0.7449808287369611
30.66807322327862 -0.680066483382307
30.760726012472816 -0.6093182557681356
30.853378801667013 -0.5333430524838113
30.9460315908612 -0.452792619206324
31.038684380055397 -0.3683579497651949
31.131337169249594 -0.2807633585211275
31.22398995844379 -0.19076026690772474
31.31664274763799 -0.09912075743793991
31.40929553683218 -0.006630950471524597
31.501948326026373 0.08591573943981924
31.59460111522057 0.17772540977972937
31.687253904414767 0.2680104804804649
31.779906693608964 0.35599645009969527
31.872559482803155 0.44092853980359303
31.96521227199735 0.5220781681615366
32.05786506119155 0.5987492012089648
32.15051785038575 0.670283924162911
32.24317063957994 0.7360686835624579
32.33582342877413 0.7955391514335299
32.428476217968324 0.8481851663199264
32.52112900716252 0.893555109652304
32.61378179635672 0.9312597799128854
32.706434585550916 0.9609757313617185
32.799087374745106 0.982448048683582
32.8917401639393 0.9954925337535079
32.9843929531335 0.9999972857619506
33.0770457423277 0.9959236611446883
33.169698531521895 0.9833066050827695
33.26235132071608 0.9622543517287778
33.355004109910276 0.9329474957309741
33.44765689910447 0.895637443020201
33.54030968829867 0.8506442541492567
33.63296247749287 0.7983538986854812
33.72561526668706 0.7392149442094585
33.818268055881255 0.6737347083229062
33.91092084507545 0.6024749066754334
34.00357363426965 0.5260468343430452
34.09622642346385 0.4451061218945232
34.18887921265804 0.3603471111302191
34.28153200185223 0.27249689874039873
34.374184791046424 0.1823090989790714
34.46683758024062 0.0905573788595566
34.55949036943482 -0.001971178670573793
34.65214315862901 -0.09448282664176781
34.74479594782321 -0.18618396314145358
34.837448737017404 -0.27628793914857186
34.9301015262116 -0.3640218067234954
35.0227543154058 -0.4486329496645572
35.11540710459999 -0.5293955397508009
35.208059893794186 -0.6056167631867502
35.300712682988376 -0.6766427638361666
35.39336547218257 -0.7418642522615163
35.48601826137677 -0.8007217324523864
35.57867105057097 -0.852710301406033
35.67132383976516 -0.8973839803872444
35.763976628959355 -0.9343595407122971
35.85662941815355 -0.9633197912378403
35.94928220734775 -0.9840162993533859
36.04193499654195 -0.9962715221355879
36.13458778573614 -0.9999803293824404
36.227240574930335 -0.9951109054621933
36.319893364124525 -0.9817050222405639
36.41254615331872 -0.9598776807449658
36.50519894251292 -0.9298161246397109
36.59785173170711 -0.8917782339749756
36.69050452090131 -0.846090312988591
36.783157310095504 -0.7931442909378158
36.8758100992897 -0.7333943599734198
36.9684628884839 -0.6673530788977824
37.06111567767809 -0.595586976230513
37.153768466872286 -0.5187116903002288
37.24642125606648 -0.4373866880528039
37.33907404526067 -0.35230960788016635
37.43172683445487 -0.26421027499915867
37.52437962364906 -0.17384444071900984
37.61703241284326 -0.08198729930431888
37.709685202037456 0.010573161951306401
37.80233799123165 0.1030429223954052
37.89499078042585 0.19462873944335013
37.98764356962004 0.2845449533304566
38.08029635881424 0.37202022681566443
38.172949148008435 0.45630416202081564
38.26560193720263 0.5366737376437719
38.35825472639682 0.6124395113242751
38.45090751559101 0.682951533956246
38.54356030478521 0.7476049252111225
38.63621309397941 0.8058450624432083
38.728865883173604 0.8571723384645407
38.8215186723678 0.9011464473751419
38.91417146156199 0.9373901616831098
39.00682425075619 0.9655925683129095
39.099477039950386 0.9855117357420563
39.192129829144584 0.9969767893864784
39.28478261833878 0.9998893774310297
39.377435407532964 0.9942245145306939
39.47008819672716 0.980030796144861
39.56274098592136 0.957429981666048
39.655393775115556 0.9266159499191351
39.74804656430975 0.8878530359912722
39.84069935350394 0.8414737636597948
39.93335214269814 0.7878759928702678
40.02600493189234 0.7275195067347862
40.118657721086535 0.6609220673285537
40.21131051028073 0.5886549741197474
40.30396329947492 0.5113381631342174
40.39661608866911 0.4296348888963212
40.48926887786331 0.34424603476638216
40.58192166705751 0.2559041004829491
40.674574456251705 0.1653669184870862
40.767227245445895 0.0734111529326425
40.85988003464009 -0.019174362849483675
40.95253282383429 -0.11159539327907665
41.04518561302849 -0.20305911379706107
41.137838402222684 -0.2927809120316207
41.230491191416874 -0.37999111851689127
41.32314398061107 -0.46394160922546335
41.41579676980526 -0.5439122232754251
41.50844955899946 -0.6192169407584582
41.601102348193656 -0.689209767692913
41.693755137387846 -0.7532902776185431
41.786407926582044 -0.8109087622948098
41.87906071577624 -0.8615709473179742
41.97171350497044 -0.9048422322046175
42.064366294164635 -0.9403514185683829
42.157019083358826 -0.9677938944081784
42.24967187255302 -0.9869342471917472
42.34232466174722 -0.9976082833184998
42.43497745094141 -0.9997244366378926
42.52763024013561 -0.9932645539404821
42.6202830293298 -0.9782840506834164
42.712935818523995 -0.9549114356144782
42.80558860771819 -0.923347208372661
42.89824139691239 -0.8838621395220804
42.99089418610659 -0.8367949477737916
43.08354697530078 -0.7825493943212342
43.176199764494974 -0.7215908192152294
43.26885255368917 -0.654442149490955
43.36150534288337 -0.5816794132906986
43.45415813207756 -0.5039267984641033
43.54681092127175 -0.42185129803515725
43.63946371046595 -0.33615698846930764
43.732116499660144 -0.24757898982398693
43.82476928885434 -0.15687715959476004
43.91742207804854 -0.06482957435385904
44.01007486724273 0.027774144901806498
44.102727656436926 0.12013960643536635
44.19538044563112 0.2114744623799508
44.28803323482532 0.30099520581558836
44.38068602401952 0.38793389200489026
44.4733388132137 0.47154472613010345
44.5659916024079 0.5511104610193586
44.658644391602095 0.6259485499796674
44.75129718079629 0.6954170019554639
44.84394996999049 0.7589198887846038
44.93660275918468 0.8159124573084537
45.02925554837888 0.8659058024823536
45.121908337573075 0.9084710613985825
45.21456112676727 0.9432430922439042
45.30721391596147 0.9699236066320615
45.39986670515566 0.9882837284408397
45.49251949434985 0.9981659572029781
45.58517228354405 0.9994855192081572
45.677825072738244 0.9922310947257903
45.77047786193244 0.9764649151102005
45.86313065112663 0.9523222289551779
45.95578344032083 0.9200101418774467
46.048436229515026 0.8798058398818727
46.14108901870922 0.832054211549057
46.23374180790342 0.7771648894431696
