0.0 0.0
0.11684263274119151 0.11657695431294623
0.23368526548238303 0.23156418646969038
0.3505278982235746 0.34339365284002044
0.46737053096476605 0.4505403712226691
0.5842131637059575 0.5515432165335141
0.7010557964471492 0.6450248456949601
0.8178984291883407 0.7297104800172418
0.9347410619295321 0.8044452889424025
1.0515836946707235 0.868210138094458
1.168426327411915 0.920135486884693
1.2852689601531067 0.9595132461549472
1.4021115928942984 0.9858064341600508
1.5189542256354898 0.9986564992139074
1.6357968583766813 0.99788820914267
1.7526394911178726 0.9835120408691214
1.8694821238590642 0.9557240375422738
1.986324756600256 0.9149031351604612
2.103167389341447 0.8616059951439018
2.2200100220826386 0.7965594133232624
2.33685265482383 0.7206504088603914
2.4536952875650218 0.6349141282553932
2.5705379203062133 0.5405197293891834
2.687380553047405 0.43875443809626224
2.804223185788597 0.3310059946830577
2.9210658185297875 0.21874372976298276
3.0379084512709795 0.10349852747090243
3.154751084012171 -0.013158050707813706
3.2715937167533626 -0.12963519681210378
3.388436349494554 -0.24434454973797032
3.5052789822357453 -0.3557218552042422
3.622121614976937 -0.4622482969814063
3.7389642477181284 -0.5624712084964452
3.85580688045932 -0.6550238823762461
3.972649513200512 -0.7386442077932482
4.089492145941703 -0.8121918814618855
4.206334778682894 -0.8746639575850476
4.323177411424086 -0.9252085247009691
4.440020044165277 -0.9631363229238222
4.556862676906469 -0.9879301431574686
4.67370530964766 -0.9992518801083304
4.790547942388852 -0.9969471429177382
4.9073905751300435 -0.9810473605400484
5.024233207871235 -0.9517693531561756
5.141075840612427 -0.9095123754670327
5.257918473353618 -0.8548526721865304
5.37476110609481 -0.7885356199791086
5.491603738836001 -0.7114655629996613
5.608446371577194 -0.6246934806452904
5.725289004318385 -0.529402655689781
5.842131637059575 -0.42689253823977946
5.958974269800768 -0.3185610255546989
6.075816902541959 -0.20588539937470657
6.192659535283151 -0.09040218070824418
6.309502168024342 0.026313823207136138
6.426344800765533 0.14267099404085545
6.543187433506725 0.2570826067528111
6.660030066247916 0.36798846724866296
6.776872698989108 0.47387618824121686
6.8937153317302995 0.5733018131858548
7.010557964471491 0.6649095070481127
7.127400597212683 0.7474500453867651
7.244243229953874 0.8197978496227928
7.361085862695066 0.8809663361897929
7.477928495436257 0.9301213702544262
7.594771128177448 0.9665926405428916
7.71161376091864 0.9898828001585912
7.828456393659831 0.9996742487406233
7.945299026401024 0.9958334634770059
8.062141659142215 0.978412819912003
8.178984291883406 0.9476498777177973
8.295826924624597 0.9039641411702062
8.412669557365788 0.847951338504789
8.529512190106981 0.7803752981639067
8.646354822848172 0.702157532715731
8.763197455589363 0.6143646724859066
8.880040088330555 0.5181939202653817
8.996882721071746 0.41495672544382867
9.113725353812939 0.3060609001992121
9.23056798655413 0.1929914216192414
9.34741061929532 0.07729018154993335
9.464253252036512 -0.039465039683927804
9.581095884777705 -0.15568208895789787
9.697938517518896 -0.26977615202418215
9.814781150260087 -0.3801913651100791
9.931623783001278 -0.4854220317281577
10.04846641574247 -0.5840331553714273
10.165309048483662 -0.6746800080957805
10.282151681224853 -0.7561264681392835
10.398994313966044 -0.8272618765141604
10.515836946707235 -0.8871161827035614
10.632679579448427 -0.9348731729261764
10.74952221218962 -0.9698816005791259
10.86636484493081 -0.9916640670768845
10.983207477672002 -0.9999235319811237
11.100050110413193 -0.9945473636449281
11.216892743154387 -0.9756088751340731
11.333735375895579 -0.9433663244805022
11.45057800863677 -0.8982593929012145
11.56742064137796 -0.8409031890079638
11.68426327411915 -0.7720798607704089
11.801105906860345 -0.6927279296176527
11.917948539601536 -0.6039294921256017
12.034791172342727 -0.5068954638165298
12.151633805083918 -0.40294906629643645
12.26847643782511 -0.2935077829107131
12.385319070566302 -0.18006402898301146
12.502161703307493 -0.0641648002310089
12.619004336048684 0.05260942311299243
12.735846968789875 0.16866622879892712
12.852689601531067 0.2824229877688967
12.96953223427226 0.3923284359568779
13.08637486701345 0.49688382837419026
13.203217499754642 0.5946633770093388
13.320060132495833 0.6843336938371788
13.436902765237024 0.7646719737994118
13.553745397978217 0.8345826698009905
13.670588030719408 0.8931124323309033
13.787430663460599 0.9394631099805868
13.90427329620179 0.9730026335760867
14.021115928942981 0.9932736355006004
14.137958561684174 0.9999996866684845
14.254801194425365 0.9930890660991354
14.371643827166556 0.9726360116862859
14.488486459907747 0.9389194351063794
14.605329092648939 0.8923991183904039
14.722171725390131 0.8337094440252979
14.839014358131323 0.7636507440855148
14.955856990872514 0.6831783863638167
15.072699623613705 0.5933897463302179
15.189542256354896 0.495509242578238
15.306384889096089 0.39087163982524
15.42322752183728 0.28090384715843636
15.540070154578471 0.16710545973796118
15.656912787319662 0.051028309303531756
15.773755420060853 -0.06574469765220968
15.890598052802048 -0.18162116546669385
16.007440685543237 -0.2950209242911388
16.12428331828443 -0.4043975783548483
16.24112595102562 -0.5082595936632874
16.357968583766812 -0.6051906375639522
16.474811216508005 -0.6938688928158516
16.591653849249195 -0.7730850827829782
16.708496481990387 -0.8417589619480057
16.825339114731577 -0.8989540468704044
16.94218174747277 -0.9438903867077246
17.059024380213963 -0.9759551991525262
17.175867012955152 -0.9947112267461764
17.292709645696345 -0.9999026996171466
17.409552278437534 -0.9914588233318802
17.526394911178727 -0.9694947442955476
17.64323754391992 -0.9343099795378261
17.76008017666111 -0.8863843322962077
17.876922809402302 -0.8263713490946946
17.99376544214349 -0.7550894075416049
18.110608074884684 -0.67351055637926
18.227450707625877 -0.5827472599702337
18.34429334036707 -0.48403722798125837
18.46113597310826 -0.3787265371375111
18.577978605849452 -0.2682512752104144
18.69482123859064 -0.15411795755399846
18.811663871331834 -0.03788298324308707
18.928506504073024 0.0788685890366003
19.045349136814217 0.19454465592023057
19.16219176955541 0.3075677803615932
19.2790344022966 0.41639670263103634
19.395877035037792 0.519547357975057
19.51271966777898 0.6156131143265001
19.629562300520174 0.7032839540903478
19.746404933261367 0.78136433842921
19.863247566002556 0.8487895104391169
19.98009019874375 0.9046400148944526
20.09693283148494 0.9481542365609594
20.21377546422613 0.9787387860959451
20.330618096967324 0.9959765919064867
20.447460729708514 0.9996325876196219
20.564303362449706 0.9896569176063171
20.681145995190896 0.9661856168465273
20.79798862793209 0.9295387558642462
20.91483126067328 0.8802160760294746
21.03167389341447 0.8188901747470678
21.148516526155664 0.7463973334638336
21.265359158896853 0.6637261135694028
21.382201791638046 0.5720038757048248
21.49904442437924 0.47248140631077645
21.61588705712043 0.36651586105810624
21.73272968986162 0.255552257755645
21.84957232260281 0.1411037711105409
21.966414955344003 0.02473109805500495
22.083257588085196 -0.09197882497207947
22.200100220826386 -0.20743446256323256
22.31694285356758 -0.3200613835950989
22.433785486308775 -0.428323731235559
22.55062811904996 -0.5307451669257416
22.667470751791157 -0.6259290027306758
22.784313384532343 -0.7125772475200802
22.90115601727354 -0.7895083072529395
23.017998650014732 -0.8556730979925578
23.13484128275592 -0.9101693519243481
23.251683915497114 -0.9522539212896857
23.3685265482383 -0.9813529124511102
23.485369180979497 -0.9970695118939384
23.60221181372069 -0.9991893974435859
23.71905444646188 -0.9876836609076349
23.83589707920307 -0.9627092022874822
23.95273971194426 -0.9246065901838586
24.069582344685454 -0.8738954175731547
24.186424977426647 -0.8112672162863526
24.303267610167836 -0.7375760268134938
24.42011024290903 -0.6538267520302095
24.53695287565022 -0.5611614536627993
24.65379550839141 -0.4608437783624674
24.770638141132604 -0.3542417257653668
24.887480773873794 -0.24280899352477203
25.004323406614986 -0.12806515370715427
25.121166039356176 -0.011574930880260422
25.23800867209737 0.10507313552888958
25.35485130483856 0.22028835363147375
25.47169393757975 0.33249957082679843
25.588536570320944 0.44017659910128626
25.705379203062133 0.5418510817066284
25.822221835803326 0.6361365166650541
25.93906446854452 0.721747164047567
26.055907101285708 0.7975155791928005
26.1727497340269 0.8624085327716298
26.28959236676809 0.9155411006007623
26.406434999509283 0.9561887310671344
26.523277632250476 0.9837971256034987
26.640120264991666 0.9979897974784054
26.75696289773286 0.9985732058237805
26.873805530474048 0.9855393948890366
26.99064816321524 0.9590661025310662
27.107490795956434 0.9195143364606736
27.224333428697623 0.8674234512973876
27.341176061438816 0.8035037935652524
27.458018694180005 0.7286270149274372
27.574861326921198 0.6438141857548965
27.69170395966239 0.5502218711205525
27.80854659240358 0.44912635909610626
27.925389225144773 0.34190625642509737
28.042231857885962 0.23002368890941935
28.159074490627155 0.11500436287344747
28.275917123368348 -0.0015832403987699796
28.392759756109538 -0.11814925353461987
28.50960238885073 -0.2331041035791944
28.62644502159192 -0.34488018848664675
28.743287654333113 -0.45195325400143077
28.860130287074305 -0.5528631794197169
28.976972919815495 -0.6462338887823763
29.093815552556688 -0.7307921159770093
29.210658185297877 -0.8053847678553748
29.32750081803907 -0.8689946485910828
29.444343450780263 -0.920754330849501
29.561186083521452 -0.9599579846132881
29.678028716262645 -0.9860710023576603
29.794871349003834 -0.9987372893199916
29.911713981745027 -0.9977841194487276
30.02855661448622 -0.9832244908125845
30.14539924722741 -0.9552569483501007
30.262241879968602 -0.9142628763766325
30.37908451270979 -0.8608012977700165
30.495927145450985 -0.7956012507566926
30.612769778192177 -0.7195518472536222
30.729612410933367 -0.6336901483371357
30.84645504367456 -0.5391870221770229
30.96329767641575 -0.43733117728667037
31.080140309156942 -0.3295115888225699
31.196982941898135 -0.2171985575801446
31.313825574639324 -0.10192365997815575
31.430668207380517 0.014741137552715515
31.547510840121706 0.13120491496675754
31.6643534728629 0.2458794934644774
31.781196105604096 0.35720109297231434
31.89803873834528 0.4636516569048481
32.014881371086474 0.5637795534106618
32.131724003827664 0.6562193708055302
32.24856663656886 0.7397105372492205
32.36540926931005 0.8131145107552307
32.48225190205124 0.8754303051190152
32.599094534792435 0.9258081400425302
32.715937167533625 0.9635610293128306
32.832779800274814 0.9881741490104982
32.94962243301601 0.9993118579966198
33.0664650657572 0.9968222749422565
33.18330769849839 0.9807393494849217
33.30015033123958 0.9512823992683705
33.416992963980775 0.9088531191789468
33.533835596721964 0.8540301035625744
33.65067822946315 0.7875609561211041
33.76752086220435 0.7103520950828537
33.88436349494554 0.6234563926709146
34.00120612768673 0.5280588174257385
34.118048760427925 0.4254602751730799
34.234891393169114 0.3170598689927527
34.351734025910304 0.20433582010318785
34.46857665865149 0.08882530983763146
34.58541929139269 -0.027896482399678613
34.70226192413388 -0.1442378593446776
34.81910455687507 -0.2586123113334125
34.935947189616265 -0.36946015102029456
35.052789822357454 -0.4752697823290881
35.16963245509864 -0.574598313598901
35.28647508783984 -0.6660912338302598
35.40331772058103 -0.7485008837127464
35.52016035332222 -0.820703469550819
35.63700298606341 -0.8817143880743171
35.753845618804604 -0.9307016531542639
35.87068825154579 -0.9669972413281408
35.98753088428698 -0.9901062014194301
36.10437351702818 -0.9997134040264385
36.22121614976937 -0.9956878388398501
36.33805878251056 -0.978084401187873
36.454901415251754 -0.9471431434464275
36.571744047992944 -0.9032860015226803
36.68858668073414 -0.8471110410517666
36.80542931347532 -0.7793843017695158
36.92227194621652 -0.7010293512767194
37.039114578957715 -0.6131146906470377
37.155957211698905 -0.516839183624016
37.272799844440094 -0.4135157081046236
37.38964247718128 -0.3045532528487491
37.50648510992248 -0.19143770355596765
37.62332774266367 -0.07571158032369549
37.740170375404865 0.04104699719966559
37.85701300814605 0.157245830121016
37.973855640887244 0.2713003526030914
38.09069827362843 0.3816552400753037
38.20754090636963 0.48680561869108396
38.32438353911082 0.5853175868049038
38.44122617185201 0.6758477686244908
38.5580688045932 0.7571616333912419
38.674911437334394 0.8281503302762133
38.791754070075584 0.8878458094196017
38.90859670281678 0.9354340229130721
39.02543933555796 0.9702660257073101
39.14228196829916 0.9918668250654388
39.25912460104035 0.9999418578850483
39.375967233781545 0.9943810075598084
39.492809866522734 0.9752601056039452
39.60965249926392 0.9428398975624505
39.72649513200511 0.897562487308564
39.84333776474631 0.8400453082164876
39.9601803974875 0.7710727034225179
40.077023030228695 0.6915852299917898
40.19386566296988 0.6026668328463499
40.31070829571107 0.5055300633593804
40.42755092845226 0.4014995441850533
40.54439356119346 0.29199390580849194
40.66123619393465 0.17850644114152261
40.77807882667584 0.06258474197100232
40.89492145941703 -0.05419040504894803
41.011764092158224 -0.17022657507240044
41.12860672489941 -0.28394142044328585
41.24544935764061 -0.39378424865776424
41.36229199038179 -0.4982571686554294
41.47913462312299 -0.5959355170744765
41.59597725586418 -0.6854872859243012
41.712819888605374 -0.7656912867469842
41.82966252134656 -0.835453803568588
41.94650515408775 -0.8938235075495774
42.06334778682894 -0.9400044299479621
42.18019041957014 -0.9733668164871523
42.29703305231133 -0.9934557151109876
42.413875685052524 -0.9999971800175388
42.530718317793706 -0.9929020073692444
42.6475609505349 -0.9722669517367425
42.76440358327609 -0.9383734066881453
42.88124621601729 -0.8916835675161078
42.99808884875848 -0.8328341284303852
43.11493148149967 -0.7626276001651594
43.23177411424086 -0.6820213664001724
43.34861674698205 -0.5921146282296605
43.46545937972324 -0.49413341471318495
43.58230201246444 -0.38941386391452787
43.69914464520562 -0.27938400241986633
43.81598727794682 -0.16554427180180528
43.93282991068801 -0.04944706758387301
44.0496725434292 0.06732443027435384
44.16651517617039 0.18317784668936216
44.28335780891158 0.2965333261568522
44.40020044165277 0.4058450767293638
44.51704307439397 0.5096224494802563
44.63388570713516 0.6064502660001406
44.75072833987635 0.6950081167263878
44.86757097261755 0.7740883669404931
44.98441360535873 0.8426126248914864
45.10125623809992 0.8996464474748757
45.21809887084112 0.9444120829304753
45.334941503582314 0.9762990767911901
45.451784136323504 0.9948725964528069
45.568626769064686 0.9998793608453367
45.68546940180588 0.9912510943448996
45.80231203454708 0.9691054578262889
45.91915466728827 0.9337444441597474
46.035997300029464 0.885650260032028
46.15283993277065 0.8254787502500569
46.26968256551184 0.754050454197751
46.38652519825303 0.6723394164063362
46.50336783099423 0.5814599038246078
46.62021046373542 0.48265121092160357
46.7370530964766 0.377260759829418
46.8538957292178 0.26672572598412675
46.97073836195899 0.15255343983004868
47.08758099470018 0.03630083184279904
47.20442362744138 -0.08044679882719262
47.32126626018256 -0.19609740256551947
47.43810889292376 -0.3090738895586652
47.55495152566495 -0.41783563605673174
47.67179415840614 -0.5208994933604527
47.78863679114733 -0.6168600130394204
47.90547942388852 -0.7044086125770248
48.02232205662971 -0.7823514200862396
48.13916468937091 -0.8496255547537529
48.2560073221121 -0.9053136210012405
48.372849954853294 -0.9486562187116666
48.489692587594476 -0.9790622989226143
48.60653522033567 -0.9961172237695193
48.72337785307686 -0.9995884207678644
48.84022048581806 -0.9894285543288166
48.95706311855925 -0.9657761712593118
49.07390575130044 -0.9289538114441337
49.190748384041626 -0.8794636094740067
49.30759101678282 -0.8179804471988645
49.42443364952401 -0.745342750582733
49.54127628226521 -0.6625410563604727
49.65811891500639 -0.5707045044092902
49.77496154774759 -0.4710854400340002
49.891804180488776 -0.3650423361399286
50.00864681322997 -0.25402126817796444
50.12548944597116 -0.13953619448220628
50.24233207871235 -0.023148310910621344
50.35917471145354 0.09355523867703125
50.47601734419474 0.2089830057858108
50.59285997693593 0.3215609393530794
50.70970260967712 0.42975385057291454
50.826545242418305 0.5320863477684101
50.9433878751595 0.627162955830038
51.06023050790069 0.7136871458575111
51.17707314064189 0.7904790155044047
51.29391577338308 0.85649137892413
51.410758406124266 0.9108240469040805
51.527601038865456 0.952736102454253
51.64444367160665 0.9816560044521968
51.76128630434784 0.9971893815641203
51.87812893708904 0.9991244101590087
51.99497156983022 0.9874347028788439
52.111814202571416 0.962279668474455
52.228656835312606 0.9240023380000393
52.3454994680538 0.8731246870098006
52.46234210079499 0.8103405175464506
52.57918473353618 0.7365059969875173
52.69602736627737 0.6526279827682189
52.81286999901857 0.5598502921928231
52.929712631759756 0.45943810456867695
53.04655526450095 0.35276070836585743
53.163397897242135 0.24127282867399624
53.28024052998333 0.1264947895874699
53.39708316272452 0.009991782038388831
53.51392579546572 -0.10664748020511967
53.63076842820691 -0.2218324253137844
53.747611060948095 -0.33399231350991143
53.864453693689285 -0.4415976567368694
53.98129632643048 -0.5431810757921229
54.09813895917167 -0.6373573105020118
54.21498159191287 -0.7228421100659637
54.33182422465405 -0.7984697459685277
54.448666857395246 -0.8632089086415142
54.565509490136435 -0.916176771098378
54.68235212287763 -0.9566510277598571
54.79919475561883 -0.9840797443011086
54.91603738836001 -0.9980888842012873
55.0328800211012 -0.998487409358399
55.149722653842396 -0.985269885213992
55.26656528658359 -0.9586165548624778
55.38340791932478 -0.9188908811344512
55.500250552065964 -0.8666345901718241
55.61709318480716 -0.802560284083929
55.73393581754836 -0.7275417234234602
55.850778450289546 -0.6426019119968889
55.96762108303074 -0.5488991464929824
56.084463715771925 -0.44771122116617934
56.20130634851312 -0.3404180029702643
56.31814898125431 -0.22848261475986767
56.43499161399551 -0.11343148315805851
56.551834246736696 0.0031664768289076726
56.668676879477886 0.11972125659726478
56.785519512219075 0.23464343637789095
56.90236214496027 0.34636585963875777
57.01920477770146 0.4533650038907874
57.13604741044266 0.5541817564704768
57.25289004318384 0.6474413119864958
57.369732675925036 0.7318719200954551
57.486575308666225 0.8063222279492265
57.60341794140742 0.8697769808207699
57.72026057414861 0.9213708668038717
57.8371032068898 0.9604003167912859
57.95394583963099 0.9863330988186844
58.070788472372186 0.998815575939521
58.187631105113375 0.9976775286574948
58.30447373785457 0.9829344761546748
