0.0 0.0
0.12676345623084334 0.12642423578155634
0.2535269124616867 0.2508196827231855
0.38029036869253 0.37119010890833465
0.5070538249233734 0.48560387381102377
0.6338172811542166 0.59222492623479
0.76058073738506 0.6893422682849543
0.8873441936159034 0.775397412552068
1.0141076498467467 0.8490093918882722
1.14087110607759 0.9089969204329961
1.2676345623084333 0.9543973502596457
1.3943980185392768 0.9844821194371103
1.52116147477012 0.9987684436038179
1.6479249310009634 0.9970270634341825
1.7746883872318069 0.9792859236702259
1.90145184346265 0.9458297246792331
2.0282152996934935 0.8971953537338039
2.1549787559243367 0.8341632693306894
2.28174221215518 0.7577449768082756
2.4085056683860233 0.6691667962473389
2.5352691246168666 0.5698501831391635
2.66203258084771 0.4613889176244606
2.7887960370785536 0.34552352835804256
2.915559493309397 0.22411336143145938
3.04232294954024 0.09910674257665307
3.1690864057710835 -0.027490288528289122
3.2958498620019268 -0.1536461701160696
3.42261331823277 -0.27733641975201734
3.5493767744636138 -0.39657612215056354
3.676140230694457 -0.509451782039168
3.8029036869253 -0.6141520309118971
3.929667143156143 -0.7089966949070121
4.056430599386987 -0.7924637573427398
4.183194055617831 -0.8632137832308097
4.3099575118486735 -0.9201114138161621
4.436720968079516 -0.9622435862098964
4.56348442431036 -0.9889341857364846
4.690247880541204 -0.9997548958621879
4.817011336772047 -0.9945320715907966
4.94377479300289 -0.9733495260260971
5.070538249233733 -0.9365471853837972
5.197301705464577 -0.8847156340365581
5.32406516169542 -0.8186866371303535
5.450828617926263 -0.7395197928601557
5.577592074157107 -0.6484855286021283
5.70435553038795 -0.54704471377135
5.831118986618794 -0.43682521656705725
5.957882442849637 -0.3195957808103085
6.08464589908048 -0.19723764208464303
6.211409355311323 -0.07171433866882924
6.338172811542167 0.0549597982802446
6.464936267773011 0.18075196964173704
6.5916997240038535 0.3036435296090839
6.718463180234697 0.4216623798433751
6.84522663646554 0.5329146166577394
6.971990092696383 0.6356149233755879
7.0987535489272275 0.72811522014231
7.22551700515807 0.8089311114334996
7.352280461388914 0.876765706844192
7.479043917619757 0.9305304328957377
7.6058073738506 0.9693625018835426
7.7325708300814435 0.9926387574348852
7.859334286312286 0.9999856745906783
7.986097742543131 0.991285353935186
8.112861198773974 0.9666774135830882
8.239624655004816 0.9265567486622955
8.366388111235661 0.871567194247138
8.493151567466503 0.802591193435814
8.619915023697347 0.7207356363732659
8.74667847992819 0.6273140974673437
8.873441936159033 0.5238257558459232
9.000205392389876 0.41193133732827303
9.12696884862072 0.29342646398112393
9.253732304851564 0.17021283893154965
9.380495761082408 0.04426772884746554
9.50725921731325 -0.08238776618535273
9.634022673544093 -0.20772114620161705
9.760786129774937 -0.32972112783405494
9.88754958600578 -0.4464299203182841
10.014313042236623 -0.5559746430768598
10.141076498467466 -0.6565973807098493
10.26783995469831 -0.7466833930854184
10.394603410929154 -0.8247870278299441
10.521366867159998 -0.8896549193877804
10.64813032339084 -0.9402461023645262
10.774893779621683 -0.9757487163855685
10.901657235852525 -0.9955930343992153
11.02842069208337 -0.9994606053531576
11.155184148314214 -0.9872893645274424
11.281947604545056 -0.9592746295160637
11.4087110607759 -0.9158659658741789
11.535474517006742 -0.8577599727293882
11.662237973237588 -0.7858891041297303
11.789001429468431 -0.7014067055174759
11.915764885699273 -0.6056685054553905
12.042528341930117 -0.5002108596164162
12.16929179816096 -0.38672609616564435
12.296055254391804 -0.2670353581787468
12.422818710622646 -0.1430593789072994
12.54958216685349 -0.016787658873963947
12.676345623084334 0.1097534605728736
12.803109079315178 0.23453331490644302
12.929872535546021 0.3555495034449866
13.056635991776863 0.47086002281201605
13.183399448007707 0.5786144311727724
13.310162904238549 0.6770835431397848
13.436926360469394 0.7646871788195325
13.563689816700238 0.8400195216982286
13.69045327293108 0.901871678436926
13.817216729161924 0.949251078548321
13.943980185392766 0.9813974026395823
14.070743641623611 0.9977947836132525
14.197507097854455 0.9981800850278264
14.324270554085297 0.9825471237713006
14.45103401031614 0.9511467692844601
14.577797466546983 0.9044829177416337
14.704560922777828 0.8433044057931088
14.83132437900867 0.7685929936331843
14.958087835239514 0.6815476102351526
15.084851291470356 0.5835651135773414
15.2116147477012 0.4762178746098166
15.338378203932045 0.36122854468236043
15.465141660162887 0.2404424113525836
15.59190511639373 0.11579778619343646
15.718668572624573 -0.01070510019912817
15.845432028855416 -0.13703619684204704
15.972195485086262 -0.2611682095427115
16.098958941317104 -0.3811091338370362
16.225722397547948 -0.49493422161676515
16.35248585377879 -0.600816868462549
16.47924931000963 -0.6970579260193669
16.60601276624048 -0.7821129690248785
16.732776222471323 -0.8546170794239077
16.859539678702163 -0.9134067498468675
16.986303134933006 -0.9575385549566827
17.11306659116385 -0.9863042910364047
17.239830047394694 -0.9992423408654901
17.366593503625538 -0.9961450815072337
17.49335695985638 -0.9770622161311387
17.62012041608722 -0.9422999764029115
17.746883872318065 -0.8924162082416929
17.873647328548913 -0.8282114198056947
18.000410784779753 -0.7507159353633956
18.127174241010596 -0.6611733611981052
18.25393769724144 -0.5610206288763232
18.380701153472284 -0.4518649361348327
18.507464609703128 -0.335457955426937
18.63422806593397 -0.21366772401534784
18.760991522164815 -0.08844866670455374
18.887754978395655 0.03818976772809415
19.0145184346265 0.1642153530967414
19.141281890857346 0.28760569789108453
19.268045347088187 0.40638069953880224
19.39480880331903 0.5186343200376533
19.521572259549874 0.6225651730387146
19.648335715780718 0.716505431535644
19.77509917201156 0.7989475922646863
19.901862628242405 0.8685686673146027
20.028626084473245 0.9242514147324404
20.15538954070409 0.9651022674276886
20.282152996934933 0.9904656726612894
20.408916453165777 0.9999346120070498
20.53567990939662 0.9933571329666862
20.662443365627464 0.9708387874226316
20.789206821858308 0.9327409377976131
20.915970278089148 0.8796749581028465
21.042733734319995 0.8124924229333321
21.169497190550835 0.7322714418520685
21.29626064678168 0.6402993584616391
21.423024103012526 0.5380520917993531
21.549787559243367 0.42717045157417366
21.67655101547421 0.30943380732588766
21.80331447170505 0.18673153404992682
21.930077927935898 0.06103269251312679
22.05684138416674 -0.06564556918528566
22.18360484039758 -0.19127038573268818
22.31036829662843 -0.313825796943501
22.43713175285927 -0.43134509881511096
22.563895209090113 -0.5419424041468719
22.69065866532096 -0.643842906254005
22.8174221215518 -0.7354113601205453
22.944185577782644 -0.8151783239409375
23.070949034013484 -0.8818637399399154
23.19771249024433 -0.9343974760583245
23.324475946475175 -0.971936498862753
23.451239402706015 -0.9938784020973402
23.578002858936863 -0.9998710737787013
23.704766315167703 -0.9898183467016055
23.831529771398547 -0.9638815416790971
23.95829322762939 -0.92247687875196
24.085056683860234 -0.8662687979110568
24.211820140091078 -0.7961592965180389
24.33858359632192 -0.7132734545318216
24.465347052552765 -0.618941379824286
24.59211050878361 -0.5146768633171707
24.71887396501445 -0.40215308647115633
24.845637421245293 -0.2831757709604109
24.97240087747614 -0.159654201412367
25.09916433370698 -0.03357058622434244
25.225927789937824 0.09305175186171795
25.352691246168668 0.21818084496555104
25.47945470239951 0.3398086880075144
25.606218158630355 0.4559834621052356
25.732981614861195 0.564840856324076
25.859745071092043 0.6646339851466475
25.986508527322883 0.7537614215616937
26.113271983553727 0.8307928959123616
26.240035439784574 0.8944922481022919
26.366798896015414 0.9438372648348391
26.493562352246258 0.9780360835479438
26.620325808477098 0.9965398998030014
26.747089264707945 0.9990517742063734
26.87385272093879 0.9855313975347095
27.00061617716963 0.9561957375959125
27.127379633400476 0.9115155574452413
27.254143089631317 0.8522078608304019
27.38090654586216 0.7792243860970495
27.507670002093008 0.6937363331984415
27.634433458323848 0.5971155689020264
27.76119691455469 0.49091261180178275
27.88796037078553 0.3768317504211965
28.01472382701638 0.25670369369820323
28.141487283247223 0.13245619274267798
28.268250739478063 0.006083105312740756
28.39501419570891 -0.1203876005532122
28.52177765193975 -0.24492639028806135
28.648541108170594 -0.36553473168642053
28.775304564401438 -0.48027716628560735
28.90206802063228 -0.5873123685728211
29.028831476863125 -0.6849226945968272
29.155594933093965 -0.7715417458037784
29.282358389324813 -0.8457795057674216
29.409121845555656 -0.9064446464327741
29.535885301786497 -0.9525636459146257
29.66264875801734 -0.9833964110585378
29.789412214248184 -0.9984481540618272
29.916175670479028 -0.9974773325648524
30.04293912670987 -0.9804995257942267
30.16970258294071 -0.9477871845556829
30.29646603917156 -0.8998652590885632
30.4232294954024 -0.8375027749438245
30.549992951633243 -0.7617004920713312
30.67675640786409 -0.6736748451569002
30.80351986409493 -0.5748384229259793
30.930283320325774 -0.46677729967168013
31.057046776556614 -0.3512255827788232
31.18381023278746 -0.23003758469166544
31.310573689018305 -0.10515806589488493
31.437337145249145 0.021408973567506373
31.564100601479993 0.14763245321813648
31.690864057710833 0.27148680584459034
31.817627513941677 0.39098448272386993
31.944390970172524 0.5042078487462889
32.07115442640336 0.6093399556029512
32.19791788263421 0.7046936992050873
32.32468133886505 0.7887388934323611
32.451444795095895 0.8601268257452623
32.57820825132674 0.9177119006059795
32.70497170755758 0.9605700233858063
32.83173516378842 0.9880134297438475
32.95849862001926 0.9996017225030541
33.08526207625011 0.9951489389096991
33.21202553248096 0.9747265348646611
33.3387889887118 0.9386622382371673
33.465552444942645 0.8875347896623884
33.592315901173485 0.8221646552198063
33.719079357404325 0.7436008600302885
33.84584281363517 0.6531041540593521
33.97260626986601 0.5521267802728358
34.09936972609686 0.442289169814779
34.2261331823277 0.3253539381910263
34.35289663855855 0.20319759975378504
34.47966009478939 0.07778045439822545
34.60642355102023 -0.048884870286812036
34.733187007251075 -0.17476571659501638
34.859950463481916 -0.29784201571146734
34.98671391971276 -0.4161387047017391
35.1134773759436 -0.5277574212704869
35.24024083217444 -0.6309069676691075
35.36700428840529 -0.7239320548837285
35.49376774463613 -0.8053398658321751
35.62053120086698 -0.8738240112979102
35.747294657097825 -0.928285494168754
35.874058113328665 -0.9678503455575591
36.000821569559506 -0.9918836497896976
36.127585025790346 -0.9999997331918322
36.25434848202119 -0.9920683531777335
36.38111193825204 -0.9682167883119758
36.50787539448288 -0.9288277958112878
36.63463885071373 -0.8745334692604702
36.76140230694457 -0.8062050951110281
36.88816576317541 -0.7249391707399677
37.014929219406255 -0.6320398084435619
37.141692675637096 -0.5289978077374214
37.26845613186794 -0.4174667317993866
37.39521958809878 -0.2992363719678892
37.52198304432963 -0.17620402612321495
37.64874650056047 -0.05034405186110794
37.77550995679131 0.07632381694701798
37.90227341302216 0.20176688176811866
38.029036869253 0.3239720990715469
38.155800325483845 0.44097838458013333
38.28256378171469 0.550908083706729
38.40932723794553 0.6519971031555621
38.53609069417637 0.742623220152429
38.66285415040721 0.8213321150122428
38.78961760663806 0.8868607092872122
38.91638106286891 0.9381574349774207
39.04314451909975 0.9743991095343485
39.16990797533059 0.9950041458562316
39.296671431561435 0.9996418852882817
39.423434887792276 0.9882379038567716
39.55019834402312 0.9609752065853487
39.67696180025396 0.918291290727835
39.80372525648481 0.8608711250451659
39.93048871271565 0.7896361577913447
40.05725216894649 0.7057295298023297
40.18401562517734 0.6104977299804029
40.31077908140818 0.5054689875570234
40.437542537639025 0.39232874788356215
40.564305993869866 0.2728926253015163
40.69106945010071 0.14907726712996186
40.81783290633155 0.02286959632966574
40.9445963625624 -0.10370507357900012
41.07135981879324 -0.228615539669299
41.19812327502408 -0.3498573052715333
41.32488673125493 -0.46548474706857984
41.451650187485775 -0.5736423374232109
41.578413643716615 -0.6725944208979301
41.705177099947456 -0.7607530671295505
41.831940556178296 -0.8367035530903859
41.95870401240914 -0.8992270658103485
42.08546746863999 -0.9473202612387053
42.21223092487084 -0.9802113653753344
42.33899438110167 -0.9973725592890561
42.46575783733252 -0.9985284492748877
42.59252129356336 -0.9836604862256179
42.719284749794205 -0.9530072632980104
42.84604820602505 -0.907060687096831
42.972811662255886 -0.8465580838195015
43.09957511848673 -0.772470367037736
43.22633857471758 -0.6859864569934015
43.35310203094842 -0.5884942014393226
43.47986548717927 -0.48155810419728096
43.6066289434101 -0.3668942188335184
43.73339239964095 -0.2463426103444921
43.860155855871795 -0.12183782677336345
43.986919312102636 0.004622145387277413
44.11368276833348 0.13100794381912834
44.24044622456432 0.2552913965043758
44.36720968079516 0.3754780687506859
44.49397313702601 0.48963926881748276
44.62073659325686 0.5959429985343421
44.7475000494877 0.6926833522324686
44.87426350571854 0.7783078922108214
45.001026961949385 0.8514425614299602
45.127790418180226 0.9109137336479913
45.25455387441107 0.9557670471498005
45.38131733064192 0.9852827198358232
45.50808078687275 0.99898709990205
45.6348442431036 0.9966602667520524
45.76160769933444 0.9783395601656424
45.88837115556529 0.9443189810899646
46.015134611796135 0.8951444736687981
46.14189806802697 0.8316051642215487
46.268661524257816 0.7547206977640992
46.39542498048866 0.6657248752883967
46.5221884367195 0.566045854380868
46.64895189295035 0.4572832309096663
46.77571534918118 0.341182369561696
46.90247880541203 0.21960639515910269
47.02924226164288 0.09450629422395683
47.156005717873725 -0.03211039341498956
47.282769174104565 -0.15821179055283727
47.409532630335406 -0.28177428909237284
47.536296086566246 -0.4008150238296201
47.66305954279709 -0.5134236924191634
47.78982299902794 -0.6177932108893098
47.91658645525878 -0.7122487127637664
48.04334991148962 -0.795274426427327
48.17011336772047 -0.8655379994218899
48.29687682395131 -0.9219118793294832
48.423640280182155 -0.9634914081332945
48.550403736413 -0.9896093396879502
48.67716719264384 -0.9998465473304928
48.80393064887468 -0.9940387498019646
48.93069410510553 -0.9722791475455983
49.05745756133637 -0.9349169270757232
49.18422101756722 -0.8825516574184443
49.310984473798065 -0.816023668547077
49.4377479300289 -0.7364005662140454
49.564511386259746 -0.6449600995820223
49.691274842490586 -0.5431696565855735
49.81803829872143 -0.43266271607062096
49.94480175495228 -0.3152126345954699
50.07156521118311 -0.19270418854871413
50.19832866741396 -0.0671033282609729
50.32509212364481 0.059574370519453156
50.45185557987565 0.18529605151334277
50.578619036106495 0.3080442001060437
50.705382492337336 0.42584901934803265
50.832145948568176 0.5368200402078823
50.95890940479902 0.6391764588129548
51.08567286102987 0.7312757138420132
51.21243631726071 0.8116398454749802
51.33919977349155 0.8789792129054175
51.46596322972239 0.9322131898096928
51.59272668595324 0.9704875056630096
51.719490142184085 0.9931879546180519
51.84625359841493 0.9999502519534874
51.973017054645766 0.9906658799212644
52.09978051087661 0.9654838291816629
52.22654396710745 0.9248082078804942
52.3533074233383 0.8692917567366736
52.48007087956915 0.7998253742066316
52.60683433579998 0.7175238198201139
52.73359779203083 0.623707825112601
52.860361248261675 0.51988289922871
52.987124704492516 0.4077151693127987
53.11388816072336 0.289004643387419
53.240651616954196 0.16565632478277084
53.36741507318504 0.039649641657216406
53.49417852941589 -0.08699331781206275
53.62094198564673 -0.21224025482381884
53.74770544187758 -0.3340812732021176
53.87446889810842 -0.45056113314024926
54.00123235433926 -0.559810627848416
54.127995810570106 -0.6600765795892898
54.25475926680095 -0.7497499737411104
54.38152272303179 -0.8273917794078679
54.50828617926263 -0.8917560422211294
54.63504963549348 -0.9418098787525065
54.76181309172432 -0.9767500516771045
54.88857654795517 -0.996015859698563
55.015340004186015 -0.9992981353849826
55.14210346041685 -0.9865442065233124
55.268866916647696 -0.9579587413749778
55.395630372878536 -0.9140004642685775
55.52239382910938 -0.8553747942360238
55.64915728534023 -0.7830225248234296
55.77592074157106 -0.6981047267370686
55.90268419780191 -0.6019841155986834
56.02944765403276 -0.49620318381062156
56.1562111102636 -0.38245944745880517
56.282974566494445 -0.2625782054781575
56.40973802272528 -0.13848324822695918
56.536501478956126 -0.012165985523134446
56.66326493518697 0.11434651044038506
56.79002839141782 0.23902403447125292
56.91679184764866 0.3598658280299318
57.0435553038795 0.4749326863377482
57.17031876011034 0.5823780777029169
57.29708221634119 0.6804777756782302
57.423845672572035 0.7676575285292561
57.550609128802876 0.8425183219882089
57.677372585033716 0.9038588298902278
57.80413604126456 0.9506946924161889
57.9308994974954 0.9822743125751017
58.05766295372625 0.9980909174325597
58.1844264099571 0.9978906905330215
58.31118986618793 0.9816768450111923
58.43795332241878 0.9497095720293377
58.564716778649625 0.9025018653680226
58.691480234880466 0.8408112891749867
58.81824369111131 0.7656278209789417
58.945007147342146 0.6781579650571877
59.07177060357299 0.5798053910971435
59.19853405980384 0.4721484088524402
59.32529751603468 0.3569146402681024
59.45206097226553 0.23595329552317332
59.57882442849637 0.11120549789014676
59.70558788472721 -0.015326866378092822
59.832351340958056 -0.14161327325322806
59.9591147971889 -0.2656271457002482
60.08587825341974 -0.3853783751069703
60.21264170965058 -0.4989452574877219
60.33940516588142 -0.6045053319659548
60.46616862211227 -0.7003646266563043
60.59293207834312 -0.7849848426236842
60.719695534573965 -0.8570080396857745
60.8464589908048 -0.9152784279142213
60.973222447035646 -0.9588609151362015
61.099985903266486 -0.9870561127958208
61.22674935949733 -0.999411559369406
61.35351281572818 -0.9957289812271728
61.48027627195901 -0.9760674744229066
61.60703972818986 -0.9407425563519354
61.73380318442071 -0.8903211024959327
61.86056664065155 -0.8256122495069342
61.987330096882395 -0.7476544106130375
62.11409355311323 -0.6576986117156989
62.240857009344076 -0.5571884155919355
62.36762046557492 -0.44773675636735577
62.49438392180577 -0.3311000560078397
62.62114737803661 -0.2091500381947952
62.74791083426745 -0.0838436918998202
62.87467429049829 0.042808133332583785
63.00143774672914 0.1687729964281358
63.128201202959985 0.2920294803152414
63.254964659190826 0.4105996305501677
