0.0 0.0
0.13327940676029898 0.13288517449360024
0.26655881352059796 0.26341334857272203
0.39983822028089694 0.38926932822435356
0.5331176270411959 0.5082207907132166
0.6663970338014948 0.6181578795601552
0.7996764405617939 0.7171306273217264
0.9329558473220929 0.803383542398622
1.0662352540823918 0.8753867464025195
1.1995146608426908 0.9318631097941178
1.3327940676029897 0.9718109044842639
1.4660734743632888 0.9945215716062448
1.5993528811235878 0.9995922893101166
1.7326322878838867 0.9869331176625853
1.8659116946441858 0.9567685939224827
1.9991911014044845 0.9096337498962458
2.1324705081647837 0.8463646220140446
2.265749914925083 0.7680834224504905
2.3990293216853815 0.6761786343115458
2.5323087284456807 0.5722803839417139
2.6655881352059794 0.4582315271758809
2.7988675419662785 0.3360549623824476
2.9321469487265777 0.20791775007027152
3.065426355486877 0.07609267547428089
3.1987057622471755 -0.05708206411116447
3.331985169007474 -0.1892443322205252
3.4652645757677734 -0.318049950717307
3.5985439825280725 -0.44121427876523106
3.7318233892883717 -0.5565527357791101
3.8651027960486704 -0.662019549594946
3.998382202808969 -0.7557440425782704
4.131661609569268 -0.8360638120596336
4.264941016329567 -0.9015542165718451
4.3982204230898665 -0.95105364488801
4.531499829850166 -0.983684119660375
4.664779236610464 -0.9988668702107495
4.798058643370763 -0.996332598256037
4.931338050131062 -0.9761262544844569
5.064617456891361 -0.9386062412597507
5.1978968636516605 -0.8844380555951018
5.331176270411959 -0.8145824851521117
5.464455677172259 -0.7302785666338213
5.597735083932557 -0.6330216088408344
5.731014490692855 -0.5245366701982341
5.864293897453155 -0.4067479611856282
5.997573304213454 -0.28174471438311444
6.130852710973754 -0.1517441275002719
6.264132117734052 -0.019052036672195745
6.397411524494351 0.11397798243497
6.53069093125465 0.244986360280314
6.663970338014948 0.3716493854185342
6.7972497447752485 0.4917204204509347
6.930529151535547 0.6030697509047225
7.063808558295846 0.7037223602362438
7.197087965056145 0.7918929609383188
7.330367371816443 0.8660176604007175
7.463646778576743 0.9247816998625654
7.596926185337042 0.9671427744475208
7.730205592097341 0.9923495206514543
7.86348499885764 0.9999548433678065
7.996764405617938 0.9898238460675779
8.130043812378238 0.9621362234753809
8.263323219138536 0.9173830743023734
8.396602625898836 0.856358190569011
8.529882032659135 0.7801439780199627
8.663161439419433 0.6900922573624801
8.796440846179733 0.5878002868589903
8.929720252940031 0.47508243156408814
9.062999659700331 0.35393798171207735
9.19627906646063 0.22651569106425223
9.329558473220928 0.09507566420349822
9.462837879981228 -0.03805073121408442
9.596117286741526 -0.1705022162093057
9.729396693501826 -0.29992948277078474
9.862676100262124 -0.42403686381531824
9.995955507022423 -0.5406230517126435
10.129234913782723 -0.6476201431451521
10.262514320543021 -0.7431303177591754
10.395793727303321 -0.8254595000341766
10.52907313406362 -0.8931474073051737
10.662352540823917 -0.944993450973019
10.795631947584216 -0.9800780314896075
10.928911354344518 -0.9977788494063022
11.062190761104816 -0.9977819431745305
11.195470167865114 -0.9800872579197518
11.328749574625412 -0.9450086464147716
11.46202898138571 -0.893168302235146
11.595308388146012 -0.8254857238364662
11.72858779490631 -0.7431614052990316
11.861867201666609 -0.6476555430191192
11.995146608426907 -0.540662136028876
12.128426015187205 -0.4240789393305701
12.261705421947507 -0.2999738031865488
12.394984828707805 -0.17054799540901133
12.528264235468104 -0.03809715720652706
12.661543642228402 0.09502941488176071
12.794823048988702 0.22647043874303757
12.928102455749002 0.35389452903728075
13.0613818625093 0.4750415492610555
13.194661269269599 0.5877627000620775
13.327940676029897 0.6900586327532493
13.461220082790197 0.780114912002178
13.594499489550497 0.8563341986901452
13.727778896310795 0.9173645821092824
13.861058303071093 0.9621235589663314
13.994337709831392 0.9898172338744986
14.127617116591692 0.9999544007719664
14.260896523351992 0.992355255503229
14.39417593011229 0.967154585027151
14.527455336872588 0.9247993766843713
14.660734743632887 0.8660408899287733
14.794014150393187 0.7919213311476736
14.927293557153487 0.7037553679210629
15.060572963913785 0.6031068106037086
15.193852370674083 0.49176087483172337
15.327131777434381 0.37169251693688143
15.460411184194681 0.24503140390725822
15.593690590954981 0.11402413922625214
15.72696999771528 -0.019005585405164272
15.860249404475578 -0.1516982056692343
15.993528811235876 -0.28170013650914105
16.126808217996178 -0.40670551795186716
16.260087624756476 -0.5244971144254518
16.393367031516775 -0.632985642134559
16.526646438277073 -0.730246826939873
16.65992584503737 -0.8145555354412803
16.793205251797673 -0.8844163738776711
16.92648465855797 -0.9385902121069633
17.05976406531827 -0.9761161622073349
17.193043472078568 -0.9963286218625207
17.326322878838866 -0.998869080230612
17.459602285599168 -0.983692476894226
17.592881692359466 -0.9510680011025824
17.726161099119764 -0.9015743171292245
17.859440505880062 -0.8360893004338026
17.99271991264036 -0.7557744666788533
18.125999319400663 -0.6620543697859878
18.25927872616096 -0.5565913344506724
18.39255813292126 -0.44125597128800786
18.525837539681557 -0.31809399758597867
18.659116946441856 -0.18928995217045388
18.792396353202157 -0.05712844797577601
18.925675759962456 0.07604635041120048
19.058955166722754 0.20787230548196936
19.192234573483052 0.3360112043250837
19.32551398024335 0.45819023179141205
19.458793387003652 0.5722422836913731
19.59207279376395 0.6761444049840786
19.72535220052425 0.7680536711756193
19.858631607284547 0.8463398764937305
19.991911014044845 0.9096144490447762
20.125190420805147 0.9567550800813962
20.258469827565445 0.9869256305285145
20.391749234325744 0.9995909616832644
20.525028641086042 0.9945264270348895
20.65830804784634 0.9718218568470806
20.791587454606642 0.9318799648277211
20.92486686136694 0.8754092051471405
21.05814626812724 0.8034112065007908
21.191425674887537 0.7171630060999167
21.324705081647835 0.6181943987080617
21.457984488408137 0.5082608024862922
21.59126389516843 0.38931212292894557
21.724543301928733 0.2634581671539719
21.857822708689035 0.1329312219989107
21.99110211544933 4.645967920615403e-05
22.12438152220963 -0.1328391267014555
22.257660928969926 -0.2633685294228912
22.390940335730228 -0.38922653267952556
22.52421974249053 -0.5081807778431465
22.657499149250825 -0.6181213590779537
22.790778556011126 -0.7170982469956096
22.92405796277142 -0.8033558765623464
23.057337369531723 -0.8753642857683741
23.190616776292025 -0.9318462527490867
23.32389618305232 -0.9717999500237917
23.45717558981262 -0.9945167140309236
23.590454996572916 -0.999593614779347
23.723734403333218 -0.9869406026663593
23.85701381009352 -0.9567821056983822
23.990293216853814 -0.9096530487842692
24.123572623614116 -0.8463893657074781
24.25685203037441 -0.7681131720674546
24.390131437134713 -0.6762128621794807
24.523410843895014 -0.5723184829567858
24.65669025065531 -0.4582728215712562
24.78996965741561 -0.33609871971443456
24.923249064175906 -0.2079631942097863
25.056528470936207 -0.0761390003731169
25.18980787769651 0.05703568012334208
25.323087284456804 0.18919871186211226
25.456366691217106 0.3180059031621257
25.589646097977404 0.4411725852900924
25.722925504737702 0.5565141359062262
25.856204911498004 0.6619847279749347
25.9894843182583 0.7557136168464127
26.1227637250186 0.8360383218808204
26.2560431317789 0.9015341140684593
26.389322538539197 0.951039286620586
26.5226019452995 0.9836757603032399
26.655881352059794 0.998864658034831
26.789160758820096 0.9963365724989675
26.922440165580394 0.9761363446546086
27.055719572340692 0.9386222683865554
27.188998979100994 0.8844597354034713
27.32227838586129 0.8146094331046655
27.45555779262159 0.7303103047514621
27.58883719938189 0.6330575741807314
27.722116606142187 0.5245762248388032
27.85539601290249 0.40679040354142315
27.988675419662783 0.28178929164894134
28.121954826423085 0.15179004900376952
28.255234233183383 0.019098487898103363
28.38851363994368 -0.11393182539766442
28.521793046703984 -0.24494131612456801
28.65507245346428 -0.3716062530979811
28.78835186022458 -0.49167996500876665
28.92163126698488 -0.6030326899040093
29.054910673745177 -0.7036893510324376
29.18819008050548 -0.7918645890196627
29.321469487265773 -0.8659944290033611
29.454748894026075 -0.9247640210446167
29.588028300786373 -0.9671309617803113
29.72130770754667 -0.9923437836576912
29.854587114306973 -0.9999552838052422
29.987866521067268 -0.9898304561241207
30.12114592782757 -0.9621488859076576
30.254425334587868 -0.9174015645152914
30.387704741348166 -0.856382180599428
30.520984148108468 -0.7801730423538042
30.654263554868763 -0.6901258804821455
30.787542961629065 -0.5878378723871353
30.920822368389363 -0.47512331284165454
31.05410177514966 -0.35398143362290146
31.187381181909963 -0.22656094289653061
31.320660588670258 -0.09512191332001474
31.45393999543056 0.03800430513950921
31.587219402190858 0.1704564366415707
31.720498808951156 0.2998851617076189
31.853778215711458 0.4239947873847853
31.987057622471752 0.5405839662294751
32.120337029232054 0.6475847418732958
32.253616435992356 0.7430992286152733
32.38689584275265 0.8254332744501292
32.52017524951295 0.8931265104473427
32.65345465627325 0.9449782534914963
32.78673406303355 0.9800688029439636
32.92001346979385 0.9977757534843664
33.053292876554146 0.997785034789045
33.18657228331445 0.9800964822343753
33.31985169007474 0.9450238398167213
33.453131096835044 0.8931891952372114
33.586410503595346 0.8255119458569434
33.71968991035564 0.7431924912347739
33.85296931711594 0.6476909414951192
33.98624872387624 0.5407012191780884
34.11952813063654 0.42412101393044366
34.25280753739684 0.3000181229548189
34.386086944157135 0.17059377424059058
34.51936635091744 0.03814358311673514
34.65264575767773 -0.09498316535490205
34.785925164438034 -0.22642518593298605
34.919204571198335 -0.35385107559860224
35.05248397795863 -0.4750006659326433
35.18576338471893 -0.5877251119964793
35.31904279147923 -0.6900250066545257
35.45232219823953 -0.7800858443005136
35.58560160499983 -0.8563102049628805
35.718881011760125 -0.9173460879360577
35.85216041852043 -0.9621108923805369
35.98543982528072 -0.989810619544897
36.11871923204102 -0.999953956017723
36.251998638801325 -0.9923609882130031
36.38527804556162 -0.9671663935191767
36.51855745232192 -0.9248170515099953
36.651836859082216 -0.8660641175874783
36.78511626584252 -0.7919496996476648
36.91839567260282 -0.703788374086824
37.051675079363115 -0.603143869000889
37.18495448612342 -0.4918013281510437
37.31823389288371 -0.3717356476529297
37.45151329964401 -0.2450764470053017
37.584792706404315 -0.11407029577141209
37.71807211316461 0.018959134097107432
37.85135151992491 0.1516522835107576
37.984630926685206 0.28165555802711745
38.11791033344551 0.4066630738402282
38.25118974020581 0.5244575575205429
38.384469146966104 0.6329496740619817
38.517748553726406 0.7302150856696867
38.6510279604867 0.8145285839722294
38.784307367247 0.8843946902512245
38.917586774007304 0.9385741809282274
39.0508661807676 0.9761060678232639
39.1841455875279 0.9963246433184276
39.317424994288196 0.9988712880944138
39.4507044010485 0.9837008320047759
39.5839838078088 0.9510823552642725
39.717263214569094 0.901594415740555
39.850542621329396 0.8361147870032699
39.98382202808969 0.7558048891480956
40.11710143484999 0.6620891885479862
40.250380841610294 0.5566299319208307
40.38366024837059 0.4412976628583345
40.51693965513089 0.3181380437680413
40.650219061891185 0.1893355717117999
40.78349846865149 0.05717483171707879
40.91677787541179 -0.07600002518397476
41.050057282172084 -0.20782686044497276
41.183336688932386 -0.33596744554244157
41.31661609569268 -0.4581489354179387
41.44989550245298 -0.5722041822058437
41.583174909213284 -0.6761101741971536
41.71645431597358 -0.7680239182429018
41.84973372273388 -0.8463151291465918
41.983013129494175 -0.9095951462299021
42.11629253625448 -0.9567415641751512
42.24957194301478 -0.9869181412641631
42.38285134977507 -0.9995896318987934
42.516130756535375 -0.9945312803168469
42.64941016329567 -0.971832807112218
42.78268957005597 -0.9318968178498608
42.91596897681627 -0.8754316620021885
43.049248383576575 -0.8034388688687918
43.18252779033686 -0.7171953833301125
43.315807197097165 -0.6182309165215946
43.44908660385747 -0.5083008131622886
43.58236601061777 -0.38935491679319884
43.71564541737807 -0.2635029851665414
43.84892482413836 -0.1329772692173001
43.98220423089866 -9.291935831202477e-05
44.11548363765896 0.13279307862257445
44.24876304441926 0.26332370970458713
44.382042451179565 0.3891837362945567
44.51532185793985 0.5081407638761576
44.648601264700154 0.6180848372615363
44.781880671460456 0.7170658651216332
44.91516007822076 0.803328208992031
45.04843948498106 0.8753418232447562
45.18171889174135 0.9318293936926598
45.31499829850165 0.9717889934656876
45.44827770526195 0.9945118543089361
45.58155711202225 0.9995949380909527
45.714836518782555 0.9869480855398194
45.84811592554284 0.9567956154090691
45.981395332303144 0.9096723457088051
46.114674739063446 0.8464141075739802
46.24795414582375 0.7681429200264391
46.38123355258405 0.6762470885878049
46.51451295934434 0.5723565807365163
46.64779236610464 0.45831411497744884
46.78107177286494 0.33614247632095434
46.91435117962524 0.20800863790040344
47.047630586385544 0.07618532510760054
47.18090999314583 -0.05698929601239699
47.314189399906134 -0.18915309109531356
47.447468806666436 -0.31796185492052553
47.58074821342674 -0.44113089086268353
47.71402762018704 -0.5564755348321109
47.84730702694733 -0.6619499049260197
47.98058643370763 -0.7556831894833457
48.11386584046793 -0.8360128298974154
48.24714524722823 -0.9015140096191112
48.380424653988534 -0.9510249263003441
48.51370406074882 -0.983667398822837
48.64698346750912 -0.9988624437028614
48.780262874269425 -0.9963405445913038
48.91354228102973 -0.976146432717768
49.04682168779003 -0.9386382934873402
49.18010109455032 -0.8844814133027379
49.31338050131062 -0.8146363792988832
49.44665990807092 -0.730342041292728
49.57993931483122 -0.6330935381541711
49.713218721591524 -0.524615778347069
49.84649812835181 -0.40683284501917
49.97977753511211 -0.28183386830652557
50.113056941872415 -0.15183597017962983
50.24633634863272 -0.019144939082785084
50.37961575539302 0.11388566811444296
50.512895162153306 0.24489627144010542
50.64617456891361 0.37156311997531527
50.77945397567391 0.49163950850530497
50.91273338243421 0.6029956276016504
51.04601278919451 0.7036563403097209
51.17929219595481 0.7918362153917633
51.3125716027151 0.8659711957367542
51.445851009475405 0.9247463402305625
51.57913041623571 0.9671191470255484
51.71240982299601 0.9923380445219528
51.8456892297563 0.9999557220842726
51.9789686365166 0.9898370640441126
52.1122480432769 0.9621615462631348
52.2455274500372 0.9174200527479958
52.3788068567975 0.8564061687813388
52.5120862635578 0.7802021050036432
52.64536567031809 0.6901595021121729
52.778645077078394 0.5878754566464324
52.911924483838696 0.4751641930936648
53.045203890599 0.3540248847696494
53.17848329735929 0.2266061942397803
53.31176270411959 0.09516816223121043
53.44504211087989 -0.03795787898289987
53.57832151764019 -0.17041065670590697
53.71160092440049 -0.2998408399971572
53.84488033116079 -0.4239527100390556
53.97815973792108 -0.5405448795794553
54.111439144681384 -0.6475493392036255
54.244718551441686 -0.7430681378673867
54.37799795820199 -0.8254070470843865
54.51127736496228 -0.8931056116616949
54.64455677172258 -0.9449630539702365
54.77783617848288 -0.9800595722828388
54.91111558524318 -0.9977726554087297
55.04439499200348 -0.9977881242498382
55.17767439876378 -0.9801057044334596
55.31095380552407 -0.9450390311788354
55.444233212284374 -0.8932100863113279
55.577512619044676 -0.8255381660955536
55.71079202580498 -0.7432235755663291
55.84407143256527 -0.6477263385730799
55.97735083932557 -0.5407403011601962
56.11063024608587 -0.4241630876148544
56.24390965284617 -0.30006244207550276
56.37718905960647 -0.17063955270393585
56.51046846636677 -0.038190008944613774
56.64374787312706 0.09493691562302203
56.77702727988736 0.22637993263419365
56.910306686647665 0.35380762139613214
57.04358609340797 0.47495978157894747
57.17686550016826 0.5876875226622724
57.31014490692856 0.689991379066382
57.44342431368886 0.7800567749150316
57.57670372044916 0.8562862093872667
57.70998312720946 0.9173275917827425
57.84326253396976 0.9620982237180234
57.97654194073005 0.9898040030787875
58.10982134749035 0.9999535091050771
58.243100754250655 0.9923667187807645
58.37638016101096 0.9671781999235701
58.50965956777125 0.9248347243394014
58.642938974531546 0.8660873433767822
58.77621838129185 0.7919780664382323
58.90949778805215 0.7038213787334593
59.04277719481245 0.6031809260961766
59.176056601572746 0.49184178040881316
59.30933600833304 0.37177877756658595
59.44261541509334 0.24512148957434896
59.575894821853645 0.11411645207035462
59.709174228613946 -0.01891268274813437
59.84245363537424 -0.1516063610249357
59.975733042134536 -0.28161097893713977
60.10901244889484 -0.4066206288508063
60.24229185565514 -0.5244179994835885
60.37557126241544 -0.6329137046231869
60.508850669175736 -0.7301833428233275
60.64213007593603 -0.8145016307450169
60.77540948269633 -0.8843730047158104
60.908688889456634 -0.9385581477235764
61.041968296216936 -0.9760959713322679
61.17524770297723 -0.9963206626237656
61.308527109737526 -0.9988734938021502
61.44180651649783 -0.9837091849920055
61.57508592325813 -0.9510967073730509
61.70836533001843 -0.9016145124057892
61.841644736778726 -0.8361402717679839
61.97492414353902 -0.7558353099859318
62.10820355029932 -0.662124005880864
62.241482957059624 -0.5566685281895051
62.374762363819926 -0.44133935347611297
62.50804177058022 -0.31818208926340574
62.641321177340515 -0.18938119084446475
62.77460058410082 -0.0572212153349696
62.90787999086112 0.07595369979269932
63.04115939762142 0.20778141495938843
63.174438804381715 0.3359236860346097
63.30771821114201 0.4581076380555501
63.44099761790231 0.5721660794852105
63.574277024662614 0.6760759419508409
63.707556431422915 0.7679941636524078
63.84083583818321 0.8462903799726783
63.974115244943505 0.9095758414516654
64.1073946517038 0.9567280462037758
64.24067405846411 0.9869106498695467
64.3739534652244 0.9995882999567062
64.50723287198471 0.9945361314521063
64.640512278745 0.971843755279651
64.7737916855053 0.9319136688604996
64.9070710922656 0.8754541169676209
65.0403504990259 0.8034665295025729
65.1736299057862 0.7172277590122332
65.3069093125465 0.6182674330006748
65.44018871930679 0.5083408227411228
65.5734681260671 0.38939770981703536
65.70674753282739 0.26354780261035293
65.8400269395877 0.13302331614863674
65.97330634634798 0.00013937903722443433
66.10658575310829 -0.1327470302570593
66.23986515986859 -0.2632788894178847
66.3731445666289 -0.38914093906952746
66.50642397338919 -0.5081007488123582
