0.0 0.0
0.08101122562916942 0.08092264437052275
0.16202245125833883 0.16131449848440071
0.24303367688750827 0.24064825366049541
0.32404490251667767 0.3184035415322257
0.40505612814584707 0.39407034726349766
0.48606735377501653 0.4671523548534438
0.5670785794041859 0.5371702025873484
0.6480898050333553 0.603664627280506
0.7291010306625247 0.666199476691194
0.8101122562916941 0.7243645703436487
0.8911234819208637 0.7777783899962494
0.9721347075500331 0.826090582107508
1.0531459331792024 0.8689842558856161
1.1341571588083719 0.9061780618481116
1.2151683844375412 0.9374280372579138
1.2961796100667107 0.9625292063310881
1.3771908356958802 0.9813169247202077
1.4582020613250495 0.9936679594545375
1.539213286954219 0.9995012972534626
1.6202245125833883 0.99877867591125
1.7012357382125578 0.9915048352676648
1.7822469638417273 0.9777274861182701
1.8632581894708968 0.9575369972683341
1.9442694151000661 0.9310658027830286
2.0252806407292354 0.8984875333219032
2.1062918663584047 0.8600158772554112
2.1873030919875744 0.8159031790336866
2.2683143176167437 0.7664387840011947
2.3493255432459135 0.7119471405139954
2.4303367688750823 0.6527856718082748
2.511347994504252 0.5893424315790396
2.5923592201334213 0.5220335586465875
2.673370445762591 0.45130054740616643
2.7543816713917604 0.3776073519645865
2.8353928970209297 0.30143734295840613
2.916404122650099 0.2232901370146341
2.9974153482792683 0.143678319650237
3.078426573908438 0.06312408310571165
3.1594377995376073 -0.017844198834051903
3.2404490251667766 -0.0986954365650847
3.3214602507959463 -0.178899308203332
3.4024714764251156 -0.2579297380879946
3.483482702054285 -0.33526834743291806
3.5644939276834546 -0.4104078544924053
3.6455051533126235 -0.482855401938985
3.7265163789417937 -0.5521357896281064
3.8075276045709625 -0.6177945915452937
3.8885388302001322 -0.6794011364910134
3.9695500558293015 -0.7365513329522265
4.050561281458471 -0.7888703196316669
4.131572507087641 -0.8360149242494002
4.212583732716809 -0.8776759144888211
4.293594958345979 -0.9135800263226206
4.374606183975149 -0.9434917564144564
4.455617409604318 -0.9672149068395614
4.5366286352334875 -0.984593871992107
4.617639860862656 -0.9955146592381982
4.698651086491827 -0.9999056366198061
4.779662312120996 -0.9977380027052745
4.860673537750165 -0.9890259755045403
4.941684763379334 -0.9738266992099338
5.022695989008504 -0.9522398693742632
5.103707214637674 -0.9244070789847295
5.184718440266843 -0.8905108897219223
5.2657296658960115 -0.8507736344957213
5.346740891525182 -0.8054559591125489
5.427752117154351 -0.7548551126395168
5.508763342783521 -0.6993029976793471
5.58977456841269 -0.6391639933447879
5.670785794041859 -0.5748325652121105
5.751797019671029 -0.5067306779305737
5.832808245300198 -0.4353050274591322
5.913819470929368 -0.361024111084788
5.9948306965585365 -0.28437515444102096
6.075841922187706 -0.20586091568266937
6.156853147816876 -0.12599638777943978
6.237864373446045 -0.04530542055844051
6.318875599075215 0.03568271534745219
6.399886824704384 0.11643680010753289
6.480898050333553 0.1964271490864512
6.561909275962722 0.27512908716769524
6.642920501591893 0.3520263902184848
6.723931727221062 0.4266146711227126
6.804942952850231 0.49840468817217926
6.8859541784794 0.5669255541156022
6.96696540410857 0.6317278248165163
7.0479766297377395 0.6923864472608473
7.128987855366909 0.7485035475774999
7.209999080996078 0.7997110407846874
7.291010306625247 0.8456730451440784
7.372021532254417 0.8860880852864537
7.453032757883587 0.9206910696580664
7.534043983512756 0.949255029317179
7.615055209141925 0.9715926066756144
7.696066434771095 0.9875572844203124
7.7770776604002645 0.9970443465541216
7.858088886029434 0.9999915652521361
7.939100111658603 0.9963796090283266
8.020111337287773 0.9862321695352082
8.101122562916942 0.9696158061648367
8.182133788546112 0.9466395094704301
8.263145014175281 0.9174539862722378
8.34415623980445 0.8822506711368037
8.425167465433619 0.8412604707135685
8.506178691062788 0.7947522491649901
8.587189916691958 0.7430310646245959
8.668201142321129 0.6864361682504493
8.749212367950298 0.6253387789986905
8.830223593579467 0.560139648712928
8.911234819208635 0.49126643350062854
8.992246044837806 0.41917088863823815
9.073257270466975 0.34432590540431524
9.154268496096144 0.2672224092767433
9.235279721725313 0.18836613983949302
9.316290947354483 0.10827433352024292
9.397302172983654 0.02747233091756304
9.478313398612823 -0.053509869029032764
9.559324624241992 -0.1341410854241655
9.64033584987116 -0.21389243955438145
9.72134707550033 -0.29224082392540834
9.8023583011295 -0.3686723334446562
9.883369526758669 -0.4426856362430379
9.96438075238784 -0.5137952620261406
10.045391978017008 -0.5815347863856521
10.126403203646177 -0.645459890184459
10.207414429275348 -0.7051512739481651
10.288425654904517 -0.7602174081468829
10.369436880533685 -0.8102971013275769
10.450448106162854 -0.8550618692519621
10.531459331792023 -0.8942180895002565
10.612470557421194 -0.927508927408239
10.693481783050364 -0.9547160207049454
10.774493008679533 -0.9756609118010833
10.855504234308702 -0.9902062183334494
10.93651545993787 -0.9982565342874807
11.017526685567042 -0.9997590557872714
11.09853791119621 -0.9947039274483529
11.17954913682538 -0.9831243070214297
11.260560362454548 -0.9650961479030581
11.341571588083719 -0.9407377009398294
11.42258281371289 -0.910208738793842
11.503594039342058 -0.8737095079570225
11.584605264971227 -0.8314794152882776
11.665616490600396 -0.7837954576887856
11.746627716229565 -0.7309704052155427
11.827638941858735 -0.6733507495505442
11.908650167487904 -0.6113144312820683
11.989661393117073 -0.5452683609053299
12.070672618746244 -0.47564574980285657
12.151683844375412 -0.4029032687112889
12.232695070004583 -0.32751805231286163
12.313706295633752 -0.24998456959917614
12.39471752126292 -0.17081138053522316
12.47572874689209 -0.09051780029748437
12.556739972521259 -0.009630492966117322
12.63775119815043 0.07131998298601104
12.7187624237796 0.15180265474850224
12.799773649408769 0.23128961794634834
12.880784875037937 0.30925949928627955
12.961796100667106 0.3852008763642344
13.042807326296277 0.4586156322026648
13.123818551925444 0.5290222225144743
13.204829777554615 0.5959588342628879
13.285841003183785 0.6589864147994722
13.366852228812954 0.7176915517115576
13.447863454442125 0.7716891844894425
13.528874680071292 0.8206251302269251
13.609885905700462 0.8641784067885496
13.690897131329633 0.9020633382053226
13.7719083569588 0.9340314284891778
13.85291958258797 0.9598729915753805
13.93393080821714 0.9794185267016969
14.014942033846308 0.9925398302029279
14.095953259475479 0.9991508364282645
14.176964485104648 0.9992081822657084
14.257975710733819 0.9927114915707078
14.338986936362986 0.9797033776333774
14.419998161992156 0.960269163668114
14.501009387621327 0.9345363231589906
14.582020613250494 0.9026736437318249
14.663031838879665 0.864890120037272
14.744043064508833 0.8214335829068001
14.825054290138004 0.7725890737731955
14.906065515767175 0.7186769750181817
14.987076741396342 0.6600509085106094
15.068087967025512 0.5970954161191888
15.14909919265468 0.5302234374138516
15.23011041828385 0.45987360110001113
15.31112164391302 0.386507347951911
15.39213286954219 0.3106059041163314
15.47314409517136 0.23266712463948735
15.554155320800529 0.15320222792116264
15.635166546429698 0.0727324425155072
15.716177772058868 -0.008214411727056092
15.797188997688036 -0.08910738575175214
15.878200223317206 -0.16941588391657303
15.959211448946377 -0.2486131442912391
16.040222674575546 -0.3261796938099976
16.121233900204714 -0.40160675561507
16.202245125833883 -0.4743995862412011
16.283256351463052 -0.5440807207519631
16.364267577092225 -0.6101931045422113
16.445278802721393 -0.6723030912644633
16.526290028350562 -0.7300032872151555
16.60730125397973 -0.7829152235237342
16.6883124796089 -0.8306918386171223
16.769323705238072 -0.8730197546764882
16.850334930867238 -0.9096213331545062
16.93134615649641 -0.9402564958705315
17.012357382125575 -0.9647242997386416
17.093368607754748 -0.9828642547996245
17.174379833383917 -0.9945573769115571
17.255391059013085 -0.9997269681941988
17.336402284642258 -0.9983391201080423
17.417413510271423 -0.9904029358682332
17.498424735900596 -0.9759704707344843
17.579435961529764 -0.9551363905686447
17.660447187158933 -0.9280373508995121
17.741458412788102 -0.8948511005677565
17.82246963841727 -0.8557953158303475
17.903480864046443 -0.8111261725718639
17.984492089675612 -0.7611366659878905
18.06550331530478 -0.7061546887620577
18.14651454093395 -0.6465408803424402
18.22752576656312 -0.5826862614243793
18.308536992192288 -0.5150096691557107
18.38954821782146 -0.44395500988747255
18.470559443450625 -0.3699883474899566
18.551570669079798 -0.2935948463324379
18.632581894708967 -0.21527558897841398
18.713593120338135 -0.13554428946966246
18.794604345967308 -0.05492392375757231
18.875615571596473 0.026056700616520594
18.956626797225645 0.10686641309179246
19.03763802285481 0.18697516415788756
19.118649248483983 0.26585750207175557
19.199660474113152 0.3429960194165655
19.28067169974232 0.4178847468961226
19.361682925371493 0.490032472103966
19.44269415100066 0.5589659614986309
19.52370537662983 0.6242330644514413
19.604716602259 0.6854056790065485
19.68572782788817 0.7420825599002603
19.766739053517338 0.7938919504210974
19.847750279146506 0.8404940208476626
19.92876150477568 0.8815830974700297
20.009772730404848 0.9168896675739813
20.090783956034016 0.9461821472369657
20.171795181663185 0.9692684003403595
20.252806407292354 0.9859969988345111
20.333817632921523 0.9962582159901826
20.414828858550695 0.9999847461214331
20.49584008417986 0.9971521460591078
20.576851309809033 0.9877789954792139
20.657862535438202 0.9719267750345478
20.73887376106737 0.9496994630889365
20.819884986696543 0.921242853699208
20.90089621232571 0.8867436003184104
20.98190743795488 0.8464279914928216
21.062918663584046 0.8005604665832946
21.14392988921322 0.749441881246576
21.224941114842387 0.6934075340538106
21.305952340471556 0.6328249671899896
21.38696356610073 0.5680915556601408
21.467974791729894 0.49963190081518916
21.548986017359066 0.42789504529389977
21.629997242988235 0.35335152764886163
21.711008468617404 0.2764902959757475
21.792019694246573 0.1978155007901906
21.87303091987574 0.11784318818847041
21.954042145504914 0.037097914982345256
22.035053371134083 -0.04389069198983948
22.116064596763252 -0.12459140980755053
22.19707582239242 -0.204474903881501
22.27808704802159 -0.2830171999811028
22.35909827365076 -0.35970312110208885
22.44010949927993 -0.4340296666311053
22.521120724909096 -0.505509311642533
22.60213195053827 -0.5736732046867608
22.683143176167437 -0.6380742430947516
22.764154401796606 -0.6982900056274268
22.84516562742578 -0.7539255232338217
22.926176853054944 -0.8046158697440223
23.007188078684116 -0.8500285555039628
23.08819930431328 -0.8898657082515887
23.169210529942454 -0.9238660269296393
23.250221755571623 -0.9518064956194194
23.33123298120079 -0.9735038463535779
23.412244206829964 -0.9888157612128937
23.49325543245913 -0.9976418058222765
23.574266658088302 -0.999924088122962
23.65527788371747 -0.9956476380998499
23.73628910934664 -0.9848405059732833
23.81730033497581 -0.9675735782111929
23.898311560604977 -0.9439601125684336
23.979322786234146 -0.9141549952030921
24.06033401186332 -0.8783537247425132
24.141345237492487 -0.836791129962796
24.222356463121656 -0.7897398294927737
24.303367688750825 -0.7375084436456627
24.384378914379994 -0.6804395701073689
24.465390140009166 -0.6189075367593796
24.54640136563833 -0.553315946376016
24.627412591267504 -0.4840950293008761
24.708423816896673 -0.4116988214669923
24.78943504252584 -0.3366021862705739
24.870446268155014 -0.25929769983266643
24.95145749378418 -0.18029242007897398
25.03246871941335 -0.10010456083013773
25.113479945042517 -0.019260092718021093
25.19449117067169 0.061710706776824026
25.27550239630086 0.1422767315371942
25.356513621930027 0.22190953045658188
25.4375248475592 0.30008677367164305
25.518536073188365 0.3762956786440226
25.599547298817537 0.4500363736191271
25.680558524446706 0.5208251764000108
25.761569750075875 0.5881977669303081
25.842580975705044 0.6517122328763751
25.923592201334213 0.710951968232039
26.00460342696338 0.765528405933314
26.085614652592554 0.8150835665592432
26.166625878221723 0.8592924064013363
26.247637103850888 0.8978649495001045
26.32864832948006 0.9305481896641448
26.40965955510923 0.9571277499959894
26.4906707807384 0.9774292890395526
26.57168200636757 0.9913196443258719
26.652693231996736 0.9987077058164088
26.733704457625908 0.9995450135147661
26.814715683255077 0.9938260753269622
26.89572690888425 0.9815884030853401
26.97673813451342 0.9629122664998245
27.057749360142584 0.9379201666504103
27.138760585771752 0.9067760324743706
27.219771811400925 0.8696841455186171
27.300783037030094 0.826887800010002
27.381794262659266 0.7786677070324545
27.46280548828843 0.7253401532783661
27.5438167139176 0.6672549264513274
27.624827939546773 0.6047930209280618
27.70583916517594 0.5383641387285851
27.786850390805114 0.4684040021863075
27.86786161643428 0.39537149594495
27.948872842063448 0.319745657028476
28.029884067692617 0.24202253272698535
28.11089529332179 0.16271192690830566
28.191906518950958 0.08233405609705972
28.272917744580123 0.0014161372546844767
28.353928970209296 -0.07951107035801307
28.434940195838465 -0.1599167465530214
28.515951421467637 -0.23927349198699643
28.596962647096806 -0.31706078749495525
28.67797387272597 -0.3927684082953483
28.758985098355144 -0.4658997706718821
28.839996323984312 -0.5359751891804222
28.921007549613485 -0.6025350230163027
29.002018775242654 -0.6651426909041678
29.08303000087182 -0.7233875347350964
29.164041226500988 -0.7768875131676901
29.24505245213016 -0.8252917075251842
29.32606367775933 -0.8682826235518499
29.4070749033885 -0.9055782739309306
29.488086129017667 -0.9369340279043634
29.569097354646836 -0.9621442158622642
29.650108580276008 -0.981043478377239
29.731119805905177 -0.993507850834947
29.81213103153435 -0.9994555765465509
29.89314225716351 -0.998847643009661
29.974153482792683 -0.9916880378003202
30.055164708421852 -0.9780237224175767
30.136175934051025 -0.9579443242521963
30.217187159680194 -0.931581548699974
30.29819838530936 -0.8991083152757151
30.37920961093853 -0.8607376233943183
30.4602208365677 -0.8167211552585854
30.541232062196872 -0.7673476250176868
30.62224328782604 -0.7129408850245982
30.703254513455207 -0.6538578016139381
30.78426573908438 -0.5904859143335085
30.865276964713548 -0.5232408939831941
30.94628819034272 -0.45256381613444946
31.02729941597189 -0.37891826801409567
31.108310641601058 -0.3027873077289379
31.189321867230223 -0.22467029577643632
31.270333092859396 -0.14507961962420635
31.351344318488565 -0.06453733284267724
31.432355544117737 0.01642826916451569
31.513366769746906 0.09728611437169078
31.59437799537607 0.1775058375548355
31.675389221005243 0.2565612590792292
31.756400446634412 0.3339338362327875
31.837411672263585 0.40911606446714155
31.918422897892754 0.4816148062367924
31.99943412352192 0.5509545256018353
32.08044534915109 0.6166804073776824
32.16145657478026 0.6783613403725516
32.24246780040943 0.7355927451450656
32.3234790260386 0.7879992277339464
32.40449025166777 0.8352370419534436
32.485501477296935 0.8769963441037135
32.566512702926104 0.9130032253069867
32.64752392855528 0.9430215081389671
32.72853515418445 0.9668542957709266
32.80954637981361 0.9843452634613542
32.89055760544279 0.9953796839259246
32.971568831071956 0.9998851798601615
33.052580056701125 0.9978321986788554
33.13359128233029 0.989234206358268
33.21460250795946 0.9741475991096941
33.29561373358863 0.9526713334637273
33.3766249592178 0.9249462771915915
33.45763618484697 0.891154285320994
33.538647410476145 0.8515170073071248
33.61965863610531 0.806294433182863
33.700669861734475 0.7557831882242533
33.78168108736365 0.7003145873170543
33.86269231299282 0.6402524617861206
33.94370353862199 0.5759907729419457
34.02471476425115 0.5079510279977435
34.10572598988033 0.4365795153065507
34.186737215509496 0.3623443770532237
34.267748441138664 0.2857325386019984
34.34875966676783 0.2072465146409435
34.429770892397 0.127401113072413
34.51078211802617 0.046720058269481134
34.59179334365534 -0.034267444152806456
34.672804569284516 -0.11503017851891714
34.753815794913685 -0.19503840345872975
34.834827020542846 -0.27376732660318837
34.91583824617202 -0.3507005468182887
34.99684947180119 -0.4253334413989551
35.07786069743036 -0.497176476005619
35.15887192305953 -0.5657584156326321
35.2398831486887 -0.630629415547176
35.32089437431787 -0.6913639719244401
35.401905599947035 -0.7475637128251797
35.482916825576204 -0.7988600112089896
35.56392805120538 -0.8449164028439411
35.64493927683454 -0.8854307932529303
35.72595050246371 -0.920137439220948
35.80696172809289 -0.9488086918659778
35.887972953722056 -0.971256489840438
35.968984179351224 -0.9873335928688725
36.049995404980386 -0.996934547530808
36.13100663060956 -0.999996378954025
36.21201785623873 -0.9964990038812385
36.2930290818679 -0.9864653624008125
36.37404030749707 -0.9699612674774359
36.45505153312624 -0.947094973269734
36.536062758755406 -0.918016465066317
36.617073984384575 -0.8829164754977386
36.69808521001375 -0.842025233477252
36.77909643564292 -0.7956109540763743
36.86010766127208 -0.7439780792404584
36.94111888690125 -0.687465280883873
37.02213011253043 -0.6264432394629558
37.103141338159595 -0.5613122125975558
37.184152563788764 -0.49249940968912
37.26516378941793 -0.42045618975588506
37.3461750150471 -0.34565510086514845
37.42718624067627 -0.26858678058169144
37.50819746630544 -0.18975673776302424
37.589208691934616 -0.10968203681039007
37.67021991756378 -0.028887906124340314
37.751231143192946 0.05209570698934779
37.83224236882212 0.13273761236600512
37.91325359445129 0.2125088611806729
37.99426482008046 0.29088621544526994
38.07527604570962 0.3673555800469958
38.1562872713388 0.4414153748165845
38.237298496967966 0.5125798245080564
38.318309722597135 0.5803821451104711
38.399320948226304 0.6443776055916975
38.48033217385547 0.7041464449916588
38.56134339948464 0.7592966257311182
38.64235462511381 0.8094664050764264
38.72336585074299 0.8543267078934063
38.804377076372155 0.8935832851269109
38.88538830200132 0.926978643848147
38.966399527630486 0.9542937362100775
39.04741075325966 0.9753493962326732
39.12842197888883 0.990007514993834
39.209433204518 0.9981719465176154
39.29044443014717 0.999789138417815
39.37145565577634 0.9948484831604052
39.452466881405506 0.9833823876407918
39.533478107034675 0.9654660606195252
39.61448933266385 0.9412170194107211
39.69550055829301 0.9107943190589509
39.77651178392218 0.8743975090605586
39.85752300955136 0.8322653244725885
39.938534235180526 0.7846741199945813
40.019545460809695 0.7319360572944499
40.10055668643886 0.6743970574682452
40.18156791206803 0.6124345320640097
40.2625791376972 0.546454907552588
40.34359036332637 0.4768909594827743
40.42460158895554 0.4041989738068682
