0.0 0.0
0.08988786154074263 0.08976686402815909
0.17977572308148526 0.17880891549334937
0.2696635846222279 0.2664071942510543
0.3595514461629705 0.35185439773895966
0.4494393077037131 0.43446059201285236
0.5393271692444558 0.5135587825415436
0.6292150307851984 0.5885102997800516
0.719102892325941 0.6587099560358334
0.8089907538666836 0.7235909319895202
0.8988786154074262 0.7826293534144915
0.9887664769481689 0.8353485211410712
1.0786543384889116 0.8813227601109715
1.1685422000296541 0.9201808564432234
1.2584300615703967 0.9516090547593854
1.3483179231111393 0.9753535915664621
1.438205784651882 0.991222744242014
1.5280936461926247 0.9990883790771559
1.6179815077333672 0.9988869858779432
1.7078693692741098 0.9906201907713714
1.7977572308148524 0.9743547430753943
1.8876450923555952 0.9502219763389774
1.9775329538963378 0.9184167479039602
2.0674208154370803 0.879195865551113
2.157308676977823 0.8328760139342644
2.2471965385185655 0.7798311975452752
2.3370844000593083 0.7204897208563502
2.426972261600051 0.6553307300232
2.5168601231407934 0.5848803440726789
2.6067479846815362 0.5097074068131976
2.6966358462222786 0.4304188937686413
2.7865237077630214 0.34765501122198433
2.876411569303764 0.2620840269408421
2.9662994308445065 0.17439687432368056
3.0561872923852493 0.08530157353490997
3.1460751539259917 -0.0044824853252094805
3.2359630154667345 -0.094230350855951
3.3258508770074773 -0.18321736389560042
3.4157387385482196 -0.27072500870128835
3.5056266000889624 -0.35604671452447006
3.595514461629705 -0.4384935607378721
3.685402323170448 -0.5173998394485042
3.7752901847111904 -0.5921284306820208
3.8651780462519323 -0.6620759467371204
3.9550659077926755 -0.7266776041724525
4.044953769333418 -0.7854117840877155
4.134841630874161 -0.8378042438774777
4.2247294924149035 -0.8834319464503619
4.314617353955646 -0.9219264759950079
4.404505215496389 -0.9529770127125777
4.494393077037131 -0.9763328424966639
4.584280938577874 -0.9918053812964663
4.674168800118617 -0.9992696978177426
4.764056661659359 -0.998665522266653
4.853944523200102 -0.9899977329915104
4.943832384740844 -0.9733363170930989
5.033720246281587 -0.9488158053216091
5.12360810782233 -0.9166341858230551
5.2134959693630725 -0.8770513055060011
5.303383830903815 -0.8303867719365897
5.393271692444557 -0.7770173727027846
5.4831595539853 -0.7173740330848823
5.573047415526043 -0.6519383365972512
5.662935277066786 -0.5812386364957873
5.752823138607528 -0.5058457896482942
5.84271100014827 -0.42636854721417483
5.932598861689013 -0.3434486393508754
6.022486723229756 -0.25775559363508316
6.112374584770499 -0.16998132903674673
6.2022624463112415 -0.08083456909628357
6.292150307851983 0.0089648805848471
6.382038169392726 0.09869194433444635
6.471926030933469 0.18762213095246857
6.561813892474212 0.2750373835346681
6.651701754014955 0.3602318773432353
6.7415896155556965 0.44251771891016484
6.831477477096439 0.5212305003565838
6.921365338637182 0.5957346640802933
7.011253200177925 0.6654286344949668
7.101141061718668 0.7297496753853359
7.19102892325941 0.7881784336581921
7.2809167848001515 0.8402431328011972
7.370804646340896 0.8855233821898765
7.460692507881638 0.9236535714849713
7.550580369422381 0.9543258227124818
7.640468230963123 0.9772924761901302
7.730356092503865 0.9923680902279328
7.820243954044609 0.9994309384565064
7.910131815585351 0.9984239926931038
8.000019677126094 0.9893553834093356
8.089907538666836 0.9722983340825807
8.179795400207578 0.9473905699611594
8.269683261748321 0.9148332060171281
8.359571123289065 0.8748891230657997
8.449458984829807 0.8278808451638284
8.539346846370549 0.774187935424571
8.629234707911293 0.714243931277931
8.719122569452034 0.6485328439205867
8.809010430992778 0.5775852502213903
8.89889829253352 0.5019740086374411
8.988786154074262 0.4223096337321575
9.078674015615006 0.3392353666433179
9.168561877155748 0.2534219813040164
9.258449738696491 0.1655623683531084
9.348337600237233 0.07636594046679837
9.438225461777975 -0.01344709571515066
9.528113323318719 -0.1031515548178495
9.61800118485946 -0.19202312815995803
9.707889046400204 -0.2793442321036136
9.797776907940946 -0.3644098021037172
9.887664769481688 -0.44653298567322336
9.977552631022432 -0.5250506882971743
10.067440492563174 -0.599328927515631
10.157328354103917 -0.6687679519445688
10.24721621564466 -0.7328070839017321
10.337104077185401 -0.7909292465362522
10.426991938726145 -0.8426651389081842
10.516879800266887 -0.8875970253067651
10.60676766180763 -0.925362108210972
10.696655523348372 -0.955655457657761
10.786543384889114 -0.9782324733651568
10.876431246429858 -0.9929108597300297
10.9663191079706 -0.9995720977536756
11.056206969511344 -0.9981624020102952
11.146094831052086 -0.9886931549314328
11.235982692592827 -0.9712408148997996
11.325870554133571 -0.9459462988945616
11.415758415674313 -0.9130138446728624
11.505646277215057 -0.8727093616747561
11.595534138755799 -0.8253582839670046
11.68542200029654 -0.7713429425618827
11.775309861837284 -0.7110994783279306
11.865197723378026 -0.6451143204190068
11.95508558491877 -0.5739202586561596
12.044973446459512 -0.49809214157546505
12.134861308000254 -0.41824223487742723
12.224749169540997 -0.3350152777556567
12.31463703108174 -0.24908327702194197
12.404524892622483 -0.1611400810619524
12.494412754163225 -0.07189577743360631
12.584300615703967 0.01792904065597727
12.67418847724471 0.1076090927002059
12.764076338785452 0.1964202670898194
12.853964200326196 0.2836454678715817
12.943852061866938 0.36858040485981153
13.03373992340768 0.45053928034919355
13.123627784948424 0.5288603265120946
13.213515646489165 0.6029111487693054
13.30340350802991 0.6720938319897695
13.393291369570651 0.7358497682898183
13.483179231111393 0.7936641674504298
13.573067092652137 0.8450702135336107
13.662954954192879 0.889652834135783
13.752842815733622 0.9270520518437642
13.842730677274364 0.9569658908323591
13.932618538815106 0.9791528151345913
14.02250640035585 0.9934336788970104
14.112394261896592 0.999693172872968
14.202282123437335 0.99788075547431
14.292169984978077 0.9880110608638104
14.38205784651882 0.970163780793251
14.471945708059563 0.9444830211412315
14.561833569600303 0.9111761383462778
14.651721431141048 0.8705120651303263
14.741609292681792 0.8228191390313734
14.831497154222532 0.768482451278523
14.921385015763276 0.7079407374156683
15.011272877304016 0.6416828347801384
15.101160738844762 0.5702437354399474
15.191048600385505 0.49420026645984844
15.280936461926245 0.4141664323753165
15.370824323466989 0.33078845748119007
15.46071218500773 0.24473956796547316
15.550600046548475 0.15671455601930415
15.640487908089218 0.06742416981468843
15.730375769629958 -0.022410625352612883
15.820263631170702 -0.11206446841720794
15.910151492711442 -0.20081345939132508
16.000039354252188 -0.287941004414808
16.08992721579293 -0.37274360181253285
16.17981507733367 -0.4545365224404954
16.269702938874417 -0.532659338455141
16.359590800415155 -0.6064812558645468
16.4494786619559 -0.6754062078044079
16.539366523496643 -0.7388776674136197
16.629254385037385 -0.7963831414485727
16.71914224657813 -0.847458308352854
16.80903010811887 -0.8916907673700236
16.898917969659614 -0.9287233684276901
16.988805831200356 -0.9582570959060359
17.078693692741098 -0.9800534830062129
17.168581554281843 -0.9939365372239873
17.258469415822585 -0.9997941613816483
17.348357277363327 -0.9975790587442089
17.43824513890407 -0.9873091149116314
17.52813300044481 -0.9690672534035398
17.618020861985556 -0.9430007661024795
17.707908723526298 -0.9093201239619924
17.79779658506704 -0.8682972775822968
17.887684446607782 -0.8202634613754074
17.977572308148524 -0.7656065190497013
18.06746016968927 -0.7047677720090152
18.15734803123001 -0.638238455952047
18.247235892770753 -0.5665557544443102
18.337123754311495 -0.4902984614891693
18.427011615852237 -0.4100823081200104
18.516899477392982 -0.32655499074846767
18.606787338933724 -0.2403909414117746
18.696675200474466 -0.15228588214624533
18.786563062015208 -0.06295120745705862
18.87645092355595 0.02689175975758177
18.966338785096696 0.11651759244799278
19.056226646637437 0.2052026167930548
19.14611450817818 0.29223075542404064
19.23600236971892 0.3768993093116989
19.325890231259663 0.4585246316314405
19.41577809280041 0.5364476477936162
19.50566595434115 0.6100391770680003
19.595553815881892 0.6787050128336601
19.685441677422634 0.7418907204342389
19.775329538963376 0.7990861138989465
19.86521740050412 0.8498293753824587
19.955105262044864 0.8937107840617549
20.044993123585606 0.9303760243813605
20.134880985126347 0.9595290469348979
20.22476884666709 0.9809344588831043
20.314656708207835 0.9944194246071405
20.404544569748577 0.9998750612505772
20.49443243128932 0.9972573178819167
20.58432029283006 0.9865873311789382
20.674208154370803 0.9679512547629446
20.764096015911548 0.9414995635609248
20.85398387745229 0.9074458388124903
20.943871738993032 0.8660650435318968
21.033759600533774 0.8176913023497611
21.123647462074516 0.7627152036608787
21.21353532361526 0.7015806458616557
21.303423185156003 0.6347812531418705
21.393311046696745 0.5628563897710221
21.483198908237487 0.4863868050615147
21.57308676977823 0.40598994417290124
21.662974631318974 0.3223149626195901
21.752862492859716 0.23603748473683248
21.842750354400458 0.14785414842712633
21.9326382159412 0.05847698023494054
22.022526077481942 -0.031372353832455804
22.112413939022687 -0.12096837531693495
22.20230180056343 -0.20958765110464506
22.29218966210417 -0.2965146347062751
22.382077523644913 -0.3810474438576114
22.471965385185655 -0.4625035277898457
22.5618532467264 -0.540225178409872
22.651741108267142 -0.6135848408911463
22.741628969807884 -0.6819901807953769
22.831516831348626 -0.7448888668110771
22.921404692889368 -0.801773030491332
23.011292554430113 -0.8521833669811081
23.101180415970855 -0.8957128436232307
23.191068277511597 -0.9320099864983302
23.28095613905234 -0.9607817183619184
23.37084400059308 -0.9817957250640148
23.460731862133827 -0.9948823313439222
23.55061972367457 -0.9999358708542518
23.64050758521531 -0.9969155393521002
23.730395446756052 -0.9858457241683695
23.820283308296794 -0.9668158072949757
23.91017116983754 -0.9399794436798924
24.00005903137828 -0.905553320557361
24.089946892919023 -0.8638154078309044
24.179834754459765 -0.8151027136362498
24.269722616000507 -0.7598085632066065
24.359610477541253 -0.6983794230117991
24.449498339081995 -0.6313112958144064
24.539386200622737 -0.5591457157505879
24.62927406216348 -0.4824653757729212
24.71916192370422 -0.4018894227609396
24.809049785244966 -0.3180684582884894
24.898937646785708 -0.23167928541367144
24.98882550832645 -0.14341944390777842
25.07871336986719 -0.05400157804797963
25.168601231407933 0.03585231754966359
25.25848909294868 0.1254167275954547
25.34837695448942 0.2139684742185888
25.438264816030163 0.30079255618648615
25.528152677570905 0.38518792210273367
25.618040539111647 0.4664731309686433
25.707928400652392 0.5439918544028336
25.797816262193134 0.6171181760917601
25.887704123733876 0.6852616456814156
25.977591985274618 0.7478720463030524
26.06747984681536 0.8044438372381173
26.157367708356105 0.8545202358505771
26.247255569896847 0.8976969058275189
26.33714343143759 0.9336252219477651
26.42703129297833 0.9620150850174514
26.516919154519073 0.9826372642437163
26.60680701605982 0.9953252481332513
26.69669487760056 0.9999765889708383
26.786582739141302 0.9965537300220388
26.876470600682044 0.9850843087808685
26.966358462222786 0.9656609338139245
27.05624632376353 0.9384404370028102
27.146134185304273 0.9036426072225494
27.236022046845015 0.8615484156807447
27.325909908385757 0.8124977472468056
27.4157977699265 0.7568866560893591
27.505685631467244 0.6951641677808978
27.595573493007986 0.6278286536907287
27.68546135454873 0.5554238069407479
27.77534921608947 0.47853425241578756
27.865237077630212 0.3977808262749821
27.955124939170958 0.3138155630792243
28.0450128007117 0.22731643101061266
28.13490066225244 0.13898185769372443
28.224788523793183 0.04952509081942784
28.314676385333925 -0.04033156089429937
28.40456424687467 -0.12986255990380777
28.494452108415413 -0.2183449981119902
28.584339969956154 -0.30506443390935745
28.674227831496896 -0.38932066085336536
28.76411569303764 -0.4704333614074872
28.854003554578384 -0.547747600089525
28.943891416119126 -0.6206391116753303
29.03377927765987 -0.6885193417589686
29.123667139200606 -0.7508401989698059
29.21355500074135 -0.8070984804753816
29.303442862282097 -0.8568399350366839
29.39333072382284 -0.8996629308093032
29.483218585363584 -0.9352216982751028
29.57310644690432 -0.9632291221197364
29.662994308445064 -0.9834590595133509
29.75288216998581 -0.9957481660757
29.842770031526552 -0.9999972147821966
29.932657893067297 -0.9961718971614859
30.022545754608032 -0.9843031003153844
30.112433616148778 -0.9644866575244044
30.202321477689523 -0.936882574452594
30.292209339230265 -0.9017137371995896
30.38209720077101 -0.8592641126315805
30.471985062311745 -0.8098764555224357
30.56187292385249 -0.7539495410183608
30.651760785393236 -0.691934944772354
30.741648646933978 -0.6243333967467842
30.831536508474723 -0.5516907381249776
30.92142437001546 -0.47459351397729654
31.011312231556204 -0.39366423726813615
31.10120009309695 -0.30955636244426404
31.19108795463769 -0.22294900918951072
31.280975816178437 -0.13454147894838495
31.37086367771917 -0.04504760849434218
31.460751539259917 0.04480999386593167
31.550639400800662 0.1343057829128832
31.640527262341404 0.22271713484833666
31.73041512388215 0.3093301820410117
31.820302985422884 0.3934455770713107
31.91019084696363 0.47438413953435593
32.000078708504375 0.5514923400065912
32.08996657004512 0.6241475768964909
32.17985443158586 0.6917632035718722
32.2697422931266 0.753793265172917
32.35963015466734 0.8097369068639738
32.44951801620809 0.8591424179302332
32.539405877748834 0.901610879065686
32.62929373928957 0.9367993834026991
32.71918160083031 0.9644238052754006
32.809069462371056 0.9842610943607706
32.8989573239118 0.9961510766736733
32.98884518545255 0.9999977478738972
33.078733046993285 0.9957700484425244
33.168620908534024 0.9835021144685624
33.25850877007477 0.9632930020208856
33.348396631615515 0.9353058873310265
33.43828449315626 0.8997667492448326
33.528172354697 0.8569625445814062
33.61806021623774 0.8072388911321626
33.70794807777848 0.7509972770084054
33.79783593931923 0.6886918188702206
33.88772380085997 0.6208255952119837
33.97761166240071 0.5479465843110002
34.06749952394145 0.47064323963781496
34.157387385482195 0.38953973845410084
34.24727524702294 0.3052909419627712
34.337163108563686 0.2185771077039888
34.427050970104425 0.1300983968913043
34.51693883164517 0.04056922103775614
34.60682669318591 -0.04928752648041167
34.696714554726654 -0.138746307345998
34.7866024162674 -0.2270847965792692
34.87649027780814 -0.3135897148707188
34.96637813934888 -0.3975625878755669
35.05626600088962 -0.478325385967151
35.14615386243037 -0.5552259989118131
35.23604172397111 -0.627643501260432
35.32592958551185 -0.6949931659419462
35.415817447052596 -0.7567311855770913
35.505705308593335 -0.8123590633905848
35.59559317013408 -0.8614276382679529
35.685481031674826 -0.9035407114569771
35.775368893215564 -0.9383582456304843
35.86525675475631 -0.965599110479944
35.95514461629705 -0.9850433526708693
36.04503247783779 -0.9965339718315787
36.13492033937854 -0.9999781882352284
36.22480820091928 -0.9953481919394095
36.31469606246002 -0.9826813673344307
36.40458392400076 -0.9620799912872204
36.494471785541506 -0.9337104073181282
36.58435964708225 -0.8978016824786738
36.67424750862299 -0.8546437577751064
36.764135370163736 -0.8045851070719735
36.854023231704474 -0.7480299233786714
36.94391109324522 -0.6854348552378989
37.033798954785965 -0.6173053195678018
37.1236868163267 -0.5441914207292491
37.21357467786745 -0.46668350876931575
37.30346253940819 -0.3854074127055055
37.39335040094893 -0.3010193873388825
37.48323826248968 -0.21420081439768945
37.573126124030416 -0.12565270079632285
37.66301398557116 -0.03609001843292179
37.7529018471119 0.053764068771681196
37.842789708652646 0.1431840439806911
37.93267757019339 0.23144789554633372
38.02256543173413 0.3178429468126514
38.112453293274875 0.40167161054394324
38.20234115481561 0.48225702151529226
38.29222901635636 0.5589485017856202
38.382116877897104 0.6311268145243326
38.47200473943784 0.6982091639702792
38.56189260097859 0.7596539011513439
38.651780462519326 0.8149648973688116
38.74166832406007 0.8636955501334234
38.83155618560082 0.9054523892074887
38.921444047141556 0.9398982536365883
39.0113319086823 0.9667550141182191
39.10121977022304 0.985805818725906
39.191107631763785 0.9968968438559896
39.28099549330453 0.999938536259198
39.37088335484527 0.9949063361284095
39.460771216386014 0.9818408754040797
39.55065907792675 0.9608476496961611
39.6405469394675 0.9320961664715208
39.73043480100824 0.8958185763847569
39.82032266254898 0.852307798803546
39.91021052408973 0.8019151566637646
40.000098385630466 0.7450475397515295
40.08998624717121 0.6821641193168284
40.17987410871196 0.6137726405463444
40.269761970252695 0.5404253228313867
40.35964983179344 0.46271440093379523
40.44953769333418 0.38126734305224413
40.539425554874924 0.29674178439998655
40.62931341641567 0.20982021720248864
40.71920127795641 0.12120447998981812
40.809089139497154 0.031610090679444924
40.89897700103789 -0.05823953079358044
40.98886486257864 -0.14761890365051603
41.07875272411938 -0.23580634408276518
41.16864058566012 -0.32208979240757113
41.25852844720087 -0.40577256251477567
41.348416308741605 -0.48617896718130865
41.43830417028235 -0.5626597738325974
41.528192031823096 -0.6345974466987607
41.618079893363834 -0.7014111330385442
41.70796775490458 -0.7625613531702113
41.79785561644532 -0.817554356440217
41.887743477986064 -0.8659461079580005
41.97763133952681 -0.9073458739063088
42.06751920106755 -0.9414193764779758
42.15740706260829 -0.9678914929649154
42.24729492414903 -0.9865484772058217
42.33718278568978 -0.9972396854558001
42.42707064723052 -0.9998787927425242
42.51695850877126 -0.9944444898876341
42.606846370312006 -0.9809806555653242
42.696734231852744 -0.9595960020088709
42.78662209339349 -0.9304631972257839
42.876509954934235 -0.893817470809188
42.966397816474974 -0.8499547146026246
43.05628567801572 -0.7992290935542459
43.14617353955646 -0.7420501860513445
43.2360614010972 -0.678879676825172
43.32594926263795 -0.6102276291289384
43.41583712417869 -0.5366483662887729
43.50572498571943 -0.4587359958816403
43.59561284726017 -0.3771196126798073
43.685500708800916 -0.2924582190949994
43.77538857034166 -0.20543540413674294
43.8652764318824 -0.11675382384889277
43.955164293423145 -0.027129527791508682
44.045052154963884 0.0627138226216552
44.13494001650463 0.15205079724683257
44.224827878045375 0.24016005461523507
44.31471573958611 0.3263301663245623
44.40460360112686 0.4098653613885565
44.4944914626676 0.49009114416242605
44.58437932420834 0.5663597404829881
44.67426718574909 0.6380553280490829
44.764155047289826 0.7045990088102954
44.85404290883057 0.7654534832149126
