0.0 0.0
0.1728091957693569 0.1719503784253159
0.3456183915387138 0.3387785656433123
0.5184275873080707 0.4955149542502333
0.6912367830774276 0.6374905591647924
0.8640459788467845 0.7604761009762256
1.0368551746161414 0.8608079909988732
1.2096643703854983 0.9354974650927887
1.3824735661548553 0.9823196152875062
1.555282761924212 0.9998796670659148
1.728091957693569 0.9876545279891193
1.9009011534629259 0.9460083699796297
2.073710349232283 0.8761817810857441
2.2465195450016395 0.7802548098827832
2.4193287407709967 0.6610850033732034
2.5921379365403534 0.5222222841606737
2.7649471323097106 0.36780320260285276
2.9377563280790673 0.20242771404174914
3.110565523848424 0.031022151767066714
3.283374719617781 -0.14130752241983519
3.456183915387138 -0.3094278185553742
3.628993111156495 -0.46833063889342486
3.8018023069258517 -0.6132824630043854
3.974611502695209 -0.7399653535522328
4.147420698464566 -0.8446055823601258
4.320229894233922 -0.9240860451515861
4.493039090003279 -0.9760391162697684
4.665848285772636 -0.9989171773464439
4.838657481541993 -0.9920387189580185
5.0114666773113505 -0.9556086419567017
5.184275873080707 -0.8907121537250362
5.357085068850064 -0.7992824411768877
5.529894264619421 -0.6840430834866127
5.702703460388778 -0.5484269200006778
5.875512656158135 -0.3964737901572961
6.048321851927492 -0.2327101916166411
6.221131047696848 -0.06201444143858818
6.393940243466205 0.11052864300864568
6.566749439235562 0.27977921453115956
6.7395586350049195 0.4406955058631549
6.912367830774276 0.588484017739765
7.085177026543634 0.7187423113701634
7.25798622231299 0.8275901516980239
7.430795418082346 0.9117850948522209
7.6036046138517035 0.9688190765791337
7.77641380962106 0.9969931244054504
7.949223005390418 0.9954679679476333
8.122032201159774 0.9642890397488935
8.294841396929131 0.9043851218993652
8.467650592698488 0.8175406787550026
8.640459788467844 0.7063426999296267
8.813268984237203 0.5741036370422826
8.986078180006558 0.42476272983986557
9.158887375775917 0.26276866106893043
9.331696571545272 0.09294703566443771
9.50450576731463 -0.0796433681119728
9.677314963083987 -0.24986129348152916
9.850124158853344 -0.4126361568919259
10.022933354622701 -0.5631190944920403
10.195742550392056 -0.6968274038482636
10.368551746161414 -0.809778078160602
10.54136094193077 -0.8986064551577536
10.714170137700128 -0.9606664462658984
10.886979333469485 -0.994109360346979
11.059788529238842 -0.9979389739438449
11.232597725008198 -0.9720412075570911
11.405406920777557 -0.9171875239336452
11.578216116546912 -0.8350119471362546
11.75102531231627 -0.7279623869676329
11.923834508085626 -0.5992277187350912
12.096643703854983 -0.452642790560143
12.26945289962434 -0.2925741879490216
12.442262095393696 -0.12379015855765783
12.615071291163055 0.04868142806692674
12.78788048693241 0.2197028545634074
12.960689682701767 0.3841796020648595
13.133498878471125 0.5372121096771691
13.306308074240482 0.6742417263982027
13.479117270009839 0.7911865077487527
13.651926465779194 0.8845628118999296
13.824735661548551 0.9515890730972701
13.997544857317909 0.9902686610983246
14.170354053087268 0.9994493583425609
14.343163248856623 0.978857683101517
14.51597244462598 0.9291070361645923
14.688781640395336 0.851679428380688
14.861590836164693 0.7488813333698459
15.034400031934052 0.6237749804985592
15.207209227703407 0.48008713481687476
15.380018423472764 0.3220980812912394
15.55282761924212 0.15451412035689047
15.725636815011477 -0.01767262700891038
15.898446010780836 -0.1893329284575579
16.07125520655019 -0.35535323381964157
16.244064402319548 -0.5107880015025872
16.416873598088905 -0.6510070201185005
16.589682793858262 -0.7718333368113843
16.76249198962762 -0.869667683567729
16.935301185396977 -0.9415956950030653
17.108110381166334 -0.9854747237379101
17.280919576935688 -0.9999976672393724
17.45372877270505 -0.9847319048049633
17.626537968474405 -0.9401321848035472
17.799347164243763 -0.867527078278307
17.972156360013116 -0.7690794024423024
18.144965555782473 -0.6477217930022157
18.317774751551834 -0.5070693445318866
18.490583947321188 -0.3513119212319175
18.663393143090545 -0.1850893460059074
18.836202338859902 -0.013353185817990618
19.00901153462926 0.15878074942347933
19.181820730398616 0.3261848005784086
19.354629926167974 0.48387220596154806
19.52743912193733 0.627145650866438
19.700248317706688 0.751737194818304
19.87305751347604 0.8539354082943892
20.045866709245402 0.9306959316645261
20.21867590501476 0.9797321629364577
20.391485100784113 0.9995833728290909
20.56429429655347 0.9896582181090016
20.737103492322827 0.9502523569812134
20.909912688092188 0.8825396417933268
21.08272188386154 0.7885371514115602
21.2555310796309 0.6710451049113717
21.428340275400256 0.5335634464802926
21.601149471169613 0.38018758636651406
21.77395866693897 0.215486403622728
21.946767862708327 0.044366144794078036
22.119577058477685 -0.12807572715835808
22.292386254247038 -0.2967023800369547
22.465195450016395 -0.456490632348288
22.638004645785756 -0.6026805877285493
22.810813841555113 -0.7309174264273798
22.983623037324467 -0.8373811300554469
23.156432233093824 -0.9189002752543631
23.32924142886318 -0.97304650651488
23.50205062463254 -0.9982068739138161
23.674859820401895 -0.9936318809170901
23.847669016171253 -0.9594578109636566
24.02047821194061 -0.8967026677487495
24.193287407709967 -0.807235850140421
24.366096603479324 -0.6937224650764806
24.53890579924868 -0.5595439372924378
24.71171499501804 -0.4086972808194365
24.884524190787392 -0.2456760328309104
25.05733338655675 -0.07533639667284181
25.23014258232611 0.0972474184871182
25.402951778095463 0.2669343521370047
25.57576097386482 0.428669638317613
25.748570169634178 0.5776353809104531
25.921379365403535 0.7093940728632663
26.094188561172892 0.8200207840910528
26.26699775694225 0.9062200803369365
26.439806952711606 0.9654241901231732
26.612616148480964 0.9958694955190471
26.785425344250317 0.9966490681593465
26.958234540019678 0.9677396855297604
27.131043735789035 0.9100025227371452
27.30385293155839 0.8251574991576637
27.476662127327746 0.7157320441447313
27.649471323097103 0.5849858080036126
27.822280518866464 0.4368135610005009
27.995089714635817 0.27562917292574035
28.167898910405174 0.10623412931785027
28.340708106174535 -0.0663254989108645
28.51351730194389 -0.2369093717475022
28.686326497713246 -0.40043600451285327
28.8591356934826 -0.5520341390673017
29.03194488925196 -0.6871878526256203
29.204754085021317 -0.8018710815666279
29.37756328079067 -0.8926675529382788
29.55037247656003 -0.9568725510454187
29.723181672329385 -0.9925734876182049
29.895990868098743 -0.9987068754745776
30.068800063868103 -0.9750900085010812
30.241609259637457 -0.9224264042442561
30.414418455406814 -0.842284846984428
30.587227651176168 -0.7370526555730991
30.76003684694553 -0.6098645681277955
30.93284604271489 -0.4645093620222859
31.10565523848424 -0.30531699084825087
31.2784644342536 -0.13702960040009948
31.451273630022953 0.03533973404107175
31.624082825792314 0.20665634108128755
31.79689202156167 0.37181690878668
31.969701217331025 0.5259015060966507
32.14251041310038 0.6643201415453405
32.315319608869736 0.7829494934865961
32.488128804639096 0.8782557387965194
32.66093800040846 0.947399821136877
32.83374719617781 0.9883220229667969
33.00655639194717 0.9998033220060356
33.179365587716525 0.9815017044159139
33.35217478348588 0.9339623529727568
33.52498397925524 0.8586014067405962
33.69779317502459 0.7576637760226355
33.870602370793954 0.6341562692323516
34.043411566563314 0.4917580237529437
34.21622076233267 0.3347109089400545
34.38902995810203 0.1676931660281266
34.561839153871375 -0.004319950947066429
34.734648349640736 -0.17620438187366014
34.9074575454101 -0.34283990003955017
35.08026674117945 -0.49926263741609894
35.25307593694881 -0.6408129522080962
35.425885132718165 -0.7632742338767186
35.598694328487525 -0.8629985108039748
35.77150352425688 -0.9370151188999553
35.94431272002623 -0.9831191940483026
36.11712191579559 -0.9999373523082016
36.28993111156495 -0.9869686013401684
36.46274030733431 -0.944599264354344
36.63554950310367 -0.8740914720151457
36.80835869887302 -0.7775455651143501
36.981167894642375 -0.6578375279909177
37.15397709041173 -0.5185333164793999
37.32678628618109 -0.3637826324523962
37.49959548195045 -0.19819530928340534
37.672404677719804 -0.026703990555700486
37.845213873489165 0.14558280734965193
38.01802306925852 0.3135328717009787
38.19083226502788 0.4721431757485573
38.36364146079723 0.6166889127648593
38.536450656566586 0.7428642422511338
38.70925985233595 0.8469105556530228
38.8820690481053 0.9257284407066901
39.05487824387466 0.9769700091347301
39.22768743964402 0.9991088373627622
39.400496635413376 0.9914854368085089
39.57330583118273 0.9543268992390641
39.74611502695208 0.8887401319852413
39.918924222721444 0.7966788845276741
40.091733418490804 0.6808855486923117
40.26454261426016 0.5448094661561816
40.43735181002952 0.39250417678278543
40.61016100579887 0.22850666863346436
40.782970201568226 0.05770222664888844
40.95577939733759 -0.11482109400691572
41.12858859310694 -0.28392403487917856
41.3013977888763 -0.4445692264384016
41.474206984645654 -0.5919712451499547
41.647016180415015 -0.7217391653811192
41.819825376184376 -0.8300073596986292
41.99263457195373 -0.9135506511761838
42.16544376772308 -0.9698803874656184
42.33825296349244 -0.9973185747028036
42.5110621592618 -0.9950478628900351
42.68387135503116 -0.9631358937515587
42.85668055080051 -0.9025332857694437
43.02948974656987 -0.8150453164230913
43.202298942339226 -0.70327814518384
43.37510813810858 -0.5705611792157268
43.54791733387794 -0.42084789441318304
43.720726529647294 -0.25859806619548575
43.893535725416655 -0.08864491825829846
44.06634492118601 0.08394885324153037
44.23915411695537 0.25404189120488785
44.41196331272473 0.41656733232235804
44.584772508494076 0.5666837427274766
44.75758170426344 0.6999193383829594
44.93039090003279 0.8123051940510652
45.10320009580215 0.9004934727162518
45.27600929157151 0.9618571535501556
45.448818487340866 0.9945682876451045
45.621627683110226 0.9976524503736187
45.79443687887958 0.971017768304801
45.96724607464893 0.9154576560013419
46.140055270418294 0.8326271811712858
46.31286446618765 0.724993762227777
46.48567366195701 0.5957636669160428
46.65848285772636 0.4487865015236094
46.83129205349572 0.2884405358230834
47.00410124926508 0.11950227977718846
47.17691044503443 -0.05299580284387851
47.34971964080379 -0.22391520539551804
47.522528836573144 -0.38816444817916734
47.695338032342505 -0.5408507473876745
47.868147228111866 -0.6774257651432902
48.04095642388122 -0.7938210989132924
48.21376561965058 -0.8865694742393868
48.386574815419934 -0.9529080305978548
48.55938401118929 -0.9908606236312565
48.73219320695865 -0.9992966920688869
48.905002402728 -0.977964935762579
49.07781159849736 -0.9275008016103806
49.250620794266716 -0.8494075543716211
49.42342999003608 -0.7460114962505728
49.59623918580543 -0.6203926692025411
49.769048381574784 -0.4762931042557275
49.941857577344145 -0.31800535098930344
50.1146667731135 -0.150244607738014
50.28747596888286 0.0219917383921506
50.46028516465222 0.19357297756612507
50.63309436042157 0.35938791478284215
50.80590355619093 0.5144971261152917
50.97871275196028 0.6542800981005948
51.15152194772964 0.7745728671779135
51.324331143499 0.8717920590638312
51.497140339268356 0.943041633084163
51.669949535037716 0.9861991516792281
51.84275873080707 0.9999790052196533
52.01556792657643 0.9839707087429215
52.188377122345784 0.9386511297977312
52.36118631811514 0.8653702831436796
52.5339955138845 0.7663111154647633
52.70680470965385 0.6444244780608593
52.87961390542321 0.5033412246010076
53.05242310119257 0.3472640524388912
53.22523229696193 0.1808423094051725
53.39804149273128 0.00903349542907249
53.570850688500634 -0.16304441531367553
53.743659884269995 -0.33026543258419544
53.916469080039356 -0.48764824705250875
54.08927827580871 -0.6305046174025087
54.26208747157807 -0.7545790272996838
54.434896667347424 -0.8561754520114893
54.60770586311678 -0.932267458458111
54.78051505888614 -0.9805883589478017
54.95332425465549 -0.9996987330274903
55.12613345042485 -0.9890293060554125
55.298942646194206 -0.948897907195564
55.47175184196357 -0.880500001676107
55.64456103773293 -0.7858730793441673
55.81737023350228 -0.6678359603383457
55.990179429271635 -0.5299048258886296
56.16298862504099 -0.3761884755833887
56.33579782081035 -0.2112659312611557
56.50860701657971 -0.04005003355742887
56.68141621234907 0.13235890560174218
56.85422540811842 0.30082503504630415
57.02703460388778 0.4603299550793808
57.19984379965713 0.6061222094587522
57.37265299542649 0.7338588254598792
57.54546219119585 0.8397346857150269
57.7182713869652 0.9205958780000189
57.89108058273456 0.9740336464172161
58.06388977850392 0.9984561452839666
58.23669897427328 0.9931358582661883
58.409508170042635 0.9582312701990574
58.58231736581198 0.8947821460178444
58.75512656158134 0.8046785574337477
58.9279357573507 0.6906045800121754
59.10074495312006 0.5559583378484845
59.273554148889424 0.4047507776124377
59.44636334465877 0.24148618735862715
59.61917254042813 0.0710280193011073
59.791981736197485 -0.10154598647231658
59.964790931966846 -0.2710950616593166
60.137600127736206 -0.4325685469354618
60.31040932350555 -0.5811563449106033
60.483218519274914 -0.7124322070398467
60.656027715044274 -0.8224855861473624
60.82883691081363 -0.9080381268380464
61.00164610658299 -0.9665413236901509
61.174455302352335 -0.9962524381109428
61.347264498121696 -0.9962864123852913
61.52007369389106 -0.9666422344611637
61.69288288966042 -0.9082029680974292
61.86569208542978 -0.8227094474758543
62.038501281199125 -0.7127084198826196
62.21131047696848 -0.5814766812253119
62.38411967273784 -0.43292346429554873
62.5569288685072 -0.27147398751125895
62.72973806427656 -0.1019376330790077
62.90254726004591 0.07063531861247334
63.07535645581527 0.24110413066068076
63.24816565158463 0.40439074590636703
63.42097484735398 0.5556310560379081
63.59378404312334 0.6903197974214561
63.76659323889269 0.8044447573875172
63.93940243466205 0.8946062931331847
64.1122116304314 0.9581186029180597
64.28502082620076 0.9930897328091818
64.45783002197012 0.9984779356718294
64.63063921773947 0.9741227035409808
64.80344841350883 0.920749548957025
64.97625760927819 0.8399483928356388
65.14906680504755 0.7341262026706799
65.32187600081691 0.6064352919200547
65.49468519658626 0.4606794164480622
65.66749439235562 0.301200465296127
65.84030358812498 0.13274912112529225
66.01311278389434 -0.03965665680273674
66.1859219796637 -0.21088111148712482
66.35873117543305 -0.37582367609983397
66.53154037120241 -0.5295709136254622
66.70434956697176 -0.667542882132973
66.87715876274112 -0.7856295656374419
67.04996795851048 -0.8803133064431463
67.22277715427984 -0.9487735918587359
67.39558635004919 -0.9889710738163667
67.56839554581855 -0.9997083185533205
67.74120474158791 -0.9806654766974302
67.91401393735727 -0.932409811188213
68.08682313312663 -0.8563787992085528
68.25963232889598 -0.7548373114997292
68.43244152466534 -0.6308101446355012
68.6052507204347 -0.48799191603631187
68.77805991620406 -0.3306370058406354
68.9508691119734 -0.16343282413047594
69.12367830774275 0.008639821274935034
69.29648750351211 0.1804550969846806
69.46929669928147 0.3468948363358806
69.64210589505083 0.5030010033110476
69.8149150908202 0.6441233863595516
69.98772428658954 0.7660581225051761
70.1605334823589 0.865172925276276
70.33334267812826 0.9385152860717042
70.50615187389762 0.9839004257765164
70.67896106966698 0.9999763766563703
70.85177026543633 0.9862642558207495
71.02457946120569 0.9431725305578379
71.19738865697505 0.8719848505942089
71.37019785274441 0.7748218097413941
71.54300704851376 0.6545777760030715
71.7158162442831 0.5148346718965754
71.88862544005246 0.3597552733674462
72.06143463582183 0.19395920579167103
72.23424383159119 0.022385330992771173
72.40705302736055 -0.14985537540390803
72.5798622231299 -0.31763207367629454
72.75267141889925 -0.4759469014378715
72.92548061466861 -0.6200838538378366
73.09828981043798 -0.7457492675705655
73.27109900620734 -0.8491997238475643
73.44390820197668 -0.9273535602590796
73.61671739774604 -0.9778826697235847
73.7895265935154 -0.9992818519467606
73.96233578928475 -0.9909136514950636
74.13514498505411 -0.9530273468124677
74.30795418082346 -0.8867515245208879
74.48076337659282 -0.7940604602067276
74.65357257236218 -0.6777153071688385
74.82638176813154 -0.5411818450429648
74.9991909639009 -0.38852723847050213
75.17200015967025 -0.22429888124438901
75.34480935543961 -0.05338893501658068
75.51761855120897 0.11911140220666748
75.69042774697833 0.2880635566189106
75.86323694274769 0.4484346504346311
76.03604613851704 0.5954474251553262
76.2088553342864 0.7247225502501189
76.38166453005576 0.8324090780493851
76.5544737258251 0.9152991587601063
76.72728292159447 0.9709235983829648
76.90009211736381 0.9976254129778319
77.07290131313317 0.9946091881862802
77.24571050890253 0.9619647736512557
77.4185197046719 0.9006646065062541
77.59132890044125 0.8125347436639316
77.7641380962106 0.7002004658168284
77.93694729197996 0.5670080735403501
78.10975648774932 0.4169252050964749
78.28256568351868 0.25442264534856057
78.45537487928804 0.08434114655508052
78.62818407505739 -0.08825277171228225
78.80099327082675 -0.25821774798240393
78.97380246659611 -0.4204907337468819
79.14661166236546 -0.5702378154750671
79.31942085813482 -0.7029982109786914
79.49223005390417 -0.8148171506506149
79.66503924967353 -0.9023636852086007
79.83784844544289 -0.9630299105953701
80.01065764121225 -0.9950086542469365
80.18346683698161 -0.9973473085502591
80.35627603275096 -0.9699762078575006
80.52908522852032 -0.9137107037403545
80.70189442428968 -0.8302268766651955
80.87470362005904 -0.7220116076084648
81.0475128158284 -0.5922884969177528
81.22032201159774 -0.44492183720499395
81.3931312073671 -0.2843015008016208
81.56594040313645 -0.11521217083762027
81.73874959890581 0.057309188609812545
81.91155879467517 0.22812337750790393
82.08436799044452 0.3921420503439889
82.25717718621388 0.5444792917073171
82.42998638198324 0.6805971617258928
82.6027955777526 0.7964408757382735
82.77560477352196 0.8885595913632357
82.94841396929131 0.9542092048684958
83.12122316506067 0.9914340946605555
83.29403236083003 0.9991253768571369
83.46684155659939 0.9770539375801481
83.63965075236875 0.9258772579775392
83.8124599481381 0.8471198286650458
83.98526914390746 0.7431277370175703
84.1580783396768 0.6169987800992914
84.33088753544617 0.47249018508253693
84.50369673121553 0.31390668605139077
84.67650592698487 0.145972291244768
84.84931512275423 -0.026310439364170792
85.0221243185236 -0.19780941420353207
85.19493351429296 -0.3634158888260446
85.36774271006232 -0.5181966491500942
85.54055190583166 -0.6575409658661184
85.71336110160102 -0.7772979424166034
85.88617029737038 -0.8739001651213832
86.05897949313974 -0.944469972062657
86.2317886889091 -0.9869051751095983
