0.0 0.0
0.10746944878865212 0.1072626952210653
0.21493889757730425 0.21328773227794987
0.3224083463659564 0.31685173381237863
0.4298777951546085 0.4167597192978027
0.5373472439432606 0.5118588934063774
0.6448166927319128 0.6010519476190529
0.7522861415205649 0.6833097215972135
0.859755590309217 0.7576830782217371
0.9672250390978692 0.8233138552784992
1.0746944878865212 0.8794447674235281
1.1821639366751735 0.9254281441732877
1.2896333854638256 0.9607334030961725
1.3971028342524776 0.9849531719752683
1.5045722830411299 0.9978079893013708
1.6120417318297817 0.999149528859295
1.719511180618434 0.9889623112003562
1.8269806294070863 0.9673638822530796
1.9344500781957383 0.934603457011224
2.0419195269843904 0.8910590439490225
2.1493889757730424 0.8372330833437756
2.2568584245616945 0.7737466498333211
2.364327873350347 0.7013322861025785
2.471797322138999 0.62082555038818
2.579266770927651 0.5331553753309016
2.686736219716303 0.4393333494209558
2.794205668504955 0.34044204471294265
2.9016751172936073 0.23762252549194374
3.0091445660822598 0.1320611820228941
3.116614014870912 0.024976041302944833
3.2240834636595634 -0.08239728722884106
3.331552912448216 -0.18881986885803562
3.439022361236868 -0.2930637391303126
3.5464918100255205 -0.3939260728058037
3.6539612588141726 -0.4902430627428499
3.761430707602824 -0.5809033485686841
3.8689001563914767 -0.6648608401893743
3.9763696051801287 -0.7411467881740543
4.083839053968781 -0.8088809617384717
4.191308502757433 -0.8672818053498921
4.298777951546085 -0.9156754567606645
4.406247400334737 -0.9535035224152332
4.513716849123389 -0.9803295205135081
4.6211862979120415 -0.9958439173868624
4.728655746700694 -0.9998676990741691
4.836125195489346 -0.992354436887002
4.943594644277998 -0.973390823130327
5.05106409306665 -0.9431956707972354
5.158533541855302 -0.902117388779809
5.266002990643955 -0.8506299617285791
5.373472439432606 -0.7893274809472495
5.480941888221259 -0.7189172894283403
5.58841133700991 -0.6402118201262486
5.695880785798563 -0.5541192216423729
5.8033502345872146 -0.46163287948851367
5.910819683375867 -0.3638199538381669
6.0182891321645196 -0.26180906602369924
6.125758580953171 -0.15677727585960433
6.233228029741824 -0.04993650005492076
6.340697478530475 0.05748047157307411
6.448166927319127 0.16423420073101214
6.55563637610778 0.2690929019954843
6.663105824896432 0.37084665585590715
6.770575273685084 0.4683213694560313
6.878044722473736 0.5603923239470536
6.985514171262388 0.6459971521352843
7.092983620051041 0.7241480966808392
7.200453068839693 0.7939434074052791
7.307922517628345 0.8545777461995677
7.415391966416997 0.9053514794745632
7.522861415205648 0.9456787509324709
7.630330863994301 0.9750942415110007
7.737800312782953 0.9932585385001426
7.845269761571606 0.9999620518796304
7.952739210360257 0.9951274326881526
8.060208659148909 0.9788104655197912
8.167678107937562 0.9511994248495531
8.275147556726214 0.912612902615079
8.382617005514867 0.8634961321211299
8.490086454303517 0.8044158506837394
8.59755590309217 0.7360537602917696
8.705025351880822 0.6591986617404997
8.812494800669475 0.5747373529980848
8.919964249458127 0.48364439682473714
9.027433698246778 0.3869708757116725
9.13490314703543 0.28583226389174277
9.242372595824083 0.18139555636143787
9.349842044612735 0.07486580342691167
9.457311493401388 -0.03252779385385532
9.564780942190039 -0.13954606689404428
9.672250390978691 -0.24495417781202863
9.779719839767342 -0.3475358676952386
9.887189288555996 -0.4461074904893101
9.994658737344649 -0.5395316705814381
10.1021281861333 -0.6267304264890153
10.209597634921952 -0.7066976092248967
10.317067083710604 -0.7785105118183523
10.424536532499257 -0.8413405160344486
10.53200598128791 -0.8944626534439166
10.63947543007656 -0.9372639705224382
10.746944878865213 -0.9692506012580638
10.854414327653865 -0.9900534656589748
10.961883776442518 -0.9994325284089683
11.06935322523117 -0.9972795685318611
11.17682267401982 -0.9836194281068454
11.284292122808473 -0.9586097256264084
11.391761571597126 -0.9225390373042548
11.499231020385778 -0.8758235673183378
11.606700469174429 -0.8190023454096363
11.714169917963082 -0.7527310072495168
11.821639366751734 -0.6777742293413628
11.929108815540387 -0.594996905746875
12.036578264329039 -0.5053541684450197
12.14404771311769 -0.4098803664744132
12.251517161906342 -0.3096771310240765
12.358986610694995 -0.20590066418437283
12.466456059483647 -0.09974839802774155
12.5739255082723 0.007554822045613059
12.68139495706095 0.11477087027264585
12.788864405849603 0.220662626728806
12.896333854638254 0.32400825192341437
13.003803303426908 0.4236152850807063
13.11127275221556 0.5183344034324685
13.218742201004211 0.6070726837597719
13.326211649792864 0.6888062131645133
13.433681098581514 0.7625919035605053
13.541150547370169 0.8275783735617986
13.648619996158821 0.8830157722067615
13.756089444947472 0.9282644311662285
13.863558893736124 0.9628022456015709
13.971028342524775 0.9862306985081503
14.07849779131343 0.9982794590318508
14.185967240102082 0.9988095017006778
14.293436688890733 0.9878147105799628
14.400906137679385 0.965421949841503
14.508375586468036 0.9318895999323816
14.61584503525669 0.8876045762339758
14.723314484045343 0.833077864611581
14.830783932833993 0.7689386253680067
14.938253381622646 0.6959269336331042
15.045722830411297 0.6148852399547584
15.153192279199951 0.5267486496238896
15.260661727988602 0.4325341328962037
15.368131176777254 0.3333287906092431
15.475600625565907 0.23027731059281592
15.583070074354557 0.12456875960783619
15.690539523143212 0.01742286321574048
15.798008971931862 -0.0899240681107986
15.905478420720515 -0.1962334042433692
16.012947869509166 -0.30027848741878244
16.120417318297818 -0.40085878611609205
16.22788676708647 -0.49681374747409973
16.335356215875123 -0.5870361884122981
16.442825664663776 -0.670485070940831
16.550295113452428 -0.7461975142506687
16.65776456224108 -0.8132999049816455
16.765234011029733 -0.871017977471752
16.872703459818386 -0.9186857476760142
16.980172908607035 -0.9557531976703055
17.087642357395687 -0.9817926220719112
17.19511180618434 -0.9965035631482064
17.302581254972992 -0.9997162776693727
17.410050703761645 -0.99139369550261
17.517520152550297 -0.9716318473484762
17.62498960133895 -0.940658756683883
17.7324590501276 -0.8988318086971488
17.839928498916255 -0.8466336265738217
17.947397947704903 -0.7846665027150752
18.054867396493556 -0.7136454491443898
18.162336845282212 -0.6343899472909726
18.26980629407086 -0.5478144923455689
18.377275742859513 -0.45491804129326174
18.484745191648166 -0.3567724863779637
18.59221464043682 -0.254510286998244
18.69968408922547 -0.14931140274479301
18.80715353801412 -0.04238967835357437
18.914622986802776 0.0650211623271793
19.022092435591425 0.17168175174645148
19.129561884380077 0.27636137918027714
19.237031333168733 0.3778521913740846
19.344500781957382 0.47498312944255333
19.451970230746035 0.5666334412150786
19.559439679534684 0.6517456131136002
19.66690912832334 0.7293375723475418
19.774378577111992 0.79851401862985
19.88184802590064 0.8584767546624451
19.989317474689297 0.9085338961919636
20.096786923477946 0.9481078553649342
20.2042563722666 0.9767420052659328
20.311725821055255 0.9941059487393925
20.419195269843904 0.9999993307004618
20.526664718632556 0.9943541499462657
20.63413416742121 0.9772355437925717
20.74160361620986 0.9488410364822848
20.849073064998514 0.909498260038058
20.956542513787163 0.8596611738571222
21.06401196257582 0.7999048266687966
21.17148141136447 0.7309187212942383
21.27895086015312 0.6534988587695576
21.386420308941776 0.5685385536317896
21.493889757730425 0.477018126346214
21.601359206519078 0.37999359180957465
21.70882865530773 0.2785844744478422
21.816298104096383 0.17396089050475297
21.923767552885035 0.06733004657311302
22.031237001673684 -0.04007768984350278
22.13870645046234 -0.14702298701287306
22.246175899250993 -0.2522718490905828
22.35364534803964 -0.35460985466802664
22.461114796828294 -0.45285616945936885
22.568584245616947 -0.5458771714411097
22.6760536944056 -0.6325995312296672
22.78352314319425 -0.7120225967680691
22.890992591982904 -0.7832299394201969
22.998462040771557 -0.8453999282471544
23.105931489560206 -0.8978152104537286
23.213400938348858 -0.9398709886141537
23.320870387137514 -0.9710819991697985
23.428339835926163 -0.9910881116769222
23.535809284714816 -0.999658484197173
23.643278733503468 -0.9966942268835448
23.75074818229212 -0.9822295430278474
23.858217631080773 -0.9564313344036135
23.965687079869426 -0.9195972754582288
24.073156528658078 -0.8721523785753529
24.180625977446727 -0.8146440900395958
24.28809542623538 -0.747735973288994
24.395564875024036 -0.6722000523415488
24.503034323812685 -0.5889079037417215
24.610503772601337 -0.4988205998130577
24.71797322138999 -0.4029776192575128
24.825442670178642 -0.30248485305721723
24.932912118967295 -0.19850184407348515
25.040381567755944 -0.09222840757983675
25.1478510165446 0.015109212891065569
25.25532046533325 0.12227249464475413
25.3627899141219 0.22802492660635465
25.470259362910557 0.3311462768906855
25.577728811699206 0.4304466725338166
25.68519826048786 0.5247803289261058
25.792667709276508 0.6130587705285883
25.900137158065164 0.6942633903246828
26.007606606853816 0.7674572030889707
26.115076055642465 0.8317956568572445
26.22254550443112 0.8865363778488312
26.33001495321977 0.9310477363987338
26.437484402008423 0.9648161350610371
26.54495385079708 0.9874519347891956
26.652423299585728 0.9986939508136232
26.75989274837438 0.9984124663405585
26.86736219716303 0.9866107292984209
26.974831645951685 0.9634249148613605
27.082301094740338 0.9291225541824242
27.189770543528986 0.8840994474664975
27.297239992317643 0.8288750970017558
27.40470944110629 0.764086712845938
27.512178889894944 0.690481860333186
27.6196483386836 0.6089098342387979
27.72711778747225 0.5203118591316443
27.8345872362609 0.42571022898815764
27.94205668504955 0.3261965113813064
28.049526133838206 0.2229189523512371
28.15699558262686 0.11706922728749554
28.264465031415508 0.009868690698575546
28.371934480204164 -0.09744571647310812
28.479403928992813 -0.2036357393813759
28.586873377781465 -0.3074760969670959
28.694342826570118 -0.4077686199499518
28.80181227535877 -0.5033560759890987
28.909281724147423 -0.5931355224900373
29.016751172936072 -0.6760710329854268
29.124220621724728 -0.7512056502456106
29.23169007051338 -0.81767242819699
29.33915951930203 -0.8747044352403853
29.446628968090685 -0.9216436035453095
29.554098416879334 -0.9579483222119677
29.661567865667987 -0.983199686686796
29.76903731445664 -0.9971063323221442
29.876506763245292 -0.9995077963077921
29.983976212033944 -0.9903763691823867
30.091445660822593 -0.9698174145610152
30.19891510961125 -0.938068153389706
30.306384558399902 -0.8954949267548419
30.41385400718855 -0.8425889688307244
30.521323455977203 -0.7799607387394488
30.628792904765856 -0.7083328767253336
30.73626235355451 -0.6285318659195539
30.84373180234316 -0.5414784959063178
30.951201251131813 -0.4481772381273905
31.058670699920466 -0.34970465571761056
31.166140148709115 -0.24719698150533095
31.27360959749777 -0.14183700750987793
31.381079046286423 -0.03484043721255687
31.488548495075072 0.07255814192362935
31.596017943863725 0.17911950382838104
31.703487392652377 0.28361408272138483
31.81095684144103 0.38483616054369185
31.918426290229682 0.4816177792204662
32.02589573901833 0.5728422172274968
32.13336518780699 0.6574568749611791
32.240834636595636 0.7344854202331523
32.34830408538429 0.8030390537480673
32.45577353417294 0.8623267645768207
32.5632429829616 0.9116644572919133
32.670712431750246 0.9504828454506958
32.778181880538895 0.9783340203471114
32.88565132932755 0.9948966192378365
32.99312077811621 0.9999795334089316
33.100590226904856 0.9935241132972039
33.208059675693505 0.9756048452223203
33.31552912448216 0.9464284919211584
33.42299857327081 0.9063317068014122
33.530468022059466 0.8557771494425189
33.637937470848115 0.7953481471655341
33.74540691963677 0.7257419642697225
33.85287636842542 0.6477617565993585
33.96034581721407 0.5623073042734141
34.067815266002725 0.47036462950928887
34.175284714791374 0.3729946193360211
34.28275416358003 0.2713207844745336
34.39022361236868 0.16651629563009313
34.497693061157335 0.059790446779438775
34.605162509945984 -0.04762529835289409
34.71263195873464 -0.15449151562555716
34.82010140752329 -0.25957512166309044
34.92757085631194 -0.3616636018753553
35.035040305100594 -0.45957900114251793
35.14250975388925 -0.5521915157331598
35.2499792026779 -0.6384325296242287
35.35744865146655 -0.7173069448023021
35.4649181002552 -0.7879046632720897
35.57238754904385 -0.8494110882862679
35.67985699783251 -0.9011165236274145
35.78732644662116 -0.9424243624878142
35.89479589540981 -0.9728579714591378
36.00226534419846 -0.9920661902005871
36.10973479298711 -0.9998273833272224
36.21720424177577 -0.9960519977654699
36.324673690564424 -0.9807835960675637
36.432143139353066 -0.9541983537619755
36.53961258814172 -0.9166030265396531
36.64708203693038 -0.8684314107318949
36.75455148571903 -0.8102393379208164
36.86202093450768 -0.7426982614374751
36.96949038329633 -0.6665875087503431
37.07695983208498 -0.582785289140388
37.18442928087364 -0.49225856042143556
37.291898729662286 -0.3960518716293455
37.39936817845094 -0.2952753104193419
37.50683762723959 -0.19109169424146163
37.61430707602824 -0.08470315308945477
37.721776524816896 0.022662741360804674
37.82924597360555 0.1297671401735537
37.9367154223942 0.23537421169886202
38.04418487118285 0.3382654013031885
38.151654319971506 0.4372534917478378
38.259123768760155 0.5311963019786756
38.36659321754881 0.6190098662627199
38.47406266633747 0.6996809416030585
38.58153211512611 0.7722786991145566
38.689001563914765 0.8359654644585442
38.79647101270342 0.8900063834071196
38.90394046149207 0.9337779010104563
39.011409910280726 0.9667749565295147
39.11887935906937 0.9886168111149354
39.226348807858024 0.9990514409890932
39.33381825664668 0.9979584454401864
39.44128770543533 0.9853504360743461
39.548757154223985 0.9613728912957217
39.656226603012634 0.9263024776936751
39.76369605180128 0.8805438577058433
39.87116550058994 0.8246250203920985
39.978634949378595 0.7591911891956006
40.086104398167244 0.6849973769866454
40.19357384695589 0.6028996742934676
40.30104329574455 0.5138453712413864
40.4085127445332 0.41886202717898907
40.515982193321854 0.3190456141121664
40.62345164211051 0.21554787075396717
40.73092109089915 0.10956301310632081
40.83839053968781 0.0023139549145308933
40.94585998847646 -0.10496180300902369
41.05332943726511 -0.21102645177526352
41.16079888605377 -0.3146561569634077
41.26826833484242 -0.4146551799206645
41.37573778363107 -0.5098696748769148
41.48320723241972 -0.5992010026753908
41.59067668120837 -0.6816184074979555
41.69814612999703 -0.7561709103137556
41.805615578785684 -0.8219982818177138
41.913085027574326 -0.878340968246975
42.02055447636298 -0.9245488555455224
42.12802392515164 -0.960088770750961
42.23549337394029 -0.9845506340483304
42.34296282272894 -0.9976521905049317
42.45043227151759 -0.9992422668887408
42.55790172030624 -0.9893025159914027
42.6653711690949 -0.9679476283287808
42.77284061788355 -0.9354240087763668
42.8803100666722 -0.8921069334092689
42.98777951546085 -0.838496219352778
43.0952489642495 -0.7752104576072675
43.202718413038156 -0.7029798753923571
43.31018786182681 -0.622637910368717
43.41765731061546 -0.535111593958908
43.52512675940411 -0.44141085473000036
43.632596208192766 -0.34261686526167523
43.740065656981415 -0.23986956696027942
43.84753510577007 -0.13435451676456686
43.95500455455873 -0.027289207513499357
44.06247400334737 0.0800909801806464
44.169943452136025 0.1865470324585414
44.27741290092468 0.29085059866240875
44.38488234971333 0.39179816474666124
44.492351798501986 0.48822494010950174
44.59982124729063 0.579018297611276
44.70729069607928 0.6631306117011688
44.81476014486794 0.7395913465183364
44.92222959365659 0.8075182544883431
45.029699042445245 0.8661275561989488
45.13716849123389 0.9147429840940344
45.24463794002254 0.9528035856344621
45.3521073888112 0.9798701958884454
45.459576837599855 0.9956305048670473
45.5670462863885 0.999902661134993
45.67451573517715 0.9926373701162643
45.78198518396581 0.9739184628830317
45.88945463275446 0.9439619288649314
45.99692408154311 0.9031134236398062
46.10439353033177 0.8518442805624861
46.21186297912041 0.7907460722516745
46.31933242790907 0.7205237846875869
46.426801876697716 0.6419876826816138
46.53427132548637 0.5560439605786687
46.64174077427503 0.4636842860699474
46.74921022306367 0.3659743577654153
46.856679671852326 0.26404160855528297
46.96414912064098 0.15906219664626575
47.07161856942963 0.05224743437722549
47.17908801821829 -0.05517018859358956
47.286557467006936 -0.16195122645723128
47.394026915795585 -0.2668635786868717
47.50149636458424 -0.36869670671649696
47.6089658133729 -0.4662756018254055
47.716435262161546 -0.5584743430591127
47.823904710950195 -0.6442290887476027
47.93137415973885 -0.7225503517173587
48.0388436085275 -0.7925344165587992
48.146313057316156 -0.8533737672102206
48.25378250610481 -0.9043664045387232
48.361251954893454 -0.9449239464066663
48.46872140368211 -0.9745784167604246
48.57619085247076 -0.9929876454050115
48.683660301259415 -0.9999392161590045
48.79112975004807 -0.995352917833602
48.89859919883671 -0.9792816697550843
49.00606864762537 -0.9519109111514283
49.113538096414025 -0.9135564614487257
49.221007545202674 -0.8646608761664865
49.32847699399133 -0.8057883404595918
49.43594644277998 -0.7376181592281685
49.54341589156863 -0.660936918910125
49.650885340357284 -0.57662941139814
49.75835478914594 -0.48566842480609995
49.86582423793459 -0.38910351888491596
49.97329368672324 -0.2880489146033951
50.08076313551189 -0.18367063763112634
50.18823258430054 -0.07717306406914685
50.2957020330892 0.03021497632851281
50.40317148187785 0.1372543790935156
50.5106409306665 0.2427100625374205
50.61811037945515 0.3453652188287266
50.7255798282438 0.44403535421572676
50.83304927703246 0.5375819563911415
50.940518725821114 0.624925631296525
51.047988174609756 0.7050585577866554
51.15545762339841 0.7770561164448424
51.26292707218707 0.8400875583691313
51.37039652097572 0.8934255908270654
51.47786596976437 0.9364547691741099
51.585335418553015 0.9686785982050097
51.69280486734167 0.9897252609987175
51.80027431613033 0.9993519091540976
51.907743764918976 0.9974474649133276
52.01521321370763 0.9840339028404246
52.12268266249628 0.9592659962661934
52.23015211128493 0.9234295314252428
52.337621560073586 0.8769380098913864
52.44509100886224 0.8203278773606155
52.55256045765089 0.7542523338346474
52.66002990643954 0.6794737966266835
52.767499355228196 0.5968551031555448
52.874968804016845 0.5073495550353565
52.9824382528055 0.41198991833768583
53.08990770159416 0.311876506947519
53.1973771503828 0.20816448651398653
53.304846599171455 0.10205054549010334
53.41231604796011 -0.005240912941156409
53.51978549674876 -0.112471898729278
53.627254945537416 -0.21840511959162037
