0.0 0.0
0.07448432870785382 0.0744154756866459
0.14896865741570764 0.14841829145935104
0.2234529861235615 0.2215980757481381
0.2979373148314153 0.29354902098128666
0.3724216435392691 0.3638721339306557
0.446905972247123 0.4321774482690806
0.5213903009549767 0.49808618707043784
0.5958746296628306 0.5612328632605572
0.6703589583706844 0.6212673063712422
0.7448432870785382 0.6778566043583385
0.8193276157863921 0.7306869497157887
0.893811944494246 0.7794653796483206
0.9682962732020997 0.8239214006529041
1.0427806019099535 0.8638084885001014
1.1172649306178073 0.8989054552973875
1.1917492593256611 0.9290176760535962
1.2662335880335152 0.9539781679427607
1.3407179167413688 0.9736485162824526
1.4152022454492226 0.9879196420917461
1.4896865741570764 0.9967124069724251
1.5641709028649302 0.9999780519591607
1.6386552315727843 0.9976984679050749
1.713139560280638 0.9898862959033127
1.787623888988492 0.9765848571877465
1.8621082176963455 0.9578679129015389
1.9365925464041993 0.9338392550657331
2.011076875112053 0.9046321310160897
2.085561203819907 0.870408504499875
2.160045532527761 0.8313581575300717
2.2345298612356146 0.7876976379775534
2.3090141899434684 0.7396690587371829
2.3834985186513222 0.6875387551268921
2.457982847359176 0.6315958079649251
2.5324671760670303 0.5721504405153062
2.6069515047748837 0.5095322981910313
2.6814358334827375 0.4440886205546262
2.7559201621905913 0.3761823157529818
2.830404490898445 0.3061899480643871
2.9048888196062994 0.23449964971752632
2.979373148314153 0.16150896856213537
3.053857477022007 0.08762266352673019
3.1283418057298604 0.01325046008838537
3.2028261344377142 -0.061195221798754244
3.2773104631455685 -0.1353015547167713
3.351794791853422 -0.20865759305680776
3.426279120561276 -0.28085655185660957
3.5007634492691295 -0.351498062565816
3.575247777976984 -0.4201903932300077
3.6497321066848376 -0.4865526207817875
3.724216435392691 -0.5502167433928027
3.7987007641005452 -0.6108297211729593
3.8731850928083986 -0.6680554339004384
3.947669421516253 -0.7215765449262256
4.022153750224106 -0.7710962609171301
4.09663807893196 -0.8163399776789229
4.171122407639814 -0.8570568029329072
4.245606736347668 -0.8930209476016071
4.320091065055522 -0.9240329778883963
4.394575393763375 -0.9499209212078517
4.469059722471229 -0.9705412198340608
4.543544051179083 -0.9857795269785633
4.618028379886937 -0.9955513408834002
4.6925127085947915 -0.9998024734130017
4.7669970373026445 -0.9985093505464044
4.841481366010498 -0.9916791431034674
4.915965694718352 -0.9793497269801594
4.990450023426206 -0.961589473113432
5.064934352134061 -0.9384968683403923
5.139418680841914 -0.910199969254248
5.213903009549767 -0.8768556920855798
5.288387338257621 -0.8386489425468069
5.362871666965475 -0.795791590465155
5.43735599567333 -0.7485212948901496
5.511840324381183 -0.6971001861908315
5.5863246530890365 -0.6418134124509113
5.66080898179689 -0.5829675582226357
5.735293310504744 -0.5208889444079079
5.809777639212599 -0.45592181869442866
5.884261967920452 -0.3884264465815273
5.958746296628306 -0.3187771135815968
6.033230625336159 -0.2473600496756543
6.107714954044014 -0.17457128753262158
6.182199282751868 -0.10081446636927131
6.256683611459721 -0.026498593629189323
6.331167940167575 0.04796422310695988
6.4056522688754285 0.12216106140251026
6.480136597583283 0.1956804737645427
6.554620926291137 0.26811476926454425
6.62910525499899 0.3390622743276089
6.703589583706844 0.4081295601532974
6.778073912414698 0.47493362441632686
6.852558241122552 0.539104015148807
6.927042569830406 0.600284885026334
7.001526898538259 0.6581369646662222
7.076011227246113 0.7123394439952292
7.150495555953968 0.7625917512539341
7.224979884661821 0.8086152197725688
7.299464213369675 0.850154633275448
7.373948542077528 0.8869796411447316
7.448432870785382 0.9188860357953988
7.522917199493237 0.9456968850779308
7.5974015282010905 0.9672635134291387
7.671885856908944 0.9834663263303121
7.746370185616797 0.9942154735007704
7.820854514324651 0.9994513471491862
7.895338843032506 0.9991449125196937
7.96982317174036 0.9932978688997959
8.044307500448213 0.981942640197218
8.118791829156066 0.9651421951379666
8.19327615786392 0.9429896980826583
8.267760486571776 0.9156079923974616
8.342244815279628 0.8831489192445472
8.416729143987482 0.845792475569579
8.491213472695335 0.8037458159555233
8.56569780140319 0.757242103877823
8.640182130111045 0.7065392187311433
8.714666458818897 0.6519183257976843
8.78915078752675 0.5936823170870582
8.863635116234605 0.5321541316938707
8.938119444942458 0.4676749649871629
9.012603773650314 0.40060237656241576
9.087088102358166 0.33130830744818707
9.16157243106602 0.2601770175626331
9.236056759773874 0.18760295485749987
9.310541088481727 0.11398856796586919
9.385025417189583 0.039742074483329476
9.459509745897435 -0.034724802741765516
9.533994074605289 -0.10899911875592054
9.608478403313143 -0.18266899642508883
9.682962732020997 -0.2553259104378553
9.757447060728852 -0.3265669527215788
9.831931389436704 -0.3959970667089665
9.906415718144558 -0.4632312380653228
9.980900046852412 -0.527896629728062
10.055384375560266 -0.5896346494190018
10.129868704268121 -0.648102938164322
10.204353032975973 -0.7029772687951495
10.278837361683827 -0.7539533439009469
10.353321690391681 -0.800748483265372
10.427806019099535 -0.8431031914272349
10.50229034780739 -0.880782596673848
10.576774676515242 -0.9135777534870494
10.651259005223096 -0.941306801219398
10.72574333393095 -0.9638159725752423
10.800227662638804 -0.9809804463043131
10.87471199134666 -0.992705039379337
10.949196320054511 -0.9989247348193062
11.023680648762365 -0.9996050422314463
11.09816497747022 -0.9947421890725386
11.172649306178073 -0.984363141568997
11.247133634885929 -0.9685254551796831
11.32161796359378 -0.9473169554307023
11.396102292301634 -0.9208552508920509
11.470586621009488 -0.8892870809968499
11.545070949717342 -0.8527875023197167
11.619555278425198 -0.8115589178266568
11.69403960713305 -0.7658299544796303
11.768523935840904 -0.7158541954198456
11.843008264548757 -0.6619087737603083
11.917492593256611 -0.6042928357854989
11.991976921964467 -0.5433258820802999
12.066461250672319 -0.4793459957871948
12.140945579380173 -0.41270796781664554
12.215429908088028 -0.3437813294070641
12.28991423679588 -0.27294830294448286
12.364398565503736 -0.20060168240534298
12.438882894211588 -0.1271426551761474
12.513367222919442 -0.052978577328660424
12.587851551627297 0.021479285312373263
12.66233588033515 0.09581803778247826
12.736820209043005 0.16962544562486728
12.811304537750857 0.242492220875069
12.88578886645871 0.31401429170627526
12.960273195166566 0.38379504314933155
13.034757523874418 0.4514475164618543
13.109241852582274 0.5165965549501995
13.183726181290126 0.5788808843448915
13.25821050999798 0.6379551161931872
13.332694838705835 0.693491663159177
13.407179167413688 0.7451825556104642
13.481663496121543 0.7927411494178097
13.556147824829395 0.8359037154973513
13.630632153537249 0.8744309022808936
13.705116482245105 0.908109063004295
13.779600810952957 0.9367514404537135
13.854085139660812 0.9601992025998692
13.928569468368664 0.9783223233773476
14.003053797076518 0.9910203037247469
14.077538125784374 0.9982227288872186
14.152022454492226 0.999889658890983
14.226506783200081 0.996011850024493
14.300991111907935 0.9866108060980564
14.375475440615787 0.9717386591976657
14.449959769323643 0.9514778805942937
14.524444098031495 0.9259408234117745
14.59892842673935 0.895269099589316
14.673412755447204 0.8596327945936351
14.747897084155056 0.8192295242353818
14.822381412862912 0.774283338820153
14.896865741570764 0.7250434807109732
14.97135007027862 0.6717830021919533
15.045834398986473 0.6147972512976195
15.120318727694325 0.5544022340044564
15.194803056402181 0.4909328618669269
15.269287385110033 0.42474109481544775
15.343771713817889 0.3561939894151023
15.418256042525742 0.2856716634082652
15.492740371233594 0.21356518782837916
15.56722469994145 0.14027441837390492
15.641709028649302 0.06620577806824167
15.716193357357158 -0.008229996498517052
15.790677686065012 -0.08262013284801512
15.865162014772864 -0.15655211158182403
15.93964634348072 -0.22961595394619852
16.01413067218857 -0.3014064953080488
16.088615000896425 -0.37152563193496707
16.163099329604282 -0.43958452862004294
16.237583658312133 -0.5052057749094623
16.312067987019987 -0.5680254779758813
16.38655231572784 -0.6276952805317569
16.461036644435694 -0.6838842925927094
16.53552097314355 -0.7362809263785445
16.610005301851402 -0.7845946241767718
16.684489630559256 -0.8285574695870583
16.75897395926711 -0.8679256732116157
16.833458287974963 -0.9024809245529325
16.90794261668282 -0.9320316026220536
16.98242694539067 -0.95641383854417
17.056911274098525 -0.9754924242690179
17.13139560280638 -0.9891615623469303
17.205879931514232 -0.9973454526128093
17.28036426022209 -0.9999987125246278
17.35484858892994 -0.9971066288255427
17.429332917637794 -0.9886852391340651
17.503817246345648 -0.97478124300984
17.5783015750535 -0.9554717429882086
17.65278590376136 -0.9308638170196044
17.72727023246921 -0.9010939246847673
17.801754561177063 -0.866327150478492
17.876238889884917 -0.8267562883582136
17.95072321859277 -0.7826007726338851
18.025207547300628 -0.7341054611277604
18.099691876008478 -0.6815392773518986
18.174176204716332 -0.6251937192329399
18.248660533424186 -0.5653812426538836
18.32314486213204 -0.502433528776611
18.397629190839897 -0.43669964475350476
18.472113519547747 -0.36854410802766896
18.5465978482556 -0.298344864955821
18.621082176963455 -0.22649119496321055
18.69556650567131 -0.15338155185265046
18.770050834379166 -0.0794213542384223
18.844535163087016 -0.005020737357876891
18.91901949179487 0.06940772127234715
18.993503820502724 0.1434512897433296
19.067988149210578 0.21669937049708718
19.142472477918435 0.2887457772340496
19.216956806626285 0.3591909873585438
19.29144113533414 0.42764435747175367
19.365925464041993 0.4937262896263506
19.440409792749847 0.5570703363302729
19.514894121457704 0.6173252326265999
19.589378450165555 0.6741568439809309
19.66386277887341 0.7272500191746036
19.738347107581262 0.7763103379287136
19.812831436289116 0.8210657435678427
19.887315764996973 0.861268051669747
19.961800093704824 0.89669432633502
20.036284422412677 0.9271481164448682
20.11076875112053 0.9524605450514512
20.185253079828385 0.972491245859801
20.259737408536242 0.9871291416081593
20.334221737244093 0.9962930600303521
20.408706065951947 0.9999321839844818
20.4831903946598 0.998026333251798
20.557674723367654 0.9905860764430914
20.63215905207551 0.9776526723920386
20.706643380783362 0.9592978413605014
20.781127709491216 0.9356233673245123
20.85561203819907 0.9067605335464328
20.930096366906923 0.8728693945632129
21.00458069561478 0.8341378886278435
21.07906502432263 0.7907807955258335
21.153549353030485 0.7430385455459456
21.22803368173834 0.691175886209934
21.302518010446192 0.6354804141546655
21.37700233915405 0.5762609803078931
21.4514866678619 0.5138459772015465
21.525970996569754 0.44858151791992923
21.600455325277608 0.38082951678129645
21.67493965398546 0.3109656823960037
21.74942398269332 0.23937743423048227
21.82390831140117 0.16646175423042747
21.898392640109023 0.0926229854166336
21.972876968816877 0.018270589661154753
22.04736129752473 -0.056183122922411934
22.121845626232588 -0.1303252803831242
22.19632995494044 -0.20374473845246
22.270814283648292 -0.2760343604835307
22.345298612356146 -0.34679327516655617
22.419782941064 -0.41562909950090104
22.494267269771857 -0.48216011469644104
22.568751598479707 -0.5460173829381272
22.64323592718756 -0.6068467932756056
22.717720255895415 -0.6643110252926118
22.79220458460327 -0.7180914196670085
22.866688913311126 -0.7678897452484968
22.941173242018976 -0.8134298528549379
23.01565757072683 -0.8544592066164494
23.090141899434684 -0.890750284375359
23.164626228142538 -0.9221018393763832
23.239110556850395 -0.948340016250472
23.313594885558246 -0.969319315103804
23.3880792142661 -0.984923398365743
23.462563542973953 -0.9950657359214623
23.537047871681807 -0.999690084951786
23.611532200389664 -0.9987708018193486
23.686016529097515 -0.9923129842715591
23.76050085780537 -0.9803524431718015
23.834985186513222 -0.9629555039156387
23.909469515221076 -0.9402186386332296
23.983953843928933 -0.9122679312175286
24.058438172636787 -0.8792583781448803
24.132922501344638 -0.8413730289651874
24.20740683005249 -0.7988219712279493
24.281891158760345 -0.7518411654731214
24.356375487468203 -0.7006911367471484
24.430859816176056 -0.6456555299002142
24.505344144883907 -0.5870395366760469
24.57982847359176 -0.5251682033166524
24.654312802299614 -0.4603846280669064
24.72879713100747 -0.3930480585744309
24.803281459715325 -0.32353189973539725
24.877765788423176 -0.25222164303338906
24.95225011713103 -0.17951272885391364
25.026734445838883 -0.10580835362878074
25.10121877454674 -0.031517233970449705
25.175703103254595 0.042948659804926556
25.250187431962445 0.11717638819742111
25.3246717606703 0.19075433241769876
25.399156089378153 0.26327447695756073
25.47364041808601 0.3343346721790667
25.548124746793864 0.4035408643753143
25.622609075501714 0.4705092809364756
25.697093404209568 0.534868558503526
25.77157773291742 0.5962618023083104
25.84606206162528 0.6543485652802286
25.920546390333133 0.7088067359446399
25.995030719040983 0.7593343246439856
26.069515047748837 0.8056511381763602
26.14399937645669 0.8475003335650831
26.218483705164548 0.8846498423431031
26.292968033872402 0.9168936574540373
26.367452362580252 0.944052975633565
26.441936691288106 0.9659771889362415
26.51642101999596 0.9825447199093753
26.590905348703817 0.9936636957826525
26.66538967741167 0.9992724579348695
26.73987400611952 0.9993399038126174
26.814358334827375 0.9938656594048474
26.88884266353523 0.982880081316894
26.963326992243086 0.9664440884324499
27.03781132095094 0.944648824096992
27.11229564965879 0.9176151506959591
27.186779978366644 0.8854929794304293
27.261264307074498 0.8484604390069356
27.335748635782355 0.8067228878513029
27.41023296449021 0.760511775324156
27.48471729319806 0.7100833582530253
27.559201621905913 0.655717279898353
27.633685950613767 0.5977150192335422
27.708170279321624 0.5363982191382927
27.78265460802948 0.47210690277603096
27.85713893673733 0.4051975880461916
27.931623265445182 0.33604131056741443
28.006107594153036 0.26502156615491484
28.080591922860894 0.1925321842016608
28.155076251568747 0.1189751437562702
28.229560580276598 0.04475834440817464
28.30404490898445 -0.029706655658675248
28.378529237692305 -0.10400692190027624
28.453013566400163 -0.17773043327947363
28.527497895108016 -0.2504683670671112
28.60198222381587 -0.3218173659074801
28.67646655252372 -0.391381774576317
28.750950881231574 -0.4587758340278153
28.82543520993943 -0.5236258205638222
28.899919538647286 -0.5855721182628305
28.97440386735514 -0.6442712131764131
29.04888819606299 -0.6993975982345404
29.123372524770843 -0.7506455782964683
29.1978568534787 -0.797730965337503
29.272341182186555 -0.8403926543712789
29.34682551089441 -0.8783940713685012
29.42130983960226 -0.9115244851429066
29.495794168310113 -0.939600175929613
29.57027849701797 -0.9624654541756474
29.644762825725824 -0.9799935238931278
29.719247154433678 -0.9920871857874943
29.793731483141528 -0.9986793762616859
29.86821581184938 -0.99973353930731
29.94270014055724 -0.9952438292205299
30.017184469265093 -0.9852351430185449
30.091668797972947 -0.9697629823768955
30.166153126680797 -0.9489131458532075
30.24063745538865 -0.9228012531040914
30.315121784096508 -0.8915721037335974
30.389606112804362 -0.8553988743286245
30.464090441512216 -0.8144821581339968
30.538574770220066 -0.7690488526925707
30.61305909892792 -0.719350901618765
30.687543427635777 -0.6656638974828597
30.76202775634363 -0.608285553553532
30.836512085051485 -0.5475340528733451
30.910996413759335 -0.4837462838221873
30.98548074246719 -0.417275971953027
31.059965071175046 -0.3484917184596672
31.1344493998829 -0.27777495615384007
31.208933728590754 -0.20551783428646123
31.283418057298604 -0.13212104394250362
31.357902386006458 -0.05799159606837158
31.432386714714315 0.016459435546539013
31.50687104342217 0.0908191938181868
31.581355372130023 0.16467532780524363
31.655839700837873 0.23761827933967886
31.730324029545727 0.3092435541704711
31.804808358253585 0.37915396502608917
31.87929268696144 0.446961834157227
31.953777015669292 0.5122911431459182
32.02826134437714 0.5747796180595359
32.102745673084996 0.6340807383868321
32.17723000179285 0.6898656586156968
32.251714330500704 0.7418250317968778
32.326198659208565 0.7896707249813181
32.40068298791641 0.833137417018401
32.475167316624265 0.8719840698548339
32.54965164533212 0.9059952651751552
32.62413597403997 0.9349823989718731
32.698620302747834 0.9587847274208379
32.77310463145568 0.9772702582621177
32.847588960163534 0.990336482743396
32.92207328887139 0.9979109440669389
32.99655761757924 0.9999516391879618
33.0710419462871 0.9964472517362434
33.14552627499495 0.9874172147693705
33.220010603702804 0.9729116030096118
33.29449493241066 0.9530108551620251
33.36897926111851 0.9278253278536205
33.44346358982637 0.8974946836671539
33.51794791853422 0.8621871166631345
33.59243224724207 0.8220984196847337
33.66691657594993 0.7774508986178265
33.74140090465778 0.7284921396268651
33.81588523336564 0.6754936362027537
33.89036956207349 0.6187492836362413
33.96485389078134 0.5585737492653982
34.039338219489196 0.4953007275349091
34.11382254819705 0.4292810895433077
34.18830687690491 0.3608809373396655
34.26279120561276 0.2904795737593528
34.33727553432061 0.21846739905670937
34.411759863028465 0.1452437459987676
34.48624419173632 0.07121466542495979
34.56072852044418 -0.003209325447209365
34.635212849152026 -0.07761551948408736
34.70969717785988 -0.15159130824175823
34.784181506567734 -0.22472647002451562
34.85866583527559 -0.29661544470808643
34.93315016398345 -0.3668595827127699
35.007634492691295 -0.43506935565515026
35.08211882139915 -0.5008665164196763
35.156603150107 -0.5638861966715212
35.23108747881486 -0.62377893017951
35.30557180752272 -0.6802125907289456
35.380056136230564 -0.7328742338779365
35.45454046493842 -0.7814718323441443
35.52902479364627 -0.8257358953984413
35.603509122354126 -0.8654209632855533
35.67799345106199 -0.9003069683844958
35.75247777976983 -0.9302004555607054
35.82696210847769 -0.9549356549426464
35.90144643718554 -0.9743754011738618
35.975930765893395 -0.9884118940430004
36.050415094601256 -0.9969672962737981
36.1248994233091 -0.9999941651600723
36.199383752016956 -0.9974757156521752
36.27386808072481 -0.9894259134359744
36.348352409432664 -0.9758893974882302
36.422836738140525 -0.9569412325378094
36.49732106684837 -0.9326864928054446
36.571805395556225 -0.9032596793303055
36.64628972426408 -0.8688239741145805
36.72077405297193 -0.8295703352220285
36.795258381679794 -0.7857164378485341
36.86974271038764 -0.7375054672368186
36.944227039095495 -0.6852047701289286
37.01871136780335 -0.6291043722348222
37.0931956965112 -0.5695153699380597
37.16768002521906 -0.5067682051572374
