0.0 0.0
0.07920299128535467 0.07912020902476585
0.15840598257070934 0.15774434737918858
0.23760897385606403 0.2353794546742679
0.3168119651414187 0.3115387715827379
0.3960149564267733 0.3857447917398235
0.47521794771212805 0.45753225562944727
0.5544209389974827 0.5264510676847126
0.6336239302828374 0.5920691183129262
0.7128269215681919 0.6539749931515253
0.7920299128535466 0.7117805525683241
0.8712329041389013 0.765123365233035
0.9504358954242561 0.8136689805019764
1.0296388867096107 0.857113025368485
1.1088418779949654 0.8951831128315028
1.1880448692803198 0.9276405497171797
1.2672478605656747 0.9542818332457335
1.3464508518510294 0.9749399269603383
1.4256538431363839 0.9894853080181788
1.5048568344217388 0.997826779277328
1.5840598257070932 0.9999120410877951
1.663262816992448 0.995728019201712
1.7424658082778026 0.9853009467467126
1.8216687995631575 0.9686961997485459
1.9008717908485122 0.9460178872341696
1.9800747821338667 0.91740819848531
2.0592777734192214 0.8830465115351002
2.138480764704576 0.843148268497377
2.2176837559899307 0.7979636247801356
2.2968867472752854 0.7477758806523503
2.3760897385606397 0.692899704997981
2.455292729845995 0.633679162393932
2.5344957211313495 0.5704855558818638
2.613698712416704 0.503715098959317
2.692901703702059 0.43378643138638506
2.772104694987413 0.3611379943834177
2.8513076862727678 0.2862252816768294
2.9305106775581224 0.20951798362850954
3.0097136688434776 0.13149704235466386
3.0889166601288323 0.0526516362980145
3.1681196514141865 -0.02652388684041366
3.2473226426995416 -0.10553310957990276
3.326525633984896 -0.18388065711582433
3.4057286252702506 -0.26107530323802497
3.4849316165556052 -0.3366330502381974
3.56413460784096 -0.4100801634957435
3.643337599126315 -0.4809561417157665
3.7225405904116693 -0.5488166041962902
3.8017435816970244 -0.613236077022024
3.8809465729823787 -0.6738106607156809
3.9601495642677333 -0.7301605626211373
4.039352555553088 -0.7819324781407864
4.118555546838443 -0.8288018058971378
4.197758538123797 -0.8704746829299541
4.276961529409152 -0.9066898271685784
4.356164520694507 -0.937220175627454
4.4353675119798615 -0.9618743080536203
4.514570503265216 -0.9804976471001503
4.593773494550571 -0.9929734275006384
4.6729764858359255 -0.9992234281681763
4.752179477121279 -0.999208462628676
4.831382468406635 -0.9929286247136037
4.91058545969199 -0.9804232879716716
4.989788450977344 -0.9617708588031776
5.068991442262699 -0.9370882848647974
5.148194433548053 -0.9065303218270527
5.227397424833408 -0.8702885630817611
5.306600416118762 -0.8285902384830509
5.385803407404118 -0.7816967896536212
5.465006398689472 -0.7299022307888637
5.544209389974826 -0.6735313052363111
5.623412381260182 -0.6129374494083697
5.7026153725455355 -0.5485005767942726
5.781818363830891 -0.48062469596510776
5.861021355116245 -0.4097353775066752
5.9402243464016 -0.33627708576204374
6.019427337686955 -0.2607103921133821
6.098630328972309 -0.18350908727530243
6.1778333202576645 -0.10515721070515924
6.257036311543018 -0.026146015755441784
6.336239302828373 0.05302911040379275
6.415442294113728 0.13187175278081842
6.494645285399083 0.209887581002427
6.573848276684438 0.2865874486838902
6.653051267969792 0.36149046029617754
6.732254259255146 0.434126986301664
6.811457250540501 0.5040416076539246
6.890660241825857 0.5707959712000994
6.9698632331112105 0.63397153808291
7.049066224396565 0.6931722079103201
7.12826921568192 0.7480268022397033
7.207472206967274 0.7981913918055048
7.28667519825263 0.8433514528990544
7.365878189537984 0.8832238393803739
7.445081180823339 0.9175585579578168
7.524284172108693 0.9461403356047987
7.603487163394049 0.968789969286195
7.6826901546794035 0.9853654495318349
7.761893145964757 0.9957628508124758
7.841096137250112 0.9999169831357418
7.920299128535467 0.9978018007766317
7.999502119820822 0.9894305655799218
8.078705111106176 0.9748557638105861
8.15790810239153 0.9541687770735638
8.237111093676885 0.9274993093661585
8.31631408496224 0.8950145738553524
8.395517076247595 0.856918244478808
8.47472006753295 0.8134491789428481
8.553923058818304 0.7648799211240045
8.633126050103659 0.7115149922638316
8.712329041389014 0.6536889816709116
8.791532032674368 0.5917644489010354
8.870735023959723 0.5261296505685431
8.949938015245078 0.45719610604134286
9.029141006530432 0.38539601728229905
9.108343997815787 0.31117955901415845
9.187546989101142 0.23501205619823468
9.266749980386496 0.15737106652359334
9.345952971671851 0.07874338619905069
9.425155962957206 -0.00037800217882413834
9.504358954242559 -0.07949702054533661
9.583561945527915 -0.1581176056953799
9.66276493681327 -0.23574681951795426
9.741967928098624 -0.3118979396368969
9.82117091938398 -0.38609351107995205
9.900373910669332 -0.4578683398427554
9.979576901954688 -0.5267724095785781
10.058779893240043 -0.592373703126635
10.137982884525398 -0.6542609111884959
10.217185875810753 -0.7120460111695882
10.296388867096105 -0.7653667000169134
10.375591858381462 -0.8138886657994818
10.454794849666817 -0.8573076837890085
10.533997840952171 -0.8953515238988303
10.613200832237524 -0.9277816575216753
10.692403823522879 -0.9543947530647205
10.771606814808235 -0.975023950805163
10.85080980609359 -0.9895399090731822
10.930012797378945 -0.9978516152028941
11.009215788664298 -0.9999069561667641
11.088418779949652 -0.9956930453157007
11.167621771235009 -0.9852363031762219
11.246824762520363 -0.9686022917981085
11.326027753805718 -0.9458953036911574
11.405230745091071 -0.9172577079283346
11.484433736376426 -0.8828690575151501
11.563636727661782 -0.8429449636219092
11.642839718947137 -0.7977357437372122
11.72204271023249 -0.7475248522185534
11.801245701517844 -0.6926271030802157
11.8804486928032 -0.6333866961612942
11.959651684088556 -0.5701750590494274
12.03885467537391 -0.503388518291048
12.118057666659263 -0.4334458144892497
12.197260657944618 -0.36078547686922
12.276463649229973 -0.28586307377228337
12.355666640515329 -0.2091483563174775
12.434869631800684 -0.13112231313946773
12.514072623086037 -0.05227415466907374
12.593275614371391 0.026901754135502665
12.672478605656746 0.10590899337547734
12.751681596942102 0.18425220068244033
12.830884588227455 0.26144017705875194
12.91008757951281 0.33698896661431804
12.989290570798167 0.41042489089024176
13.06849356208352 0.4812875187446916
13.147696553368876 0.5491325531802909
13.226899544654229 0.61353461701304
13.306102535939583 0.6740899199171749
13.38530552722494 0.7304187901239431
13.464508518510293 0.7821680549010188
13.543711509795648 0.8290132548873382
13.622914501081002 0.8706606783998039
13.702117492366357 0.9068492029571366
13.781320483651713 0.9373519324747945
13.860523474937066 0.9619776198660248
13.939726466222421 0.980571866129583
14.018929457507774 0.993018088406017
14.09813244879313 0.9992382509329852
14.177335440078487 0.9991933543166227
14.25653843136384 0.9928836800513147
14.335741422649194 0.9803487887547719
14.414944413934547 0.9616672721294791
14.494147405219904 0.9369562602056705
14.57335039650526 0.9063706869553497
14.652553387790613 0.8701023188818193
14.731756379075968 0.8283785526753066
14.81095937036132 0.781460989473202
14.890162361646677 0.7296437946640345
14.969365352932034 0.6732518535189794
15.048568344217387 0.6126387342147491
15.127771335502741 0.5481844710193915
15.206974326788098 0.48029318154007544
15.28617731807345 0.40939053297229944
15.365380309358807 0.3359210732367169
15.44458330064416 0.26034544373696566
15.523786291929515 0.18313749121396403
15.602989283214871 0.10478129680495861
15.682192274500224 0.025768140934578503
15.761395265785579 -0.053406576932472416
15.840598257070933 -0.132246444364392
15.919801248356288 -0.21025714838641962
15.999004239641645 -0.2869495747417173
16.078207230926996 -0.3618428745571363
16.157410222212352 -0.43446747918642575
16.236613213497705 -0.5043680443282172
16.31581620478306 -0.5711063049597792
16.395019196068418 -0.6342638231864529
16.47422218735377 -0.6934446117782966
16.553425178639127 -0.7482776169447601
16.63262816992448 -0.7984190447807777
16.711831161209833 -0.8435545167979078
16.79103415249519 -0.8834010410256333
16.870237143780543 -0.9177087863243701
16.9494401350659 -0.9462626487855489
17.028643126351252 -0.9688836003976565
17.10784611763661 -0.985429811522372
17.187049108921965 -0.9957975401430154
17.266252100207318 -0.9999217823098983
17.345455091492674 -0.997776679704374
17.424658082778027 -0.9893756817662333
17.50386107406338 -0.9747714613679327
17.583064065348736 -0.9540555845643659
17.66226705663409 -0.9273579364887942
17.741470047919446 -0.8948459069944608
17.8206730392048 -0.8567233411478095
17.899876030490155 -0.8132292611535032
17.97907902177551 -0.7646363677246063
18.058282013060865 -0.7112493302940552
18.13748500434622 -0.6534028767875198
18.216687995631574 -0.5914596949344952
18.295890986916927 -0.5258081582759967
18.375093978202283 -0.45685989112647457
18.454296969487636 -0.38504718775721475
18.533499960772993 -0.31082030198248467
18.612702952058346 -0.23464462414235218
18.691905943343702 -0.15699776318193057
18.77110893462906 -0.07836655212203363
18.85031192591441 0.0007560043036371888
18.929514917199764 0.07987382070692547
19.008717908485117 0.15849084141883044
19.087920899770474 0.2361141506768008
19.16712389105583 0.31225706312531526
19.246326882341183 0.3864421752528556
19.32552987362654 0.45820435863325026
19.404732864911892 0.5270936762042225
19.48393585619725 0.5926782032986407
19.563138847482605 0.6545467357409706
19.64234183876796 0.7123113680296935
19.72154483005331 0.7656099254408727
19.800747821338664 0.8141082348039721
19.87995081262402 0.8575022197125632
19.959153803909377 0.8955198070332713
20.03835679519473 0.9279226327594842
20.117559786480086 0.9545075365143917
20.19676277776544 0.975107835333054
20.275965769050796 0.9895943687371301
20.355168760336152 0.9978763085497814
20.434371751621505 0.9999017283733753
20.513574742906858 0.9956579291594391
20.59277773419221 0.9851715188296
20.671980725477567 0.9685082454483015
20.751183716762924 0.9457725849932779
20.830386708048277 0.9171070863083928
20.909589699333633 0.8826914773458773
20.988792690618986 0.8427415383017016
21.067995681904343 0.7975077487092971
21.147198673189695 0.7472737169741795
21.22640166447505 0.6923544021959757
21.305604655760405 0.633094139426784
21.384807647045758 0.5698644807471591
21.464010638331114 0.5030618656957843
21.54321362961647 0.43310513565892356
21.622416620901824 0.36043290780395326
21.70161961218718 0.285500825022003
21.780822603472533 0.20877869912214872
21.86002559475789 0.1307475651887748
21.939228586043242 0.05189666557090496
22.018431577328595 -0.02727961758671609
22.09763456861395 -0.10628486203817762
22.176837559899305 -0.1846237179220561
22.25604055118466 -0.26180501352342955
22.335243542470018 -0.3373448348395529
22.41444653375537 -0.4107695596409093
22.493649525040727 -0.4816188270045384
22.57285251632608 -0.5494484237011262
22.652055507611436 -0.6138330693387646
22.73125849889679 -0.6743690828008917
22.810461490182142 -0.7306769132603805
22.8896644814675 -0.782403519900659
22.96886747275285 -0.8292245854234384
23.048070464038208 -0.8708465494647352
23.127273455323564 -0.907008449169956
23.206476446608917 -0.9374835553879919
23.285679437894274 -0.9620807942256304
23.364882429179627 -0.9806459450493652
23.44408542046498 -0.9930626074233586
23.523288411750336 -0.999252930920985
23.60249140303569 -0.9991781032341754
23.681694394321045 -0.9928385935201934
23.7608973856064 -0.9802741494600963
23.840100376891755 -0.9615635480473238
23.91930336817711 -0.9368241016689361
23.998506359462464 -0.9062109225762812
24.07770935074782 -0.869915950356739
24.156912342033174 -0.8281667485041525
24.236115333318526 -0.7812250776332179
24.315318324603883 -0.7293852542835751
24.394521315889236 -0.6729723056036214
24.473724307174592 -0.6123399314838427
24.552927298459945 -0.5478682869168162
24.6321302897453 -0.47996159848804093
24.711333281030658 -0.4090456299418887
24.79053627231601 -0.33556501271309164
24.869739263601367 -0.2599804581609181
24.94894225488672 -0.18276586898490574
25.028145246172073 -0.10440536793301847
25.10734823745743 -0.025390262431817596
25.186551228742783 0.05378403583011672
25.26575422002814 0.13262111705184612
25.344957211313492 0.2106266857276816
25.42416020259885 0.28731165979856466
25.503363193884205 0.36219523711594487
25.582566185169558 0.43480790999201835
25.66176917645491 0.5046944089355543
25.740972167740264 0.5714165571165599
25.82017515902562 0.6345560176627916
25.899378150310977 0.6937169165629875
25.978581141596333 0.7485283247316805
26.057784132881682 0.7986465836734219
26.13698712416704 0.8437574601649253
26.216190115452395 0.8835781164455587
26.29539310673775 0.917858883563507
26.374596098023105 0.9463848267589433
26.453799089308458 0.9689770930695534
26.53300208059381 0.985494032709127
26.612205071879167 0.9958320871883733
26.691408063164523 0.9999264386095785
26.77061105444988 0.9977514160641449
26.84981404573523 0.9893206565849554
26.929017037020586 0.9746870196444228
27.008220028305942 0.9539422557343136
27.087423019591295 0.9272164311052854
27.16662601087665 0.8946771122729279
27.245829002162004 0.8565283154033366
27.325031993447357 0.8130092271653669
27.404234984732714 0.7643927050696454
27.48343797601807 0.7109835666969544
27.562640967303427 0.6531166785422331
27.641843958588776 0.5911548564568536
27.721046949874133 0.5254865908530071
27.80024994115949 0.4565236109328827
27.879452932444842 0.38469830321441023
27.9586559237302 0.3104610005390493
28.037858915015548 0.23427715855912126
28.117061906300904 0.15662443740754353
28.19626489758626 0.07798970684756597
28.275467888871617 -0.0011340063204280711
28.354670880156974 -0.08025060945569491
28.433873871442323 -0.15886405449621724
28.51307686272768 -0.2364814480983246
28.592279854013036 -0.3126161419966795
28.67148284529839 -0.38679078420871854
28.750685836583745 -0.45854031195291484
28.829888827869095 -0.5274148675157418
28.90909181915445 -0.5929826187854319
28.988294810439807 -0.6548324667681039
29.067497801725164 -0.7125766231107243
29.14670079301052 -0.7658530414701606
29.22590378429587 -0.8143276874840784
29.305106775581226 -0.857696633111355
29.38430976686658 -0.8956879622107788
29.463512758151936 -0.9280634754104624
29.542715749437292 -0.9546201835786303
29.62191874072264 -0.9751915805320256
29.701121732007998 -0.9896486870022406
29.780324723293354 -0.997900859314461
29.85952771457871 -0.9998963577083758
29.938730705864067 -0.9956226707379444
30.017933697149417 -0.9851065937161023
30.097136688434773 -0.9684140607125615
30.176339679720126 -0.9456497311580667
30.255542671005482 -0.9169563336470066
30.33474566229084 -0.8825137710526579
30.413948653576195 -0.8425379925658167
30.493151644861545 -0.7972796397289691
30.5723546361469 -0.7470224749551131
30.651557627432258 -0.6920816023842213
30.730760618717614 -0.6328014922322022
30.809963610002967 -0.5695538210194269
30.88916660128832 -0.5027351412201961
30.968369592573673 -0.43276439494409247
31.04757258385903 -0.36008028723799534
31.126775575144386 -0.2851385354777528
31.205978566429742 -0.20840901209533413
31.28518155771509 -0.1303727985561343
31.364384549000448 -0.051519169057447266
31.443587540285804 0.027657477140068894
31.522790531571157 0.10666071551429607
31.601993522856514 0.18499520878159847
31.681196514141867 0.26216981257992705
31.76039950542722 0.337700654863046
31.839602496712576 0.411114169698502
31.918805487997933 0.4819500664479634
31.99800847928329 0.5497642157136696
32.077211470568635 0.6141314339565437
32.15641446185399 0.6746481493269396
32.23561745313935 0.730934931993573
32.314820444424704 0.7826388731060621
32.39402343571006 0.8294357974752457
32.47322642699541 0.8710322960981874
32.55242941828077 0.9071675657842794
32.63163240956612 0.9376150443482406
32.71083540085148 0.9621838311176937
32.790038392136836 0.9807198838489125
32.869241383422185 0.9931069845463018
32.94844437470754 0.9992674681300778
33.0276473659929 0.9991627093835127
33.106850357278255 0.9927933651266816
33.18605334856361 0.9801993700983077
33.26525633984896 0.9614596865715344
33.34445933113432 0.9366918092734795
33.423662322419666 0.9060510287126747
33.50286531370502 0.8697294575331531
33.58206830499038 0.8279548259998525
33.66127129627573 0.7809890541673813
33.740474287561085 0.7291266096844304
33.81967727884644 0.6726926615301739
33.8988802701318 0.6120410412583457
33.978083261417154 0.5475520245317189
34.057286252702504 0.47962994685638194
34.13648924398786 0.4087006684647312
34.21569223527322 0.33520890424203903
34.29489522655857 0.2596154354373949
34.37409821784393 0.18239422064122354
34.45330120912928 0.10402942414304568
34.532504200414635 0.02501238030115248
34.61170719169999 -0.05416148704279931
34.69091018298535 -0.13299577078964894
34.770113174270705 -0.21099619297342087
34.849316165556054 -0.28767370380269985
34.92851915684141 -0.3625475479222474
35.00772214812676 -0.4351482786697959
35.086925139412116 -0.5050207014293016
35.16612813069747 -0.571726727626119
35.24533112198282 -0.6348481214701799
35.32453411326818 -0.6939891222254817
35.403737104553535 -0.7487789255646405
35.48294009583889 -0.7988740084509323
35.56214308712425 -0.8439602829711095
35.6413460784096 -0.8837550656148471
35.720549069694954 -0.9180088496537757
35.79975206098031 -0.9465068695075244
35.87895505226567 -0.9690704472885272
35.95815804355102 -0.9855581130829264
36.03736103483637 -0.9958664919436142
36.11656402612173 -0.9999309520341174
36.195767017407086 -0.9977260098595536
36.27497000869244 -0.9892654900439486
36.35417299997779 -0.9746024386521223
36.43337599126315 -0.9538287905995998
36.5125789825485 -0.9270747932358534
36.591781973833854 -0.8945081897148739
36.67098496511921 -0.8563331672732567
36.75018795640457 -0.8127890770098728
36.829390947689916 -0.7641489331939342
36.90859393897527 -0.7107177015105053
36.98779693026063 -0.6528303869759464
37.066999921545985 -0.5908499335116589
37.14620291283134 -0.5251649483455202
37.22540590411669 -0.45618726550862004
37.30460889540205 -0.38434936370373773
37.383811886687404 -0.31010165473519136
37.46301487797276 -0.23390965950103534
37.54221786925812 -0.15625108925376105
37.621420860543466 -0.07761285042948463
37.70062385182882 0.0015120081751857208
37.77982684311418 0.08062738673780014
37.85902983439953 0.15923724487421
37.938232825684885 0.23684871173004246
38.017435816970234 0.3129751761996756
38.09663880825559 0.3871393378977247
38.17584179954095 0.45887619975374466
38.255044790826304 0.5277359834672497
38.33424778211166 0.5932869495435206
38.41345077339701 0.6551181042290731
38.492653764682366 0.7128417763747771
38.57185675596772 0.7660960480700326
38.65105974725308 0.8145470238084438
38.730262738538435 0.8578909239576057
38.809465729823785 0.8958559894073294
38.88866872110914 0.9282041854544856
38.9678717123945 0.9547326942413414
39.047074703679854 0.9752751863901145
39.12627769496521 0.9897028638607545
39.20548068625056 0.9979252674934257
39.28468367753592 0.9998908441725332
39.36388666882127 0.9955872700562554
39.44308966010662 0.9850415278450064
39.52229265139198 0.9683197376043468
