0.0 0.0
0.05273361580525852 0.05270917862925713
0.10546723161051703 0.10527181573373236
0.15820084741577556 0.15754177720190735
0.21093446322103407 0.2093737426161047
0.2636680790262926 0.26062360927084177
0.3164016948315511 0.3111488928057139
0.36913531063680965 0.36080912333897003
0.42186892644206814 0.4094662360004563
0.4746025422473267 0.45698495477817025
0.5273361580525852 0.5032331686112593
0.5800697738578438 0.5480822986838555
0.6328033896631022 0.5914076558985965
0.6855370054683607 0.6330887875359923
0.7382706212736193 0.673009812135857
0.7910042370788777 0.7110597416697698
0.8437378528841363 0.7471327901088695
0.8964714686893949 0.7811286675290996
0.9492050844946534 0.8129528589362407
1.0019387002999118 0.84251688703554
1.0546723161051703 0.8697385582153908
1.1074059319104288 0.8945421910611789
1.1601395477156875 0.916858826763986
1.212873163520946 0.9366264208391709
1.2656067793262045 0.953790015621819
1.318340395131463 0.9683018930594847
1.3710740109367214 0.9801217073774383
1.42380762674198 0.9892165972475803
1.4765412425472386 0.9955612771491731
1.529274858352497 0.9991381076673896
1.5820084741577554 0.9999371445342361
1.634742089963014 0.9979561662755049
1.6874757057682725 0.9932006803868949
1.7402093215735313 0.9856839080221279
1.7929429373787897 0.9754267472356302
1.845676553184048 0.9624577148819742
1.8984101689893067 0.9468128673336068
1.9511437847945652 0.9285357002372894
2.0038774005998237 0.9076770275879396
2.0566110164050824 0.8842948404560776
2.1093446322103406 0.8584541457616398
2.1620782480155993 0.8302267855423964
2.2148118638208576 0.7996912372194473
2.2675454796261163 0.7669323954150888
2.320279095431375 0.7320413359296454
2.3730127112366333 0.6951150625334515
2.425746327041892 0.6562562372779502
2.4784799428471502 0.6155728950756993
2.531213558652409 0.573178143342799
2.5839471744576676 0.5291898475388004
2.636680790262926 0.48373030347834767
2.6894144060681846 0.43692589732559134
2.742148021873443 0.3889067542166565
2.7948816376787016 0.339806376487054
2.84761525348396 0.28976127250984185
2.9003488692892185 0.23891057717642536
2.9530824850944772 0.18739566507514363
3.0058161008997355 0.135359757443069
3.058549716704994 0.08294752398377253
3.1112833325102525 0.030304680658081846
3.1640169483155107 -0.02242241543396098
3.21675056412077 -0.07508717295362628
3.269484179926028 -0.12754317387524958
3.322217795731287 -0.17964458055614976
3.374951411536545 -0.23124654119296165
3.4276850273418034 -0.28220559253715655
3.4804186431470625 -0.33238005875011256
3.5331522589523208 -0.3816304452888437
3.5858858747575795 -0.4298198267273216
3.6386194905628377 -0.47681422743515356
3.691353106368096 -0.5224829940552772
3.7440867221733547 -0.5666991587450996
3.7968203379786134 -0.609339792171207
3.849553953783872 -0.6502863452762545
3.9022875695891304 -0.689424978867854
3.9550211853943886 -0.7266468801131455
4.007754801199647 -0.7618485650591326
4.060488417004906 -0.7949321663377198
4.113222032810165 -0.8258057052555815
4.165955648615423 -0.85438334751239
4.218689264420681 -0.8805856418364716
4.2714228802259395 -0.9043397408744264
4.324156496031199 -0.9255796037206029
4.376890111836457 -0.9442461795233538
4.429623727641715 -0.9602875716576188
4.4823573434469735 -0.9736591820073939
4.535090959252233 -0.9843238349569629
4.587824575057492 -0.9922518807461672
4.64055819086275 -0.9974212779023695
4.693291806668008 -0.9998176545199327
4.7460254224732665 -0.9994343482168462
4.798759038278525 -0.9962724246574134
4.851492654083784 -0.9903406745895016
4.904226269889042 -0.9816555894045952
4.9569598856943005 -0.9702413152885948
5.009693501499559 -0.9561295860908363
5.062427117304818 -0.9393596350979636
5.115160733110077 -0.9199780859579436
5.167894348915335 -0.8980388230574711
5.2206279647205935 -0.8736028417131423
5.273361580525852 -0.8467380785928935
5.326095196331111 -0.8175192228391647
5.378828812136369 -0.7860275084189028
5.4315624279416275 -0.7523504882777073
5.484296043746886 -0.7165817909260189
5.537029659552144 -0.6788208601340818
5.589763275357403 -0.6391726784593805
5.642496891162661 -0.5977474753751985
5.69523050696792 -0.5546604208117487
5.747964122773179 -0.5100313049619019
5.800697738578437 -0.4639842052417071
5.853431354383696 -0.4166471413316104
5.9061649701889545 -0.36815171925744206
5.958898585994213 -0.31863276550067
6.011632201799471 -0.26822795215518436
6.064365817604729 -0.21707741417273524
6.117099433409988 -0.16532335976115753
6.169833049215247 -0.11310967501855482
6.222566665020505 -0.06058152390262098
6.275300280825763 -0.00788494464727818
6.3280338966310214 0.0448335562513435
6.3807675124362815 0.09742741135078502
6.43350112824154 0.14975039974757096
6.486234744046798 0.20165705359909558
6.538968359852056 0.2530030625518391
6.5917019756573145 0.30364567495155304
6.644435591462574 0.3534440947199653
6.697169207267832 0.40225987279460773
6.74990282307309 0.4499572920435033
6.8026364388783485 0.49640374458455905
6.855370054683607 0.5414701004606576
6.908103670488867 0.5850310666454588
6.960837286294125 0.6269655353817966
7.013570902099383 0.6671569208842485
7.0663045179046415 0.7054934834697502
7.1190381337099 0.7418686402151319
7.171771749515159 0.7761812612778833
7.224505365320417 0.808335951056316
7.2772389811256755 0.8382433134074515
7.329972596930934 0.8658202001852726
7.382706212736192 0.8909899424083557
7.435439828541451 0.9136825634141987
7.488173444346709 0.9338349734076269
7.5409070601519685 0.9513911448624063
7.593640675957227 0.9663022682884014
7.646374291762485 0.9785268879312282
7.699107907567744 0.9880310170271216
7.7518415233730025 0.9947882322925913
7.804575139178261 0.9987797473861686
7.857308754983519 0.9999944651380014
7.910042370788777 0.9984290084020944
7.962775986594036 0.9940877294454155
8.015509602399295 0.9869826978477677
8.068243218204554 0.9771336669460653
8.120976834009811 0.9645680189163072
8.17371044981507 0.9493206886459266
8.22644406562033 0.9314340666081732
8.279177681425587 0.9109578810085476
8.331911297230846 0.8879490595309456
8.384644913036103 0.862471571067893
8.437378528841363 0.8345962478748711
8.490112144646622 0.8044005886432043
8.542845760451879 0.7719685430389799
8.595579376257138 0.7373902783070329
8.648312992062397 0.7007619285888917
8.701046607867655 0.662185327651608
8.753780223672914 0.6217677257705442
8.806513839478171 0.5796214915532529
8.85924745528343 0.5358637995334016
8.91198107108869 0.49061630440332954
8.964714686893947 0.4440048027909
9.017448302699208 0.39615888352098266
9.070181918504465 0.347211567333932
9.122915534309724 0.2972989370626495
9.175649150114983 0.2465597592964869
9.22838276592024 0.19513509858377312
9.2811163817255 0.1431679252455799
9.333849997530757 0.09080271789109463
9.386583613336017 0.038185061739640105
9.439317229141276 -0.014538756133866222
9.492050844946533 -0.06722215350476203
9.544784460751792 -0.11971866052506243
9.59751807655705 -0.17188232693743608
9.650251692362309 -0.22356812784464702
9.702985308167568 -0.27463236690629345
9.755718923972825 -0.3249330758419238
9.808452539778084 -0.37433040912981774
9.861186155583342 -0.422687032804078
9.913919771388601 -0.4698685062691452
9.96665338719386 -0.5157436560701694
10.019387002999117 -0.5601849405801255
10.072120618804377 -0.6030688045897585
10.124854234609636 -0.6442760228145163
10.177587850414893 -0.6836920313634829
10.230321466220154 -0.7212072462487537
10.283055082025411 -0.7567173680497145
10.33578869783067 -0.7901236718852528
10.38852231363593 -0.8213332818876591
10.441255929441187 -0.8502594294151791
10.493989545246446 -0.8768216942853153
10.546723161051704 -0.9009462283581983
10.599456776856963 -0.922565960848444
10.652190392662222 -0.9416207847946667
10.70492400846748 -0.9580577241682473
10.757657624272738 -0.9718310811567529
10.810391240077996 -0.9829025632125283
10.863124855883255 -0.9912413895132541
10.915858471688514 -0.9968243765384732
10.968592087493771 -0.9996360025241817
11.02132570329903 -0.9996684506162802
11.074059319104288 -0.9969216306029115
11.126792934909547 -0.991403179165267
11.179526550714806 -0.9831284386461632
11.232260166520064 -0.9721204143954159
11.284993782325323 -0.9584097108105978
11.33772739813058 -0.9420344462510051
11.39046101393584 -0.9230401470613775
11.4431946297411 -0.9014796210000177
11.495928245546358 -0.8774128104231986
11.548661861351617 -0.8509066256340245
11.601395477156874 -0.8220347588590915
11.654129092962133 -0.790877479370098
11.706862708767392 -0.757521410320035
11.75959632457265 -0.7220592879143698
11.812329940377909 -0.6845897035867836
11.865063556183166 -0.6452168298962734
11.917797171988425 -0.6040501309076483
11.970530787793685 -0.5612040578606542
12.023264403598942 -0.5167977309737914
12.075998019404201 -0.4709546082674856
12.128731635209459 -0.4238021423273583
12.181465251014718 -0.3754714259618279
12.234198866819977 -0.3260968277392211
12.286932482625234 -0.27581561841763513
12.339666098430493 -0.22476758930616086
12.39239971423575 -0.17309466361851222
12.44513333004101 -0.12094050189953069
12.497866945846269 -0.06845010262160516
12.550600561651526 -0.01576939906138168
12.603334177456786 0.036955146422460006
12.656067793262043 0.08957694958236093
12.708801409067304 0.14194971181393976
12.761535024872563 0.19392782689387214
12.81426864067782 0.24536678579285456
12.86700225648308 0.2961235784381426
12.919735872288337 0.346057091308697
12.972469488093596 0.39502849975758003
13.025203103898855 0.44290165397082115
13.077936719704113 0.4895434574897571
13.130670335509372 0.5348242372444628
13.183403951314629 0.5786181040694973
13.236137567119888 0.6208033026996983
13.288871182925147 0.6612625502729279
13.341604798730405 0.6998833623987032
13.394338414535664 0.736558365886163
13.447072030340921 0.7711855972619174
13.49980564614618 0.8036687862478741
13.55253926195144 0.8339176234108827
13.605272877756697 0.8618480112401095
13.658006493561956 0.8873822979540892
13.710740109367213 0.9104494933874142
13.763473725172473 0.9309854663568817
13.816207340977734 0.9489331229583537
13.86894095678299 0.9642425652986526
13.92167457258825 0.9768712302211826
13.974408188393507 0.9867840076395819
14.027141804198767 0.993953338150432
14.079875420004026 0.9983592896536309
14.132609035809283 0.9999896127674165
14.185342651614542 0.9988397748839738
14.2380762674198 0.9949129727709451
14.290809883225059 0.9882201236838088
14.343543499030318 0.9787798350138366
14.396277114835575 0.966618352556013
14.449010730640834 0.95176948754074
14.501744346446092 0.9342745226321997
14.554477962251351 0.9141820971547057
14.60721157805661 0.8915480718661493
14.659945193861867 0.8664353736544852
14.712678809667127 0.8389138205890314
14.765412425472384 0.8090599278129863
14.818146041277643 0.776956694816794
14.870879657082902 0.7426933746838091
14.92361327288816 0.7063652259497747
14.976346888693419 0.6680732477660019
15.029080504498676 0.6279238991025606
15.081814120303937 0.5860288027721169
15.134547736109196 0.5425044350973348
15.187281351914454 0.49747180208457026
15.240014967719713 0.4510561030041989
15.29274858352497 0.40338638231288093
15.34548219933023 0.35459517088545695
15.398215815135488 0.30481811755396254
15.450949430940746 0.25419361197811413
15.503683046746005 0.20286239989577307
15.556416662551262 0.15096719182308183
15.609150278356521 0.09865226629211837
15.66188389416178 0.046063068729193996
15.714617509967038 -0.006654192911053517
15.767351125772297 -0.05935295463154049
15.820084741577555 -0.11188670386846578
15.872818357382814 -0.16410938682407147
15.925551973188073 -0.21587581452392038
15.97828558899333 -0.2670420664698181
16.03101920479859 -0.3174658907661302
16.08375282060385 -0.36700709960705197
16.136486436409108 -0.4155279590253335
16.189220052214367 -0.4628935718188595
16.241953668019622 -0.5089722525904817
16.29468728382488 -0.553635893858439
16.34742089963014 -0.5967603222194631
16.4001545154354 -0.6382256435744287
16.45288813124066 -0.677916576456712
16.505621747045915 -0.7157227725365537
16.558355362851174 -0.7515391234103789
16.611088978656433 -0.7852660528221005
16.663822594461692 -0.8168097935040296
16.71655621026695 -0.8460826478676802
16.769289826072207 -0.8730032318197157
16.822023441877466 -0.8974967010251884
16.874757057682725 -0.9194949589889901
16.927490673487984 -0.9389368463770468
16.980224289293243 -0.9557683110508775
17.032957905098502 -0.9699425583428027
17.085691520903758 -0.9814201811540051
17.138425136709017 -0.9901692695137492
17.191158752514276 -0.9961654992951546
17.243892368319536 -0.9993921998408908
17.296625984124795 -0.9998404003107686
17.34935959993005 -0.9975088546223796
17.40209321573531 -0.992404044915441
17.45482683154057 -0.9845401635302176
17.507560447345828 -0.9739390735501203
17.560294063151087 -0.9606302480181833
17.613027678956342 -0.9446506879964092
17.6657612947616 -0.9260448196957864
17.71849491056686 -0.9048643709629944
17.77122852637212 -0.881168227467163
17.82396214217738 -0.8550222689865323
17.876695757982635 -0.826499186250163
17.929429373787894 -0.795678278843899
17.982162989593153 -0.7626452347424729
18.034896605398416 -0.727491892080657
18.087630221203675 -0.6903159838258217
18.14036383700893 -0.6512208660617176
18.19309745281419 -0.6103152306389369
18.24583106861945 -0.5677128029909437
18.298564684424708 -0.5235320259557659
18.351298300229967 -0.4778957304824173
18.404031916035223 -0.430930794137541
18.45676553184048 -0.38276778836166986
18.50949914764574 -0.3335406154558488
18.562232763451 -0.2833861363078002
18.61496637925626 -0.23244378989267284
18.667699995061515 -0.18085520560621834
18.720433610866774 -0.12876380950816504
18.773167226672033 -0.07631442557055966
18.825900842477292 -0.023652873039612575
18.87863445828255 0.029074438969490628
18.931368074087807 0.08172091851772544
18.984101689893066 0.13414019839566732
19.036835305698325 0.18618654305210422
19.089568921503584 0.23771525376655472
19.142302537308844 0.2885830709391823
19.1950361531141 0.3386485723796808
19.24776976891936 0.38777256648783015
19.300503384724617 0.4358184792325529
19.353237000529877 0.48265273385366725
19.405970616335136 0.5281451222306391
19.45870423214039 0.5721691668858784
19.51143784794565 0.6146024726161526
19.56417146375091 0.6553270667744749
19.61690507955617 0.6942297272564738
19.669638695361428 0.7312022972793392
19.722372311166684 0.7661419860782125
19.775105926971943 0.7989516546840392
19.827839542777202 0.8295400859883338
19.88057315858246 0.8578222383440705
19.93330677438772 0.8837194819976063
19.986040390192976 0.9071598176943256
20.038774005998235 0.9280780768502445
20.091507621803494 0.9464161027330384
20.144241237608753 0.9621229121488076
20.196974853414012 0.9751548371850347
20.24970846921927 0.9854756466156731
20.302442085024527 0.993056646630834
20.355175700829786 0.9978767606110288
20.407909316635045 0.9999225877241692
20.460642932440308 0.9991884401824278
20.513376548245567 0.9956763590553673
20.566110164050823 0.9893961085953806
20.618843779856082 0.9803651490912126
20.67157739566134 0.9686085883250449
20.7243110114666 0.954159111768093
20.77704462727186 0.9370568917087894
20.829778243077115 0.9173494755661968
20.882511858882374 0.8950916536991486
20.935245474687633 0.8703453070786558
20.987979090492892 0.8431792352470536
21.04071270629815 0.8136689650422111
21.093446322103407 0.7818965406185832
21.146179937908666 0.7479502953488748
21.198913553713925 0.7119246062405054
21.251647169519185 0.6739196315495992
21.304380785324444 0.6340410323220185
21.3571144011297 0.5923996786355958
21.40984801693496 0.5491113413602556
21.462581632740218 0.5042963702930296
21.515315248545477 0.458079359562759
21.568048864350736 0.4105888012347616
21.62078248015599 0.3619567280784958
21.67351609596125 0.3123183464913788
21.72624971176651 0.26181166059934885
21.77898332757177 0.21057708857917848
21.831716943377028 0.15875707226928437
21.884450559182284 0.10649568115437381
21.937184174987543 0.05393821182490781
21.989917790792802 0.0012307840250124376
22.04265140659806 -0.05148006558816846
22.09538502240332 -0.10404779084420038
22.148118638208576 -0.15632624348553403
22.200852254013835 -0.2081700794874254
22.253585869819094 -0.2594351631419006
22.306319485624353 -0.30997896778240636
22.359053101429613 -0.3596609720350012
22.411786717234868 -0.4083430504944541
22.464520333040127 -0.45588985773911017
22.517253948845386 -0.5021692046168423
22.569987564650646 -0.5470524257560069
22.622721180455905 -0.5904147372796034
22.67545479626116 -0.632135583728144
22.72818841206642 -0.6720989732267324
22.78092202787168 -0.7101937999644824
22.83365564367694 -0.7463141530897835
22.8863892594822 -0.7803596111625649
22.939122875287456 -0.8122355213449792
22.991856491092715 -0.8418532625542626
23.044590106897974 -0.8691304918461615
23.097323722703234 -0.8939913733439614
23.150057338508493 -0.9163667890766206
23.20279095431375 -0.9361945311398535
23.255524570119007 -0.9534194746459203
23.308258185924267 -0.9679937309812743
23.360991801729526 -0.979876780946006
23.413725417534785 -0.9890355874049112
23.46645903334004 -0.9954446871369986
23.5191926491453 -0.9990862616280818
23.57192626495056 -0.9999501866096283
23.624659880755818 -0.9980340602061513
23.677393496561077 -0.9933432096128779
23.730127112366333 -0.985890676285137
23.782860728171592 -0.9756971796806335
23.83559434397685 -0.9627910596554259
23.88832795978211 -0.9472081976737428
23.94106157558737 -0.9289919170507002
23.993795191392625 -0.9081928625052609
24.046528807197884 -0.8848688593582935
24.099262423003143 -0.8590847527672096
24.151996038808402 -0.8309122274441079
24.20472965461366 -0.8004296083586646
24.257463270418917 -0.7677216429798486
24.310196886224176 -0.7328792656618565
24.362930502029435 -0.6959993448293555
24.415664117834694 -0.6571844136648611
24.468397733639954 -0.6165423850470232
24.52113134944521 -0.5741862515323359
24.57386496525047 -0.5302337712143653
24.626598581055728 -0.48480714033390654
24.679332196860987 -0.4380326535502208
24.732065812666246 -0.39004035281790556
24.7847994284715 -0.3409636658455721
24.83753304427676 -0.2909390351414674
24.89026666008202 -0.24010553867741438
24.94300027588728 -0.1886045032256292
24.995733891692538 -0.13657911144346332
25.048467507497794 -0.08417400379843276
25.101201123303053 -0.03153487644024055
25.153934739108312 0.021191923862162503
25.20666835491357 0.07385980659239721
25.259401970718834 0.12632234503612558
25.312135586524086 0.17843368337509835
25.36486920232935 0.23004894219407704
25.417602818134608 0.2810246212730471
25.470336433939867 0.3312189985451294
25.523070049745126 0.3804925241108146
25.57580366555038 0.4287082082131814
25.62853728135564 0.47573200209544464
25.6812708971609 0.5214331706819322
25.73400451296616 0.5656846560464318
25.786738128771418 0.6083634306573483
25.839471744576674 0.649350839417598
25.892205360381933 0.6885329295483196
25.944938976187192 0.7258007673992201
25.99767259199245 0.7610507413048165
26.05040620779771 0.794184849644538
26.103139823602966 0.8251109733058355
26.155873439408225 0.8537431317928154
26.208607055213484 0.8800017222683302
26.261340671018743 0.9038137408649897
26.314074286824003 0.9251129856497713
