0.0 0.0
0.12174796301694224 0.12144741630080173
0.24349592603388448 0.24109689268460846
0.3652438890508268 0.3571771064161125
0.48699185206776896 0.4679695750755291
0.6087398150847112 0.57183409743032
0.7304877781016536 0.6672330354113577
0.8522357411185958 0.7527540777166856
0.9739837041355379 0.8271311480444171
1.0957316671524802 0.8892631484237226
1.2174796301694224 0.9382302601626338
1.3392275931863646 0.9733075610890948
1.460975556203307 0.9939757574919912
1.5827235192202491 0.9999288718836418
1.7044714822371916 0.991078772772071
1.8262194452541336 0.9675564793831029
1.9479674082710758 0.929710222016825
2.069715371288018 0.8781002867534216
2.1914633343049603 0.8134907208287251
2.3132112973219026 0.7368380214753156
2.434959260338845 0.649276975682581
2.556707223355787 0.5521038605077019
2.6784551863727293 0.4467572526446355
2.800203149389672 0.33479673135135346
2.921951112406614 0.21787979002287605
3.043699075423556 0.0977372982173238
3.1654470384404982 -0.02385212259830296
3.2871950014574405 -0.1450884302343267
3.408942964474383 -0.2641768100826873
3.5306909274913254 -0.3793542460307206
3.652438890508267 -0.48891562062154154
3.7741868535252094 -0.5912389580672939
3.8959348165421517 -0.6848094364109734
4.017682779559094 -0.7682418133543846
4.139430742576036 -0.8403009337542936
4.261178705592979 -0.8999200151883429
4.382926668609921 -0.9462164408863291
4.504674631626863 -0.9785048262240923
4.626422594643805 -0.9963071653401463
4.748170557660748 -0.9993599076618439
4.86991852067769 -0.9876178595782902
4.991666483694632 -0.9612548534986027
5.113414446711574 -0.9206611743906009
5.235162409728516 -0.866437781898129
5.356910372745459 -0.7993874135743316
5.4786583357624 -0.7205027009409869
5.600406298779344 -0.6309514743069149
5.722154261796286 -0.5320594738968625
5.843902224813228 -0.42529072323989436
5.96565018783017 -0.31222585537491004
6.087398150847112 -0.19453871273788725
6.209146113864055 -0.07397156715237796
6.3308940768809965 0.04769067322688491
6.452642039897939 0.16864688816999934
6.574390002914881 0.28710640963577433
6.696137965931824 0.40131553129863673
6.817885928948766 0.5095834708844365
6.939633891965708 0.6103074009618346
7.061381854982651 0.7019961776267558
7.183129817999593 0.7832924157941348
7.304877781016534 0.8529925842884661
7.426625744033477 0.9100648232400693
7.548373707050419 0.9536642200135919
7.670121670067362 0.9831453175198372
7.791869633084303 0.9980716697345273
7.913617596101245 0.9982223029615612
8.035365559118189 0.9835949871865014
8.15711352213513 0.954406269090303
8.278861485152072 0.9110882662345375
8.400609448169014 0.8542822698778513
8.522357411185958 0.7848292511292654
8.6441053742029 0.7037574109877607
8.765853337219841 0.6122669585806643
8.887601300236785 0.5117123429478723
9.009349263253727 0.40358220141730317
9.131097226270668 0.28947732142116084
9.25284518928761 0.17108694201217964
9.374593152304552 0.050163745918499
9.496341115321496 -0.0715020876385402
9.618089078338437 -0.19210938523466928
9.73983704135538 -0.309872644294093
9.861585004372321 -0.423048466145456
9.983332967389265 -0.5299613657603974
10.105080930406206 -0.6290285760804263
10.226828893423148 -0.7187834797222763
10.34857685644009 -0.7978973211724995
10.470324819457032 -0.8651988780382053
10.592072782473975 -0.9196918001355007
10.713820745490917 -0.9605693597231385
10.835568708507859 -0.9872263945149998
10.9573166715248 -0.999268266663851
11.079064634541744 -0.996516705085208
11.200812597558688 -0.979012444629979
11.32256056057563 -0.9470146230348789
11.444308523592571 -0.9009969445783107
11.566056486609513 -0.8416406672359862
11.687804449626457 -0.7698245171562946
11.809552412643399 -0.6866116797642239
11.93130037566034 -0.5932340600809805
12.053048338677282 -0.49107404527375315
12.174796301694224 -0.3816440394276794
12.296544264711168 -0.26656407351270694
12.41829222772811 -0.14753782201337898
12.540040190745051 -0.026327381277720517
12.661788153761993 0.09527281702669445
12.783536116778935 0.2154625711573726
12.905284079795878 0.3324625599632577
13.02703204281282 0.4445406844292379
13.148780005829762 0.5500377101315854
13.270527968846704 0.6473918309865486
13.392275931863647 0.7351617906438449
13.51402389488059 0.8120482192297651
13.635771857897533 0.8769128695650731
13.757519820914474 0.9287954680795943
13.879267783931416 0.9669279309580615
14.001015746948358 0.9907457350576133
14.122763709965302 0.999896275258848
14.244511672982243 0.9942440845259818
14.366259635999185 0.9738728393969489
14.488007599016127 0.9390841212136336
14.609755562033069 0.890392951431313
14.731503525050012 0.8285201671037772
14.853251488066954 0.7543817494194837
14.974999451083896 0.6690752632719269
15.096747414100838 0.5738636086164536
15.21849537711778 0.47015632416275704
15.340243340134723 0.3594887201881711
15.461991303151665 0.2434991493951663
15.583739266168607 0.12390475230130749
15.705487229185549 0.0024760362334152676
15.82723519220249 -0.11898933573474706
15.948983155219436 -0.23869315786570308
16.070731118236377 -0.354863302875214
16.192479081253317 -0.46577995697689073
16.31422704427026 -0.5698010804638165
16.4359750072872 -0.6653867169019629
16.557722970304145 -0.7511217910556646
16.679470933321088 -0.8257370580385084
16.80121889633803 -0.8881278935529006
16.922966859354972 -0.9373706470425563
17.044714822371915 -0.9727363156614808
17.16646278538886 -0.993701336626389
17.2882107484058 -0.9999553381796795
17.409958711422743 -0.9914057344156489
17.531706674439683 -0.9681790959469138
17.653454637456626 -0.9306192761193282
17.77520260047357 -0.8792823205154181
17.89695056349051 -0.8149282351073887
18.018698526507453 -0.7385097349261615
18.140446489524393 -0.6511581398141688
18.262194452541337 -0.5541666260648895
18.38394241555828 -0.4489710818963813
18.50569037857522 -0.33712885017942656
18.627438341592164 -0.22029567311862575
18.749186304609104 -0.10020118020356396
18.870934267626048 0.021376717687131157
18.99268223064299 0.1426381489522306
19.11443019365993 0.26178792704677
19.236178156676875 0.3770621269020938
19.357926119693815 0.4867541985426387
19.47967408271076 0.589240231306599
19.601422045727702 0.6830029946521176
19.723170008744642 0.7666543996425853
19.844917971761586 0.8389560485851933
19.96666593477853 0.8988375686003999
20.08841389779547 0.9454124577073054
20.210161860812413 0.9779912088352348
20.331909823829353 0.9960915174701598
20.453657786846296 0.9994454218192665
20.57540574986324 0.9880032697887455
20.69715371288018 0.9619344540466231
20.818901675897123 0.9216249042885568
20.940649638914064 0.8676713738317757
21.062397601931007 0.8008726051199265
21.18414556494795 0.7222175049270805
21.30589352796489 0.6328705043183007
21.427641490981834 0.5341543201018213
21.549389453998774 0.4275303729769292
21.671137417015718 0.31457715227243704
21.792885380032665 0.1969668475700045
21.9146333430496 0.07644059316393727
22.03638130606655 -0.04521730815497243
22.15812926908349 -0.16620580039340907
22.279877232100432 -0.28473373766851207
22.401625195117376 -0.3990464008088286
22.523373158134316 -0.5074514746845802
22.64512112115126 -0.6083441016918595
22.7668690841682 -0.700230640492276
22.888617047185143 -0.781750778277413
23.010365010202086 -0.8516976692021503
23.132112973219026 -0.9090358008521936
23.25386093623597 -0.9529163242458256
23.375608899252914 -0.9826896204204423
23.497356862269854 -0.9979149175648072
23.619104825286797 -0.9983668163224116
23.740852788303737 -0.9840386266636155
23.86260075132068 -0.9551424669266299
23.984348714337624 -0.9121061235611089
24.106096677354564 -0.8555667180635442
24.227844640371508 -0.7863612748608291
24.349592603388448 -0.7055143297775857
24.47134056640539 -0.6142227625347597
24.593088529422335 -0.5138380778232757
24.714836492439275 -0.4058463972684065
24.83658445545622 -0.2918464584891665
24.95833241847316 -0.17352594696055457
25.080080381490102 -0.05263651106798232
25.201828344507046 0.06903216976221857
25.323576307523986 0.18967887995398872
25.44532427054093 0.30751753345696864
25.56707223355787 0.42080361544036093
25.688820196574813 0.5278600085554306
25.810568159591757 0.627101821427669
25.932316122608697 0.7170598518110908
26.05406408562564 0.7964023370498371
26.17581204864258 0.8639546698474333
26.297560011659524 0.9187167874662612
26.41930797467647 0.9598779769228322
26.541055937693407 0.9868288769988548
26.662803900710355 0.9991704993871178
26.784551863727295 0.9967201354207056
26.906299826744238 0.9795140609408064
27.02804778976118 0.9478069992594879
27.14979575277812 0.9020683501679027
27.271543715795065 0.8429752408166786
27.393291678812005 0.7714025013451346
27.51503964182895 0.6884097136627393
27.636787604845892 0.5952255251161562
27.758535567862832 0.4932294592664804
27.880283530879776 0.3839314930547828
28.002031493896716 0.2689497027010831
28.12377945691366 0.14998630927274112
28.245527419930603 0.02880247855015232
28.367275382947543 -0.09280775174083093
28.489023345964487 -0.21304403134151967
28.610771308981427 -0.3301263503253917
28.73251927199837 -0.4423213908394494
28.854267235015314 -0.5479681876036253
28.976015198032254 -0.6455027172834515
29.097763161049198 -0.7334810527083272
29.219511124066138 -0.8106007391541434
29.34125908708308 -0.8757200762301476
29.463007050100025 -0.9278750199157778
29.584755013116965 -0.9662934545252717
29.70650297613391 -0.9904066233140518
29.82825093915085 -0.9998575485051405
29.949998902167792 -0.9945063160833111
30.071746865184735 -0.9744321471194544
30.193494828201676 -0.9399322249607351
30.31524279121862 -0.8915172956491151
30.43699075423556 -0.8299041067008412
30.558738717252503 -0.7560047961851883
30.680486680269446 -0.6709133891894056
30.802234643286386 -0.575889601579761
30.92398260630333 -0.47234019083212864
31.04573056932027 -0.3617981300194316
31.167478532337213 -0.24589991326970476
31.28922649535416 -0.12636132867091124
31.410974458371097 -0.004952057286834688
31.532722421388044 0.11653052567306395
31.65447038440498 0.2362879596751753
31.776218347421928 0.35254732375086
31.89796631043887 0.46358748329088034
32.01971427345581 0.5677645701808915
32.141462236472755 0.6635363190630935
32.26321019948969 0.7494848994435857
32.384958162506635 0.8243379056328869
32.50670612552358 0.886987193778829
32.62845408854052 0.9365052871234878
32.750202051557466 0.9721591066162778
32.8719500145744 0.9934208236115839
32.993697977591346 0.9999756739847028
33.11544594060829 0.9917266179838228
33.23719390362523 0.9687957768323777
33.358941866642176 0.9315226248139074
33.48068982965911 0.8804589636042961
33.60243779267606 0.8163607532526945
33.72418575569301 0.7401769207474987
33.845933718709944 0.6530353118483356
33.96768168172689 0.5562259941568181
34.08942964474383 0.4511821586120113
34.211177607760774 0.33945890214979824
34.33292557077772 0.22271020563340752
34.454673533794654 0.10266444787993081
34.5764214968116 -0.018901181720331357
34.69816945982854 -0.14018699318918768
34.819917422845485 -0.25939743905064333
34.94166538586243 -0.3747676960942463
35.063413348879365 -0.48458979228821897
35.18516131189631 -0.587237892052621
35.30690927491325 -0.6811923655625264
35.428657237930196 -0.7650622857529632
35.55040520094714 -0.8376060199738625
35.672153163964076 -0.8977496114507058
35.79390112698102 -0.9446026784268406
35.91564908999796 -0.9774715956122745
36.03739705301491 -0.9958697627973352
36.15914501603185 -0.9995248086118518
36.28089297904879 -0.9883826227835073
36.40264094206573 -0.9626081572007271
36.524388905082674 -0.9225829839209666
36.64613686809962 -0.8688996462762804
36.76788483111656 -0.8023528867039209
36.8896327941335 -0.7239278811675008
37.01138075715044 -0.6347856543494568
37.133128720167385 -0.5362458915322613
37.25487668318433 -0.42976740162578425
37.37662464620127 -0.31692652057141796
37.49837260921821 -0.19939377484471035
37.62012057223515 -0.0789091505361932
37.741868535252095 0.04274366586637227
37.86361649826904 0.1637636936481448
37.98536446128598 0.28235932006566533
38.10711242430292 0.3967748238593744
38.22886038731986 0.5053163674190697
38.350608350336806 0.6063770728072603
38.47235631335375 0.698460810408417
38.59410427637069 0.7802043480305173
38.71585223938763 0.8503975325577174
38.83760020240458 0.9080012053796066
38.95934816542152 0.9521625863721755
39.08109612843846 0.9822278986820868
39.202844091455404 0.9977520474134114
39.32459205447235 0.9985052089311014
39.446340017489284 0.9844762332313305
39.56808798050623 0.9558728090091179
39.68983594352317 0.9131183889795427
39.811583906540115 0.8568459209708958
39.93333186955706 0.7878884775963485
40.055079832573995 0.7072669232249748
40.17682779559094 0.6161748008335501
40.29857575860788 0.5159606624782686
40.420323721624825 0.4081081049706911
40.54207168464177 0.29421380631516997
40.663819647658705 0.17596388806215926
40.78556761067565 0.05510895351539857
40.90731557369259 -0.06656182866589518
41.029063536709536 -0.18724721179670448
41.15081149972648 -0.30516053730216686
41.272559462743416 -0.4185561848872602
41.39430742576036 -0.525755415164889
41.5160553887773 -0.6251712221611201
41.63780335179425 -0.7153318277745893
41.75955131481119 -0.7949024703717396
41.88129927782813 -0.8627051649537595
42.00304724084507 -0.9177361423604556
42.124795203862014 -0.9591807093363849
42.24654316687896 -0.986425309466942
42.3682911298959 -0.9990666064310315
42.49003909291284 -0.9969174550994564
42.61178705592978 -0.9800096720812841
42.733535018946725 -0.948593564702287
42.85528298196367 -0.9031342253885845
42.97703094498062 -0.8443046463144148
43.09877890799755 -0.7729757562466562
43.22052687101449 -0.6902035270832015
43.342274834031436 -0.5972133409636264
43.464022797048386 -0.49538184938538465
43.58577076006533 -0.3862165928881915
43.70751872308226 -0.2713336830220871
43.8292666860992 -0.15243387700132108
43.95101464911615 -0.0312773992413635
44.0727626121331 0.09034211747247105
44.19451057515004 0.21062418540281477
44.31625853816698 0.3277881167605108
44.43800650118392 0.4400993854812363
44.559754464200864 0.5458953056115736
44.68150242721781 0.6436096461550033
44.80325039023475 0.7317958179729736
44.92499835325169 0.8091482894760245
45.04674631626863 0.8745219140613825
45.168494279285575 0.9269488831684264
45.29024224230252 0.9656530539745609
45.41199020531946 0.9900614396204016
45.5337381683364 0.9998126918599438
45.65548613135334 0.9947624505562985
45.777234094370286 0.9749854808276273
45.89898205738723 0.9407745662044114
46.02073002040417 0.8926361741840378
46.14247798342111 0.8312829583509973
46.26422594643805 0.7576232080632792
46.385973909455 0.6727474018946769
46.50772187247194 0.5779120638993512
46.629469835488884 0.4745211616948694
46.75121779850583 0.36410532175143273
46.872965761522764 0.24829916958970258
46.99471372453971 0.1288171303489329
47.11646168755665 0.007428047980350151
47.238209650573594 -0.11407100119012939
47.35995761359054 -0.23388131285874766
47.481705576607474 -0.35022918324177077
47.60345353962442 -0.4613921674590274
47.72520150264136 -0.5657245790669104
47.846949465658305 -0.6616818532390958
47.96869742867525 -0.7478434129158549
48.090445391692185 -0.822933699405431
48.21219335470913 -0.8858410560948689
48.33394131772607 -0.9356341857107457
48.455689280743016 -0.971575937492219
48.57743724375996 -0.993134220167338
48.699185206776896 -0.9999898791740371
48.82093316979384 -0.9920414215093298
48.94268113281078 -0.9694065182587699
49.06442909582773 -0.9324202625623438
49.18617705884467 -0.8816302088063227
49.30792502186161 -0.8177882664822071
49.42967298487855 -0.7418395687182128
49.551420947895494 -0.6549084802765827
49.67316891091244 -0.5582819521579865
49.79491687392938 -0.4533904692359332
49.91666483694632 -0.34178687297748284
50.03841279996326 -0.22512337276430464
50.160160762980205 -0.10512708614471176
50.28190872599715 0.0164255298748315
50.40365668901409 0.13773497797265785
50.52540465203103 0.2570053607498112
50.64715261504797 0.37247096767377996
50.768900578064915 0.48242241512774575
50.89064854108186 0.5852319525812302
51.0123965040988 0.6793775602427409
51.13414446711574 0.7634654814463832
51.25589243013268 0.8362508561970007
51.377640393149626 0.8966561504092729
51.49938835616657 0.9437871080095007
51.62113631918351 0.9769459897408376
51.74288428220045 0.9956419026811968
51.86463224521739 0.9995980675528982
51.98638020823434 0.9887559162368503
52.10812817125128 0.9632759588306001
52.22987613426823 0.923535407414067
52.35162409728516 0.8701225917014018
52.473372060302104 0.803828249251066
52.59512002331905 0.7256338191763285
52.716867986336 0.6366969126590457
52.83861594935294 0.5383341753652457
52.96036391236987 0.43200179547177975
53.082111875386815 0.3192739458684443
53.203859838403766 0.201819479683061
53.32560780142071 0.08137722413499751
53.44735576443765 -0.04026976152641955
53.56910372745459 -0.16132058290618778
53.69085169047153 -0.2799831713842309
53.812599653488476 -0.3945008143767994
53.93434761650542 -0.5031781621777572
54.05609557952236 -0.6044063263674404
54.1778435425393 -0.6966866982255893
54.29959150555624 -0.7786531345342479
54.42133946857319 -0.8490921823260115
54.54308743159013 -0.9069610431651663
54.664835394607074 -0.9514030110136357
54.78658335762401 -0.9817601551354799
54.908331320640954 -0.9975830602788585
55.0300792836579 -0.998637479939178
55.15182724667484 -0.984907804206781
55.273575209691785 -0.9565972908602075
55.39532317270872 -0.9141250562838742
55.517071135725665 -0.8581198707574142
55.63881909874261 -0.7894108499729028
55.76056706175955 -0.7090151805851811
55.882315024776496 -0.6181230615095369
56.00406298779343 -0.5180800838997773
56.125810950810376 -0.41036731065816073
56.24755891382732 -0.2965793503855184
56.36930687684426 -0.17840075037053796
56.49105483986121 -0.05758105810277039
56.61280280287814 0.0640910794946574
56.73455076589509 0.18481439567080046
56.85629872891203 0.3028016702798768
56.978046691928974 0.4163061882646332
57.09979465494592 0.5236475984915501
57.221542617962854 0.623236790116835
57.3432905809798 0.7135994182068791
57.46503854399674 0.7933977303335369
57.586786507013684 0.8614503710176107
57.70853447003063 0.9167498708301934
57.830282433047564 0.9584775612385854
57.95203039606451 0.9860156943934386
58.07377835908145 0.9989565884325361
58.195526322098395 0.9971086629117383
58.31727428511534 0.9804992750129324
58.439022248132275 0.9493743145410233
58.56077021114922 0.9041945637057228
58.68251817416616 0.845628875578929
58.804266137183106 0.7745442722155912
58.92601410020005 0.6919931090281471
59.047762063216986 0.5991974954365465
59.16951002623393 0.4975312024346807
59.29125798925087 0.3884993249185072
59.41300595226782 0.27371599986007755
59.53475391528476 0.1548805101936356
59.6565018783017 0.03375212817820269
59.77824984131864 -0.08787592933782445
59.899997804335584 -0.20820304817675214
60.02174576735253 -0.32544787360377336
60.14349373036947 -0.4378746819771908
60.26524169338641 -0.5438190768637778
60.38698965640335 -0.6417126292071667
60.508737619420295 -0.7301060967695523
60.63048558243724 -0.8076908791000335
60.75223354545418 -0.8733183904044272
