0.0 0.0
0.1287925425852959 0.12843677964965936
0.2575850851705918 0.25474605504872855
0.38637762775588774 0.37683556320966255
0.5151701703411836 0.49268293991347845
0.6439627129264794 0.60036921936993
0.7727552555117755 0.6981106211237714
0.9015477980970713 0.7842880976696289
1.0303403406823672 0.8574741533309799
1.159132883267663 0.9164564901591511
1.2879254258529589 0.9602580891674165
1.416717968438255 0.9881533942625222
1.545510511023551 0.999680330793241
1.6743030536088466 0.9946479596334732
1.8030955961941426 0.9731396400130448
1.9318881387794384 0.9355116487051695
2.0606806813647345 0.8823872784431827
2.1894732239500305 0.8146465133239343
2.318265766535326 0.7334114522206802
2.447058309120622 0.6400277216608483
2.5758508517059178 0.5360421860569851
2.704643394291214 0.42317732451204254
2.83343593687651 0.3033026986370652
2.962228479461806 0.17840398400553426
3.091021022047102 0.0505500782260369
3.219813564632397 -0.07814116952502653
3.348606107217693 -0.2055380398340213
3.477398649802989 -0.3295302541356198
3.6061911923882852 -0.44806393063921435
3.7349837349735813 -0.5591756060651482
3.863776277558877 -0.6610247596342199
3.9925688201441725 -0.7519243005634917
4.121361362729469 -0.8303685140551373
4.250153905314765 -0.8950580028641227
4.378946447900061 -0.944921211297562
4.507738990485356 -0.9791321751092349
4.636531533070652 -0.9971242032693246
4.765324075655948 -0.9985992649762819
4.894116618241244 -0.9835329264187018
5.02290916082654 -0.9521747555117059
5.1517017034118355 -0.9050441879035357
5.280494245997132 -0.8429219227303152
5.409286788582428 -0.7668369906448911
5.538079331167723 -0.6780497083327104
5.66687187375302 -0.578030801866419
5.795664416338315 -0.46843704471251935
5.924456958923612 -0.3510838139368245
6.053249501508907 -0.227915019204284
6.182042044094204 -0.10097090268733566
6.310834586679499 0.027645756735460682
6.439627129264794 0.1558044751765087
6.568419671850091 0.28138235435871634
6.697212214435386 0.4022992465824198
6.826004757020683 0.5165522115459736
6.954797299605978 0.622248694256441
7.083589842191274 0.7176378744514936
7.2123823847765705 0.8011396682417752
7.341174927361866 0.871370901573051
7.4699674699471625 0.9271682219551394
7.598760012532458 0.9676073689339216
7.727552555117754 0.992018484098729
7.85634509770305 0.999997207020902
7.985137640288345 0.9914113733237139
8.113930182873641 0.9664032039327858
8.242722725458938 0.9253869492429333
8.371515268044233 0.8690420272248814
8.50030781062953 0.798301769136385
8.629100353214826 0.7143379592605887
8.757892895800122 0.6185414247647089
8.886685438385417 0.5124989972003298
9.015477980970712 0.3979672272689043
9.144270523556008 0.27684328825694093
9.273063066141304 0.15113355011391405
9.401855608726601 0.022920344730808503
9.530648151311896 -0.10567252706072439
9.659440693897192 -0.23251497540575458
9.788233236482489 -0.3555059055186168
9.917025779067783 -0.47260802148366216
10.04581832165308 -0.5818815732530626
10.174610864238376 -0.6815164878360372
10.303403406823671 -0.7698623524391417
10.432195949408966 -0.8454557528987879
10.560988491994264 -0.9070445145557157
10.68978103457956 -0.9536084440309609
10.818573577164855 -0.9843762283240505
10.94736611975015 -0.9988382113065511
11.076158662335446 -0.996754835973443
11.204951204920743 -0.9781606126097772
11.33374374750604 -0.943363547141508
11.462536290091334 -0.8929400391396451
11.59132883267663 -0.8277253339902538
11.720121375261925 -0.7487996873863293
11.848913917847224 -0.6574704713212213
11.977706460432518 -0.5552505179907556
12.106499003017815 -0.44383306032866376
12.23529154560311 -0.32506368427546056
12.364084088188408 -0.20090975738023698
12.492876630773702 -0.07342784013850225
12.621669173358997 0.05527038011575297
12.750461715944294 0.1830530684721475
12.879254258529588 0.3078035554426105
13.008046801114887 0.42745539875090177
13.136839343700181 0.5400266131282803
13.265631886285478 0.6436525011124253
13.394424428870773 0.73661654102038
13.523216971456069 0.8173788204485838
13.652009514041366 0.8846015443103046
13.780802056626662 0.9371711948799952
13.909594599211957 0.9742169767722204
14.038387141797251 0.9951252413214109
14.167179684382548 0.9995496514283168
14.295972226967846 0.9874169184965205
14.424764769553141 0.9589280164289352
14.553557312138436 0.9145548525749102
14.682349854723732 0.855032450772391
14.811142397309027 0.7813467759699367
14.939934939894325 0.6947184021088828
15.06872748247962 0.5965822938007248
15.197520025064916 0.4885640367081599
15.326312567650211 0.37245291036414585
15.455105110235507 0.2501722494669764
15.583897652820804 0.12374758460480172
15.7126901954061 -0.004726909854199623
15.841482737991395 -0.13312310492859616
15.97027528057669 -0.259314168635172
16.099067823161985 -0.38120979611612443
16.227860365747283 -0.4967908347089446
16.356652908332578 -0.6041427304084215
16.485445450917876 -0.7014872416934597
16.61423799350317 -0.7872118953916851
16.743030536088465 -0.8598966966572251
16.871823078673764 -0.9183376506214188
17.00061562125906 -0.9615667060896866
17.129408163844353 -0.9888677909251504
17.25820070642965 -0.9997886734992096
17.386993249014946 -0.9941484537288823
17.515785791600244 -0.9720405596148415
17.64457833418554 -0.9338311996436882
17.773370876770834 -0.880153296689794
17.90216341935613 -0.8118960038992336
18.030955961941423 -0.7301899762210158
18.15974850452672 -0.6363886415568528
18.288541047112016 -0.5320457817654463
18.417333589697314 -0.4188897948830108
18.54612613228261 -0.2987950648962018
18.674918674867904 -0.1737509133157029
18.803711217453202 -0.04582864685540215
18.932503760038497 0.08285275294076365
19.06129630262379 0.21016172978662362
19.190088845209086 0.33398946103716404
19.318881387794384 0.45228478949820233
19.447673930379683 0.5630882000307513
19.576466472964977 0.6645642781411492
19.705259015550272 0.7550321128932796
19.834051558135567 0.8329931405307027
19.96284410072086 0.8971559675901799
20.09163664330616 0.9464577623215604
20.220429185891454 0.9800818600736503
20.349221728476753 0.9974712910198568
20.478014271062047 0.998338006142177
20.606806813647342 0.9826676486487972
20.73559935623264 0.9507197917886433
20.86439189881793 0.9030236391236006
20.99318444140323 0.8403692584816527
21.121976983988528 0.7637944947970752
21.250769526573823 0.6745677786212385
21.37956206915912 0.5741671150742294
21.508354611744412 0.4642556012769978
21.63714715432971 0.3466538778079568
21.76593969691501 0.22330997051484522
21.8947322395003 0.09626702224013535
22.023524782085598 -0.032370551028809806
22.152317324670893 -0.16047191897482455
22.28110986725619 -0.2859151333089992
22.409902409841486 -0.406622277001395
22.53869495242678 -0.520593884151495
22.66748749501208 -0.6259420603468148
22.79628003759737 -0.7209217548841222
22.92507258018267 -0.8039596668413784
23.053865122767967 -0.8736803061826931
23.18265766535326 -0.9289287782045611
23.311450207938556 -0.9687899139079971
23.44024275052385 -0.9926034294095704
23.56903529310915 -0.9999748632817267
23.697827835694447 -0.9907821106496875
23.82662037827974 -0.9651774458102148
23.955412920865037 -0.9235849998683482
24.08420546345033 -0.8666937351740899
24.21299800603563 -0.7954460329346628
24.341790548620924 -0.7110220830440609
24.47058309120622 -0.6148203347061147
24.599375633791517 -0.5084343316787812
24.728168176376816 -0.3936263158546213
24.856960718962107 -0.2722980364236636
24.985753261547405 -0.14645924815326167
25.1145458041327 -0.018194420598522373
25.243338346717994 0.11037179030813501
25.372130889303293 0.23710973633875093
25.500923431888587 0.3599200537469937
25.629715974473886 0.4767684383949505
25.758508517059177 0.5857193431932874
25.887301059644475 0.6849680396701849
26.016093602229773 0.7728705125817471
26.144886144815068 0.8479706923716747
26.273678687400363 0.9090245743852369
26.402471229985657 0.9550208253123553
26.531263772570956 0.9851975355222725
26.660056315156254 0.9990548397940155
26.788848857741545 0.9963631973852816
26.917641400326843 0.9771671942836765
27.046433942912138 0.9417848046575384
27.175226485497433 0.8908021237401094
27.30401902808273 0.8250636593947434
27.432811570668026 0.7456583431775261
27.561604113253324 0.6539014926184659
27.690396655838615 0.5513130235089636
27.819189198423913 0.43959227310027926
27.94798174100921 0.32058985125683526
28.076774283594503 0.19627698583870368
28.2055668261798 0.06871287009488826
28.334359368765096 -0.059989447055061984
28.463151911350394 -0.18769806283732082
28.591944453935692 -0.3122975347465925
28.720736996520984 -0.4317239220111434
28.849529539106282 -0.5439989739520844
28.978322081691577 -0.6472628989202294
29.10711462427687 -0.739805171006246
29.23590716686217 -0.820092864223053
29.364699709447464 -0.8867960448160414
29.493492252032762 -0.938809801087595
29.622284794618054 -0.9752725458205695
29.751077337203352 -0.9955802881284085
29.87986987978865 -0.9993966383243104
30.00866242237394 -0.9866583800828149
30.13745496495924 -0.9575765175931247
30.266247507544534 -0.9126327803585085
30.395040050129833 -0.852571643538376
30.52383259271513 -0.7783879960129125
30.652625135300422 -0.6913106604438655
30.78141767788572 -0.5927820383151191
30.910210220471015 -0.48443421712494655
31.03900276305631 -0.36806193550470173
31.167795305641608 -0.2455928540861199
31.296587848226903 -0.11905562456846873
31.4253803908122 0.009453714091263372
31.554172933397492 0.13780645573128825
31.68296547598279 0.2638764881572866
31.81175801856809 0.3855755113465478
31.94055056115338 0.5008876293085707
32.06934310373868 0.6079027426016226
32.19813564632397 0.704848188371403
32.32692818890927 0.7901181038073491
32.455720731494566 0.8623000266223014
32.58451327407986 0.9201982919294353
32.713305816665155 0.9628538379562683
32.84209835925045 0.9895600925220681
32.97089090183575 0.9998746771254347
33.099683444421046 0.9936267347684989
33.22847598700634 0.9709197601352465
33.357268529591636 0.9321298852431732
33.48606107217693 0.8778996489657843
33.614853614762225 0.8091273536313176
33.74364615734753 0.7269521850014014
33.87243869993282 0.6327353421113209
34.00123124251812 0.5280374895485257
34.13002378510341 0.414592905663521
34.258816327688706 0.29428075493769695
34.38760887027401 0.16909396036993374
34.5164014128593 0.04110619149857489
34.6451939554446 -0.08756248511102949
34.77398649802989 -0.21478072392723782
34.90277904061519 -0.33844120534446404
35.03157158320049 -0.45649554259559993
35.160364125785776 -0.5669882124653337
35.28915666837108 -0.6680889477557097
35.41794921095637 -0.7581230549353503
35.54674175354167 -0.8355991547728191
35.67553429612696 -0.8992338864413115
35.80432683871226 -0.9479731658811121
35.93311938129756 -0.981009646283452
36.061911923882846 -0.997796091469779
36.19070446646815 -0.998054440641752
36.31949700905344 -0.9817804143479304
36.44828955163874 -0.9492435853711949
36.57708209422403 -0.9009829133626481
36.70587463680933 -0.8377978171890241
36.83466717939463 -0.7607349328766189
36.96345972197992 -0.6710707765011673
37.09225226456522 -0.5702905992059497
37.22104480715051 -0.46006378460643527
37.34983734973581 -0.3422161961136278
37.4786298923211 -0.21869993223174197
37.607422434906404 -0.09156099082168336
37.7362149774917 0.03709462204099056
37.86500752007699 0.16513577722042522
37.99380006266229 0.29044152382827104
38.12259260524758 0.41093622193289203
38.251385147832885 0.5246239247105697
38.38017769041817 0.6296214405119853
38.508970233003474 0.7241895271841098
38.63776277558877 0.8067617019257081
38.76655531817406 0.8759701894529269
38.895347860759365 0.9306685786536816
39.02414040334465 0.9699508124324622
39.152932945929955 0.9931661961863373
39.28172548851525 0.9999301763026202
39.410518031100544 0.9901307101367713
39.53931057368584 0.963930121954303
39.66810311627113 0.9217624140937836
39.796895658856435 0.8643260778904455
39.92568820144172 0.7925725234446166
40.054480744027025 0.7076903198911885
40.18327328661232 0.6110855072239512
40.312065829197614 0.5043583058014116
40.44085837178291 0.38927660933204955
40.569650914368204 0.2677467004170913
40.698443456953505 0.14178167373622885
40.8272359995388 0.013468089933710735
40.956028542124095 -0.11506858743016463
41.08482108470939 -0.24169919933884215
41.213613627294684 -0.36432615999310297
41.34240616987998 -0.48091820248684336
41.47119871246528 -0.5895440259367316
41.599991255050575 -0.6884042867143662
41.72878379763586 -0.7758614038589635
41.857576340221165 -0.8504666849556617
41.98636888280646 -0.9109843231500349
42.11516142539176 -0.9564118677979252
42.243953967977056 -0.9859968296622427
42.372746510562344 -0.9992491455983704
42.501539053147646 -0.9959492962555349
42.63033159573294 -0.976151942327676
42.75912413831824 -0.9401850191207597
42.88791668090354 -0.8886443044346701
43.016709223488824 -0.8223835497405397
43.14550176607412 -0.7425003381266605
43.27429430865942 -0.6503179032705086
43.403086851244716 -0.5473632105983621
43.53187939383002 -0.4353416637093632
43.660671936415305 -0.316108855042193
43.7894644790006 -0.19163982872314214
43.9182570215859 -0.06399636474453703
44.047049564171196 0.0647071736020708
44.1758421067565 0.19233886331422448
44.304634649341786 0.3167845361364137
44.43342719192708 0.4359827989177337
44.56221973451238 0.5479591797707541
44.69101227709768 0.6508588344142504
44.81980481968297 0.7429772709321636
44.948597362268266 0.8227885840052841
45.07738990485356 0.888970730926909
45.206182447438856 0.9404274307152746
45.33497499002416 0.976306323572669
45.46376753260945 0.9960130898869901
45.59256007519474 0.9992212949001168
45.72135261778004 0.9858777959700357
45.85014516036534 0.9562036228576067
45.97893770295064 0.9106903164563438
46.10773024553593 0.8500917866127242
46.23652278812122 0.7754118239089614
46.36531533070652 0.6878874722706178
46.49410787329182 0.5889685378252714
46.62290041587711 0.48029357343970824
46.751692958462414 0.36366273674239624
46.8804855010477 0.24100797122726886
47.009278043632996 0.11436100437688858
47.1380705862183 -0.014180307096411708
47.26686312880359 -0.1424867274138804
47.395655671388894 -0.2684329116755113
47.52444821397418 -0.3899326113542412
47.65324075655948 -0.504973232174393
47.78203329914478 -0.6116491719365568
47.91082584173007 -0.708193386061288
48.039618384315375 -0.7930066579808781
48.16841092690066 -0.8646840895266775
48.29720346948596 -0.9220383725094016
48.42599601207126 -0.9641194560077451
48.554788554656554 -0.990230283584627
48.68358109724185 -0.9999383397502678
48.81237363982714 -0.9930828144095086
48.94116618241244 -0.96977726661718
49.06995872499773 -0.9304077435174546
49.198751267583035 -0.8756263856262065
49.32754381016833 -0.8063406243823541
49.45633635275363 -0.7236981509064062
49.58512889533892 -0.6290679049528541
49.71392143792421 -0.5240173989667144
49.842713980509515 -0.4102867528624038
49.97150652309481 -0.2897598696283879
50.100299065680105 -0.16443322922227252
50.2290916082654 -0.036382817673164584
50.357884150850694 0.09227026080249852
50.48667669343599 0.2193949190499697
50.61546923602129 0.3428853875886283
50.744261778606585 0.46069609584716487
50.87305432119187 0.5708755562278008
51.001846863777175 0.6715986897233804
51.13063940636247 0.761197057626305
51.25943194894777 0.8381864985532219
51.388224491533066 0.9012917129889111
51.51701703411835 0.9494673881163411
51.645809576703655 0.9819155130083667
51.77460211928895 0.9980985973618157
51.90339466187425 0.9977485748109378
52.03218720445955 0.9808712433402885
52.160979747044834 0.9477461692434228
52.289772289630136 0.8989220562182498
52.41856483221543 0.8352076563081995
52.547357374800725 0.7576583732457688
52.67614991738603 0.6675587801088166
52.804942459971315 0.5664013408776779
52.93373500255661 0.45586168836195795
53.06252754514191 0.3377708680085083
53.191320087727206 0.21408500736073674
53.32011263031251 0.08685291358261987
53.448905172897796 -0.04181786421829315
53.57769771548309 -0.16979594570498227
53.70649025806839 -0.2949614247797703
53.83528280065369 -0.41524098498699014
53.96407534323898 -0.52864224317676
54.092867885824276 -0.633286752540626
54.22166042840957 -0.72744111833699
54.350452970994866 -0.8095457108866446
54.47924551358017 -0.87824050021906
54.60803805616546 -0.9323875844287404
54.73683059875075 -0.971090038568431
54.86562314133605 -0.9937067718546786
54.994415683921346 -0.9998631470820594
55.12320822650665 -0.9894571863397277
55.25200076909194 -0.9626612602350074
55.38079331167723 -0.9199192326427336
55.50958585426253 -0.8619391082764188
55.63837839684783 -0.7896813048713615
55.76717093943312 -0.7043427442462301
55.89596348201842 -0.6073370257684623
56.02475602460371 -0.5002710106421314
56.153548567189006 -0.38491820489015544
56.28234110977431 -0.26318938193136404
56.4111336523596 -0.13710093137761373
56.539926194944904 -0.008741458340566386
56.66871873753019 0.11976281348250495
56.797511280115486 0.24628326185998103
56.92630382270079 0.3687241258077891
57.05509636528608 0.4850572210378525
57.183888907871385 0.5933555360254369
57.31268145045667 0.6918251521897549
57.44147399304197 0.7788349594429268
57.57026653562727 0.8529436748807924
57.699059078212564 0.9129237170618758
57.82785162079786 0.9577815404064892
57.95664416338315 0.9867740928846906
58.08543670596845 0.9994211243780866
58.21422924855374 0.9955131418323281
58.343021791139044 0.9751148794263615
58.47181433372434 0.9385642262764666
58.60060687630963 0.8864666294372231
58.72939941889493 0.8196850649114711
58.85819196148022 0.7393257427955587
58.986984504065525 0.6467197833483507
59.11577704665082 0.5434011675127873
59.24456958923611 0.43108132713070607
59.37336213182141 0.31162079575400553
59.502154674406704 0.18699838964526558
59.630947216992 0.059278429472113585
59.7597397595773 -0.06942345434483534
59.88853230216259 -0.19697536620971592
60.01732484474788 -0.3212644593554189
60.146117387333184 -0.44023193431117874
60.27490992991848 -0.5519071420982337
60.40370247250378 -0.6544402272476206
60.53249501508907 -0.7461327699213578
60.66128755767436 -0.8254659195626509
60.790080100259665 -0.8911255540521569
60.91887264284496 -0.9420240476190443
61.04766518543026 -0.9773182869299921
61.17645772801555 -0.9964236369267188
61.305250270600844 -0.999023625073574
61.434042813186146 -0.9850751835993995
61.56283535577144 -0.9548093628980665
61.691627898356735 -0.9087275042704492
61.82042044094203 -0.8475929354048685
61.949212983527325 -0.7724183261570641
62.07800552611262 -0.684448914076182
62.20679806869792 -0.5851418775392712
62.335590611283216 -0.4761421981701581
62.4643831538685 -0.3592554123720717
62.593175696453805 -0.2364177033341189
62.7219682390391 -0.10966382892570742
62.8507607816244 0.018906583259599027
62.9795533242097 0.1471638154013108
63.108345866794984 0.27298333738200603
63.237138409380286 0.39428099878504635
63.36593095196558 0.5090475520185181
63.494723494550875 0.615381934703756
63.62351603713618 0.711522760018674
63.752308579721465 0.7958774933709801
63.88110112230676 0.8670488321013271
64.00989366489206 0.9238578512469251
64.13868620747736 0.9653635319653961
64.26747875006265 0.9908783491382088
