0.0 0.0
0.0806535770264839 0.08056616354969343
0.1613071540529678 0.1606085282817759
0.2419607310794517 0.2396067008430305
0.3226143081059356 0.31704707666849014
0.40326788513241946 0.39242617916816286
0.4839214621589034 0.465253933066992
0.5645750391853873 0.5350568506165139
0.6452286162118712 0.6013811099631453
0.725882193238355 0.663795505659164
0.8065357702648389 0.721894252133717
0.8871893472913229 0.7752996218971581
0.9678429243178068 0.823664401326501
1.0484965013442906 0.8666741480657626
1.1291500783707746 0.9040492353647643
1.2098036553972584 0.9355466700651777
1.2904572324237424 0.9609616724142264
1.3711108094502262 0.980129007434924
1.45176438647671 0.9929240591969813
1.532417963503194 0.9992636410040365
1.6130715405296778 0.9991065362297991
1.6937251175561618 0.992453766286874
1.7743786945826459 0.9793485839860743
1.8550322716091296 0.959876192329396
1.9356858486356137 0.9341631905649159
2.0163394256620975 0.9023767511050719
2.0969930026885812 0.8647235326595697
2.177646579715065 0.8214483366491552
2.2583001567415493 0.7728325156355416
2.338953733768033 0.7191921441150457
2.419607310794517 0.6608759635684669
2.5002608878210006 0.5982631151274171
2.580914464847485 0.5317606745981117
2.6615680418739687 0.4618010058685997
2.7422216189004525 0.3888389499061854
2.8228751959269363 0.31334886762070663
2.90352877295342 0.23582155581941242
2.9841823499799043 0.15676105630428064
3.064835927006388 0.07668137885734946
3.145489504032872 -0.0038968405805191557
3.2261430810593557 -0.08444972481067077
3.30679665808584 -0.1644535613506456
3.3874502351123237 -0.24338820733726513
3.468103812138807 -0.32074047122193555
3.5487573891652917 -0.3960074492721588
3.629410966191775 -0.4686997951870684
3.7100645432182593 -0.53834490156969
3.790718120244743 -0.6044899725716373
3.8713716972712273 -0.6667049677335531
3.952025274297711 -0.7245853978819717
4.032678851324195 -0.7777549549051654
4.113332428350679 -0.825867958310548
4.1939860053771625 -0.8686116026574093
4.274639582403647 -0.9057079912533569
4.35529315943013 -0.9369159428924335
4.435946736456614 -0.9620325598884604
4.5166003134830985 -0.9808945472090652
4.597253890509582 -0.9933792741340919
4.677907467536066 -0.9994055715360384
4.7585610445625495 -0.9989342595990287
4.839214621589034 -0.9919684025453671
4.919868198615518 -0.9785532887135769
5.000521775642001 -0.9587761361174448
5.0811753526684855 -0.9327655254003715
5.16182892969497 -0.9006905638716624
5.242482506721453 -0.8627597860597529
5.323136083747937 -0.8192197979303921
5.403789660774421 -0.7703536735843715
5.484443237800905 -0.716479114858614
5.565096814827389 -0.6579463857959459
5.6457503918538725 -0.595136035412527
5.726403968880357 -0.5284564235683149
5.80705754590684 -0.45834106602605673
5.887711122933324 -0.385245815959824
5.968364699959809 -0.3096459002374581
6.049018276986292 -0.23203282974544318
6.129671854012776 -0.15291120384365398
6.2103254310392595 -0.072795429725743
6.290979008065744 0.007793621985861215
6.371632585092228 0.08833200366675728
6.452286162118711 0.16829609712243104
6.532939739145195 0.24716601787833498
6.61359331617168 0.3244289951952816
6.694246893198163 0.39958270583506655
6.774900470224647 0.4721385399019522
6.855554047251131 0.5416247775271912
6.936207624277614 0.6075896557434949
7.016861201304099 0.6696043056102178
7.097514778330583 0.7272655404936201
7.178168355357067 0.7801984773742905
7.25882193238355 0.8280589741393479
7.3394755094100335 0.8705358670134395
7.420129086436519 0.9073529935819378
7.500782663463003 0.9382709882536954
7.581436240489486 0.9630888384902173
7.6620898175159695 0.9816451916834512
7.742743394542455 0.9938194041855738
7.823396971568938 0.9995323256705294
7.904050548595422 0.998746813727819
7.984704125621906 0.991467975342915
8.06535770264839 0.977743133694328
8.146011279674875 0.9576615204831924
8.226664856701358 0.9313536957956825
8.307318433727842 0.8989906992700044
8.387972010754325 0.8607829380866371
8.468625587780808 0.8169788190115187
8.549279164807293 0.7678631333859146
8.629932741833777 0.713755205562922
8.71058631886026 0.6550068168284836
8.791239895886745 0.591999918304506
8.871893472913229 0.5251441477035764
8.952547049939714 0.45487416608001463
9.033200626966197 0.38164683189234083
9.11385420399268 0.3059382307498757
9.194507781019164 0.2282405801545354
9.275161358045647 0.1490590293615391
9.355814935072132 0.06890837516465796
9.436468512098616 -0.011690285041747682
9.517122089125099 -0.09221294116389996
9.597775666151584 -0.17213607724659863
9.678429243178067 -0.25094007509858735
9.759082820204553 -0.32811259257672615
9.839736397231036 -0.40315189456510075
9.92038997425752 -0.47557011499284524
10.001043551284003 -0.5448964286827109
10.081697128310486 -0.6106801124087161
10.162350705336971 -0.6724934752614828
10.243004282363454 -0.7299346392695587
10.32365785938994 -0.7826301521986089
10.404311436416423 -0.8302374155413975
10.484965013442906 -0.8724469119130842
10.565618590469391 -0.9089842173704492
10.646272167495875 -0.9396117855720241
10.726925744522358 -0.9641304921794588
10.807579321548841 -0.9823809294592278
10.888232898575325 -0.994244442667865
10.96888647560181 -0.9996439014826941
11.049540052628293 -0.9985442014626152
11.130193629654778 -0.9909524922787168
11.210847206681262 -0.9769181312308751
11.291500783707745 -0.9565323623525515
11.37215436073423 -0.9299277231900808
11.452807937760713 -0.8972771831132628
11.533461514787197 -0.8587930187594975
11.61411509181368 -0.8147254339227489
11.694768668840164 -0.7653609328600827
11.775422245866649 -0.7110204575916876
11.856075822893134 -0.6520573013046784
11.936729399919617 -0.588854811426624
12.0173829769461 -0.5218238973022105
12.098036553972584 -0.45140035867682465
12.178690130999069 -0.37804205235583715
12.259343708025552 -0.30222591546049277
12.339997285052036 -0.22444486463360763
12.420650862078519 -0.14520459135483774
12.501304439105002 -0.0650202742006706
12.581958016131487 0.015586770575697248
12.662611593157973 0.09609247836842073
12.743265170184456 0.17597344341141927
12.82391874721094 0.2547103216873599
12.904572324237423 0.33179120742927787
12.985225901263908 0.4067149612626145
13.06587947829039 0.4789944683498231
13.146533055316874 0.5481598053548382
13.22718663234336 0.6137612956374061
13.307840209369843 0.6753724328140818
13.388493786396326 0.7325926536783921
13.46914736342281 0.7850499424521046
13.549800940449295 0.8324032494361389
13.63045451747578 0.8743447083363155
13.711108094502261 0.9106016378480648
13.791761671528747 0.9409383144868437
13.872415248555228 0.9651575051382312
13.953068825581713 0.9831017493639046
14.033722402608198 0.994654383126577
14.114375979634682 0.9997402972782067
14.195029556661167 0.9983264258801704
14.275683133687648 0.9904219611806021
14.356336710714134 0.9760782938512307
14.436990287740619 0.9553886788722651
14.5176438647671 0.9284876292375657
14.598297441793585 0.8955500414219072
14.678951018820067 0.856790058296104
14.759604595846552 0.8124596768826916
14.840258172873037 0.7628471100038481
14.92091174989952 0.7082749124732188
15.001565326926006 0.6490978840141782
15.082218903952487 0.5857007625386637
15.162872480978972 0.5184957227836274
15.243526058005457 0.44791969656771935
15.324179635031939 0.37443153209042007
15.404833212058424 0.2985090107423917
15.48548678908491 0.22064574082220828
15.56614036611139 0.14134794835482678
15.646793943137876 0.061131185876236976
15.72744752016436 -0.01948301941792435
15.808101097190844 -0.0999705563678972
15.88875467421733 -0.17980813734486267
15.969408251243811 -0.2584767003918599
16.050061828270294 -0.33546478389161416
16.13071540529678 -0.4102718518209296
16.211368982323265 -0.4824115479726338
16.29202255934975 -0.5514148579878171
16.37267613637623 -0.6168331586404879
16.453329713402717 -0.6782411345498242
16.533983290429198 -0.7352395433570434
16.614636867455683 -0.7874578113892401
16.69529044448217 -0.8345564429344668
16.77594402150865 -0.8762292274642876
16.856597598535135 -0.912205230453571
16.937251175561617 -0.9422505548542496
17.0179047525881 -0.9661698617709086
17.098558329614587 -0.9838076404515259
17.17921190664107 -0.9950492193365887
17.259865483667554 -0.999821511593256
17.340519060694035 -0.9980934902874995
17.42117263772052 -0.98987639010491
17.501826214747005 -0.9752236343086814
17.58247979177349 -0.9542304874096535
17.663133368799976 -0.927033435806572
17.743786945826457 -0.8938093004233167
17.824440522852942 -0.854774087112257
17.905094099879427 -0.8101815822978264
17.98574767690591 -0.7603217029906806
18.066401253932394 -0.7055186118997815
18.147054830958876 -0.6461286098969898
18.22770840798536 -0.5825378195361909
18.308361985011846 -0.5151596746875676
18.389015562038328 -0.44443223260803555
18.469669139064813 -0.3708153259233663
18.550322716091294 -0.29478757303834885
18.63097629311778 -0.2168432664116491
18.711629870144264 -0.13748915892626426
18.792283447170746 -0.05724116924882002
18.87293702419723 0.023378972402237685
18.953590601223713 0.10384711627206826
19.034244178250198 0.18364010081546794
19.114897755276683 0.26223915401802916
19.195551332303168 0.33913326617891826
19.276204909329653 0.41382251222715577
19.356858486356135 0.48582130197146456
19.43751206338262 0.5546615371522853
19.518165640409105 0.6198956547704217
19.598819217435587 0.6810995369062537
19.67947279446207 0.7378752681113714
19.760126371488553 0.7898537224455
19.84077994851504 0.836696963339222
19.921433525541524 0.8781004406797815
20.002087102568005 0.913794970835731
20.08274067959449 0.9435484867473168
20.163394256620972 0.9671675467044241
20.244047833647457 0.9844985920028352
20.324701410673942 0.9954289453021459
20.405354987700424 0.9998875431945682
20.48600856472691 0.9978453982218276
20.566662141753394 0.9893157873363687
20.64731571877988 0.9743541655815947
20.72796929580636 0.9530578055523456
20.808622872832846 0.9255651649796478
20.88927644985933 0.8920549865513812
20.969930026885812 0.8527451358213396
21.050583603912298 0.8078911847619913
21.131237180938783 0.7577847501699545
21.211890757965264 0.7027515977269727
21.29254433499175 0.6431495240427959
21.37319791201823 0.5793660304498426
21.453851489044716 0.511815803673341
21.5345050660712 0.44093801975638636
21.615158643097683 0.36719348876830693
21.695812220124168 0.29106165885996915
21.77646579715065 0.21303749914411338
21.857119374177135 0.13362828166650967
21.93777295120362 0.05335028338996511
22.0184265282301 -0.02727457036693691
22.099080105256586 -0.10772209921373631
22.17973368228307 -0.18746927563325497
22.260387259309557 -0.2659976254314152
22.34104083633604 -0.34279659858372885
22.421694413362523 -0.4173668885630039
22.50234799038901 -0.4892236785677624
22.58300156741549 -0.557899793546047
22.663655144441975 -0.6229487375219006
22.74430872146846 -0.6839475964773231
22.824962298494942 -0.7404997879167741
22.905615875521427 -0.792237639237963
22.98626945254791 -0.8388247781456962
23.066923029574394 -0.8799583195676276
23.14757660660088 -0.9153708348536658
23.22823018362736 -0.9448320904563969
23.308883760653845 -0.9681505447885107
23.389537337680327 -0.9851745935254407
23.470190914706812 -0.9957935552569479
23.550844491733297 -0.9999383910794254
23.631498068759782 -0.9975821534505384
23.712151645786268 -0.9887401613879692
23.79280522281275 -0.973469900873223
23.873458799839234 -0.951870651108011
23.95411237686572 -0.924082839053105
24.0347659538922 -0.890287126446103
24.115419530918686 -0.8507032352338332
24.196073107945168 -0.805588519055841
24.276726684971653 -0.7552362900663779
24.357380261998138 -0.6999739119730712
24.43803383902462 -0.6401606716902842
24.518687416051105 -0.5761854434445755
24.599340993077586 -0.5084641605190442
24.67999457010407 -0.43743711107388245
24.760648147130556 -0.36356607562436877
24.841301724157038 -0.28733132478684653
24.921955301183523 -0.20922849681178785
25.002608878210005 -0.12976537520461828
25.08326245523649 -0.04945858738443145
25.163916032262975 0.031169754155719903
25.24456960928946 0.11159544634963647
25.325223186315945 0.19129560365057463
25.405876763342427 0.2697520575580303
25.486530340368912 0.3464547254767863
25.567183917395397 0.42090492700562243
25.64783749442188 0.4926186260949893
25.728491071448364 0.5611295779948083
25.809144648474845 0.6259923605325707
25.88979822550133 0.6867852700140348
25.970451802527815 0.7431130629188099
26.0511053795543 0.7946095255658392
26.13175895658078 0.840939855042119
26.212412533607264 0.8818028359151486
26.29306611063375 0.9169327985772088
26.373719687660234 0.9461013464894253
26.45437326468672 0.9691188410959247
26.5350268417132 0.9858356347539733
26.615680418739686 0.9961430436642387
26.69633399576617 0.999974054475681
26.776987572792653 0.9973037599711155
26.857641149819138 0.9881495210008362
26.93829472684562 0.9725708536115004
27.018948303872104 0.9506690421040956
27.09960188089859 0.9225864805366942
27.180255457925075 0.8885057469531845
27.26090903495156 0.848648416356866
27.341562611978038 0.8032736201463309
27.422216189004523 0.7526763613793963
27.502869766031008 0.6971855968184187
27.583523343057493 0.6371620982264402
27.664176920083978 0.5729961068189553
27.744830497110456 0.5051047961208002
27.82548407413694 0.4339295597233039
27.906137651163426 0.35993314157536566
27.98679122818991 0.28359662746567943
28.067444805216397 0.20541631725599202
28.14809838224288 0.1259004982004597
28.228751959269363 0.04556614032926649
28.30940553629585 -0.035064464618565105
28.390059113322334 -0.11546709886134957
28.47071269034882 -0.19511902676301307
28.551366267375297 -0.2735023933852335
28.632019844401782 -0.3501075913078854
28.712673421428267 -0.42443657382839045
28.793326998454752 -0.49600609299943327
28.873980575481237 -0.5643508414529195
28.954634152507715 -0.6290264775837257
29.0352877295342 -0.689612514425115
29.115941306560686 -0.7457150534337845
29.19659488358717 -0.7969693454110265
29.277248460613656 -0.8430421619101544
29.357902037640134 -0.8836339617125815
29.43855561466662 -0.9184808382872799
29.519209191693104 -0.9473562355722084
29.59986276871959 -0.970072420922675
29.680516345746074 -0.9864817056502407
29.761169922772556 -0.9964774052168878
29.84182349979904 -0.9999945328417711
29.922477076825526 -0.9970102220110816
30.00313065385201 -0.9875438751440936
30.083784230878496 -0.971657037448839
30.164437807904974 -0.9494529967875408
30.24509138493146 -0.9210761121532529
30.325744961957945 -0.8867108751236322
30.40639853898443 -0.8465807103937364
30.487052116010915 -0.8009465231861788
30.567705693037393 -0.7501050029826125
30.648359270063878 -0.6943866946047608
30.729012847090363 -0.6341538491858791
30.80966642411685 -0.5697980690044143
30.890320001143333 -0.501737761491976
30.97097357816982 -0.43041541896829927
31.051627155196297 -0.3562947417889388
31.13228073222278 -0.2798576236094375
31.212934309249267 -0.2016010183662929
31.293587886275752 -0.1220337093438341
31.374241463302237 -0.04167300133293333
31.45489504032872 0.0389586426126386
31.535548617355204 0.11933699795618649
31.61620219438169 0.1989394869102651
31.696855771408174 0.2772485759625915
31.77750934843466 0.35375514060671576
31.858162925461137 0.4279617754017561
31.938816502487622 0.4993860278409664
32.01947007951411 0.5675635350041255
32.10012365654059 0.6320510426010139
32.18077723356708 0.6924292867776631
32.26143081059356 0.7483057199493732
32.34208438762004 0.7993170629386619
32.42273796464653 0.845131666825375
32.50339154167301 0.8854516691535075
32.5840451186995 0.9200149304762436
32.664698695725974 0.9485967386487245
32.74535227275246 0.9710112697882494
32.826005849778944 0.987112796403382
32.90665942680543 0.9967966348374742
32.987313003831915 0.999999825866723
33.067966580858396 0.9967015440279356
33.14862015788488 0.9869232330147321
33.22927373491137 0.9707284662619283
33.30992731193785 0.9482225336245094
33.39058088896434 0.9195517568383628
33.47123446599082 0.884902538213333
33.5518880430173 0.8445001487434344
33.63254162004378 0.7986072635133495
33.71319519707027 0.7475222539231897
33.79384877409675 0.691577247834612
33.87450235112323 0.631135970250136
33.95515592814972 0.5665913785645076
34.0358095051762 0.49836310776243303
34.11646308220269 0.4268947421725961
34.197116659229174 0.35265093151572546
34.277770236255655 0.27611436999647343
34.35842381328214 0.19778265807961895
34.439077390308626 0.1181650673535704
34.51973096733511 0.03777922951440248
34.600384544361596 -0.042852229003206455
34.68103812138807 -0.12320508486808802
34.76169169841456 -0.20275692607702636
34.84234527544104 -0.28099054840271565
34.92299885246753 -0.3573973179836808
35.00365242949401 -0.4314804781940416
35.08430600652049 -0.5027583792938476
35.16495958354698 -0.5707676098623182
35.24561316057346 -0.6350660096551298
35.32626673759995 -0.6952355442977888
35.40692031462643 -0.7508850231252037
35.487573891652914 -0.801652642497661
35.568227468679396 -0.8472083380577609
35.648881045705885 -0.8872559306352632
35.729534622732366 -0.9215350518482496
35.810188199758855 -0.9498228368814114
35.89084177678533 -0.9719353734358268
35.97149535381182 -0.9877288974300173
36.0521489308383 -0.9971007276783591
36.13280250786479 -0.99998993347016
36.21345608489127 -0.9963777307090832
36.29410966191775 -0.9862876040374635
36.37476323894423 -0.9697851541515149
36.45541681597072 -0.9469776713001076
36.5360703929972 -0.9180134377400129
36.61672397002369 -0.8830807636826514
36.69737754705017 -0.8424067630001691
36.778031124076655 -0.796255876650483
36.858684701103144 -0.7449281534212749
36.939338278129625 -0.6887572991706161
37.019991855156114 -0.6281085072469742
37.10064543218259 -0.5633760841941982
37.18129900920908 -0.4949808861777103
37.26195258623556 -0.42336758279916814
37.34260616326205 -0.3490017660885403
37.42325974028853 -0.2723669234696845
37.50391331731501 -0.19396129437938725
37.58456689434149 -0.11429463097664515
37.66522047136798 -0.03388488400224351
37.74587404839446 0.04674516466449008
37.82652762542095 0.12707130085853136
37.907181202447426 0.20657128629386046
37.987834779473914 0.2847282538821844
38.068488356500396 0.36103406813077565
38.149141933526884 0.4349926287722493
38.229795510553366 0.5061230961474926
38.31044908757985 0.573963017372253
38.391102664606336 0.63807133296252
38.47175624163282 0.6980312443712785
38.55240981865931 0.7534529237934631
38.63306339568579 0.8039760486212553
38.71371697271227 0.8492721440721857
38.79437054973875 0.8890467187593711
38.87502412676524 0.9230411793196185
38.95567770379172 0.9510345116514397
39.03633128081821 0.9728447178325066
39.116984857844685 0.9883299993743898
39.19763843487117 0.9973896791217652
39.278292011897655 0.9999648558023023
39.35894558892414 0.996038786971767
39.439599165950625 0.9856369978645846
39.52025274297711 0.9688271154421906
39.600906320003595 0.9457184287180976
39.68155989703008 0.9164611782182243
39.76221347405656 0.8812455791960097
39.84286705108305 0.8403005849528932
39.92352062810953 0.7938923983043902
40.00417420513601 0.7423227408693871
40.0848277821625 0.6859268914348895
40.16548135918898 0.6250715061497227
40.24613493621547 0.5601522347190773
