0.0 0.0
0.12488186266469162 0.12455751692698758
0.24976372532938323 0.24717502288760473
0.3746455879940749 0.36594272301678504
0.49952745065876647 0.4790107840295869
0.6244093133234581 0.5846181457850985
0.7492911759881498 0.6811199501889247
0.8741730386528413 0.7670131602230126
0.9990549013175329 0.8409599700807442
1.1239367639822246 0.9018086417892421
1.2488186266469161 0.9486114437838771
1.3737004893116078 0.9806394120376953
1.4985823519762995 0.9973937038379009
1.623464214640991 0.9986133673718048
1.7483460773056827 0.984279406109214
1.8732279399703742 0.9546150746776052
1.9981098026350659 0.9100824016217598
2.122991665299758 0.8513749932066514
2.2478735279644493 0.7794072303459532
2.3727553906291408 0.6953000269163979
2.4976372532938322 0.6003633712754106
2.622519115958524 0.4960759229017439
2.7474009786232156 0.3840619819459732
2.8722828412879076 0.26606619039520424
2.997164703952599 0.1439263588869784
3.12204656661729 0.019544842400766753
3.246928429281982 -0.10514108934298257
3.371810291946674 -0.22818942528863095
3.4966921546113654 -0.34768366029849035
3.6215740172760573 -0.46176264514563
3.7464558799407484 -0.5686495743260856
3.8713377426054403 -0.6666796601988745
3.9962196052701318 -0.7543260624229269
4.121101467934824 -0.83022366883422
4.245983330599516 -0.8931903573706588
4.370865193264207 -0.9422454078855145
4.495747055928899 -0.9766247770813411
4.62062891859359 -0.9957929986538775
4.7455107812582815 -0.9994515232985616
4.870392643922973 -0.9875433686821986
4.9952745065876645 -0.9602540069554463
5.120156369252356 -0.918008475982909
5.245038231917048 -0.8614647592840796
5.369920094581739 -0.791503537794011
5.494801957246431 -0.7092144730623215
5.619683819911122 -0.6158792355327595
5.744565682575815 -0.5129515422416239
5.869447545240506 -0.40203451485234226
5.994329407905198 -0.2848557106798076
6.119211270569889 -0.1632402156018505
6.24409313323458 -0.03908221794168562
6.368974995899273 0.08568449393555548
6.493856858563964 0.20911665080572675
6.618738721228656 0.329291769435071
6.743620583893348 0.4443380956831892
6.868502446558039 0.5524637574891371
6.993384309222731 0.6519846736764059
7.118266171887422 0.7413507838909514
7.243148034552115 0.8191701911351843
7.368029897216806 0.8842308408725723
7.492911759881497 0.9355193990460184
7.617793622546189 0.9722370349806617
7.742675485210881 0.9938118633489051
7.8675573478755725 0.9999078514112997
7.9924392105402635 0.9904300528010289
8.117321073204955 0.9655260863346411
8.242202935869647 0.9255838368162242
8.367084798534338 0.8712254136455087
8.491966661199031 0.8032974613259111
8.616848523863721 0.7228579727885271
8.741730386528413 0.63115981091744
8.866612249193105 0.5296311949322917
8.991494111857797 0.4198534555570007
9.116375974522489 0.30353640544282784
9.24125783718718 0.1824917084569153
9.366139699851871 0.058604662615527214
9.491021562516563 -0.06619516385090503
9.615903425181255 -0.18996398595116384
9.740785287845947 -0.3107740768158223
9.865667150510637 -0.4267437924710107
9.990549013175329 -0.5360668788608666
10.11543087584002 -0.6370406046552664
10.240312738504713 -0.7280922816681469
10.365194601169405 -0.8078037598249933
10.490076463834097 -0.8749335151649472
10.614958326498787 -0.9284359868519998
10.739840189163479 -0.9674778620170333
10.864722051828172 -0.9914510547906713
10.989603914492863 -0.9999821773756353
11.114485777157554 -0.992938355644546
11.239367639822245 -0.9704292986839416
11.364249502486937 -0.9328055900509084
11.48913136515163 -0.8806532273563843
11.61401322781632 -0.8147844952223331
11.738895090481012 -0.7362253137684984
11.863776953145702 -0.646199259678888
11.988658815810396 -0.5461085087233897
12.113540678475088 -0.4375119965590159
12.238422541139778 -0.322101137961095
12.36330440380447 -0.2016734826628079
12.48818626646916 -0.0781047181192146
12.613068129133854 0.04668054474110258
12.737949991798546 0.1707387477583178
12.862831854463236 0.29213765689100685
12.987713717127928 0.40898645719011734
13.11259557979262 0.5194652026613773
13.237477442457312 0.6218531623280228
13.362359305122004 0.7145556209976014
13.487241167786696 0.7961287173049746
13.612123030451386 0.8653019321734818
13.737004893116078 0.9209978774315009
13.861886755780771 0.9623490763722962
13.986768618445462 0.9887114748962269
14.111650481110154 0.9996744727962736
14.236532343774844 0.9950673189473725
14.361414206439536 0.9749617707930814
14.48629606910423 0.9396709767074726
14.61117793176892 0.8897445986397188
14.736059794433611 0.8259602510072555
14.860941657098302 0.7493113891786775
14.985823519762993 0.6609918361859113
15.110705382427687 0.5623771886655795
15.235587245092377 0.4550033916361341
15.36046910775707 0.3405428158133426
15.485350970421761 0.2207782100652933
15.610232833086451 0.09757493470316396
15.735114695751145 -0.027148091919569056
15.859996558415837 -0.15144828098629098
15.984878421080527 -0.273389629469158
16.109760283745217 -0.39107287380586586
16.23464214640991 -0.5026650713510926
16.359524009074605 -0.6064281488649355
16.484405871739295 -0.7007459733893207
16.609287734403985 -0.7841495238774624
16.734169597068675 -0.8553397715226444
16.85905145973337 -0.9132079124201528
16.983933322398062 -0.956852637434139
17.108815185062753 -0.9855941702874228
17.233697047727443 -0.9989848552278575
17.358578910392133 -0.996816129366004
17.483460773056827 -0.9791217710884161
17.60834263572152 -0.9461773739517759
17.73322449838621 -0.8984960542520932
17.8581063610509 -0.8368204591245265
17.982988223715594 -0.7621111996494553
18.107870086380284 -0.6755318891217443
18.232751949044978 -0.578431019515446
18.35763381170967 -0.4723209584220836
18.48251567437436 -0.35885439358978977
18.607397537039052 -0.23979859194489234
18.732279399703742 -0.11700787401737867
18.857161262368436 0.007605267512870288
18.982043125033126 0.13209995531393776
19.106924987697816 0.25453715699703533
19.23180685036251 0.37300988597623314
19.3566887130272 0.4856729032077002
19.481570575691894 0.5907714571973075
19.606452438356584 0.686668614644516
19.731334301021274 0.7718707560418012
19.856216163685968 0.8450508391299181
19.981098026350658 0.9050690678755645
20.10597988901535 0.9509906450475424
20.23086175168004 0.9821003318910584
20.355743614344732 0.9979135881300571
20.480625477009426 0.9981841187895377
20.605507339674116 0.9829077102944461
20.73038920233881 0.9523222960970401
20.8552710650035 0.9069042508105754
20.980152927668193 0.8473609705689855
21.105034790332883 0.7746198551751303
21.229916652997574 0.6898138636430579
21.354798515662267 0.5942638681099531
21.479680378326957 0.48945808095949894
21.60456224099165 0.3770288755837357
21.729444103656345 0.2587273618052645
21.85432596632103 0.13639611195317153
21.979207828985725 0.011940462390096728
22.104089691650415 -0.11270116252437708
22.22897155431511 -0.23558744182331717
22.353853416979803 -0.35480439443726636
22.47873527964449 -0.468495189874134
22.603617142309183 -0.5748890687661771
22.728499004973873 -0.6723289228400552
22.853380867638567 -0.7592971047459504
22.97826273030326 -0.8344390657517937
23.103144592967947 -0.89658445314036
23.22802645563264 -0.9447653387125591
23.35290831829733 -0.9782312944839052
23.477790180962025 -0.9964610807669187
23.60267204362672 -0.9991707645949165
23.727553906291405 -0.9863181420409796
23.8524357689561 -0.9581033955534761
23.977317631620792 -0.9149659760700097
24.102199494285482 -0.8575777584715492
24.227081356950176 -0.7868325769820563
24.351963219614863 -0.7038323035021148
24.476845082279556 -0.6098696857095386
24.60172694494425 -0.5064082122274501
24.72660880760894 -0.3950593184642011
24.851490670273634 -0.2775572881492895
24.97637253293832 -0.15573224147944814
25.101254395603014 -0.031481630590423346
25.226136258267708 0.09325931368105356
25.351018120932398 0.2165477234470143
25.475899983597092 0.3364633543667527
25.600781846261782 0.4511384938785231
25.725663708926472 0.5587870512371732
25.850545571591166 0.6577323762738352
25.975427434255856 0.7464333735943591
26.10030929692055 0.8235085054820769
26.22519115958524 0.887757309654292
26.350073022249934 0.9381790967287419
26.474954884914624 0.9739885361827724
26.599836747579314 0.9946278880505095
26.724718610244008 0.9997756898465886
26.849600472908698 0.9893517634157004
26.97448233557339 0.9635184637251515
27.099364198238085 0.9226781501502223
27.22424606090277 0.8674669196376129
27.349127923567465 0.7987446993543307
27.474009786232156 0.717581853131261
27.59889164889685 0.6252425103089583
27.723773511561543 0.5231648766426642
27.84865537422623 0.4129388339285183
27.973537236890923 0.2962811772417535
28.098419099555613 0.1750088754724711
28.223300962220307 0.05101077163193994
28.348182824885 -0.07378183629642553
28.473064687549687 -0.197425275751733
28.59794655021438 -0.3179937727270879
28.72282841287907 -0.4336094461270492
28.847710275543765 -0.5424715561824475
28.97259213820846 -0.6428845513718606
29.097474000873145 -0.7332844770128235
29.22235586353784 -0.8122633342030776
29.34723772620253 -0.878591009715886
29.472119588867223 -0.9312344352865394
29.597001451531916 -0.9693736778798082
29.721883314196603 -0.9924147103289217
29.846765176861297 -0.9999986634405125
29.971647039525987 -0.9920074154619308
30.09652890219068 -0.9685654318537599
30.221410764855374 -0.9300378267126459
30.34629262752006 -0.8770246760382254
30.471174490184755 -0.8103516714162559
30.596056352849445 -0.7310572596889616
30.72093821551414 -0.640376468915006
30.845820078178832 -0.5397216725334326
30.970701940843522 -0.4306605913339302
31.095583803508212 -0.3148918758576372
31.220465666172903 -0.1942186495380296
31.345347528837596 -0.07052042465331146
31.47022939150229 0.054276171494384906
31.59511125416698 0.17822740422676953
31.719993116831674 0.29940270558834886
31.84487497949636 0.4159147433707122
31.969756842161054 0.5259488167305311
32.09463870482575 0.6277911205578462
32.219520567490434 0.7198554383709832
32.34440243015513 0.8007078479902608
32.46928429281982 0.8690890551941067
32.594166155484515 0.9239340075060263
32.71904801814921 0.9643884826232615
32.843929880813896 0.9898223931187137
32.96881174347859 0.9998396001924464
33.093693606143276 0.9942840836213932
33.21857546880797 0.9732423718089576
33.34345733147266 0.9370421940859293
33.46833919413735 0.8862473762534345
33.593221056802044 0.8216490588709537
33.71810291946674 0.7442533750665652
33.84298478213143 0.6552657797901958
33.967866644796125 0.5560722745852796
34.09274850746081 0.4482178203071606
34.217630370125505 0.33338227401490794
34.34251223279019 0.21335422482489194
34.467394095454885 0.0900031362383438
34.59227595811958 -0.034749771167477
34.717157820784266 -0.15896144317612654
34.84203968344896 -0.2806972554325971
34.96692154611365 -0.39806114564691153
35.09180340877835 -0.509225145185068
35.21668527144304 -0.6124578500861475
35.34156713410773 -0.7061513880632113
35.46644899677242 -0.7888464614709895
35.59133085943711 -0.8592550761904992
35.7162127221018 -0.9162806024233007
35.841094584766495 -0.9590348549439283
35.96597644743119 -0.9868519267818889
36.090858310095875 -0.9992985608704926
36.21574017276057 -0.9961808981218107
36.34062203542526 -0.977547496824985
36.465503898089956 -0.9436885763401032
36.59038576075464 -0.8951314968672646
36.71526762341934 -0.8326325456944278
36.84014948608402 -0.7571651578550954
36.96503134874872 -0.669904754661627
37.08991321141341 -0.5722104362574926
37.214795074078104 -0.4656038133309271
37.3396769367428 -0.3517453076908085
37.464558799407484 -0.23240829082853154
37.58944066207218 -0.10945146326347793
37.71432252473687 0.01521009512999218
37.83920438740156 0.1396347529165732
37.96408625006625 0.26188456844050306
38.08896811273094 0.3800554736968462
38.21384997539563 0.4923069306132521
38.338731838060326 0.5968905978388138
38.46361370072502 0.6921775615486052
38.58849556338971 0.7766837061379657
38.7133774260544 0.8490928296523746
38.838259288719094 0.9082771439249843
38.96314115138379 0.9533148401275577
39.088023014048474 0.9835044461475416
39.21290487671317 0.9983757521718816
39.337786739377854 0.997697134309194
39.46266860204255 0.9814791621832808
39.58755046470724 0.9499744343088903
39.712432327371936 0.9036736438137978
39.83731419003663 0.8432979357844517
39.962196052701316 0.7697876752712288
40.08707791536601 0.6842878008940841
40.2119597780307 0.5881299921694987
40.3368416406954 0.4828119283064856
40.46172350336008 0.369973961520574
40.58660536602478 0.25137356818401946
40.711487228689464 0.12885797574135513
40.83636909135416 0.004335391731976087
40.96125095401885 -0.12025471696568392
41.08613281668354 -0.24297183176118692
41.21101467934823 -0.36190460635977306
41.335896542012925 -0.47520063640500154
41.46077840467762 -0.5810953110876923
41.58566026734231 -0.6779392973508522
41.710542130007 -0.7642242286180326
41.83542399267169 -0.8386061979374934
41.96030585533639 -0.8999266896311707
42.08518771800108 -0.9472306234334655
42.21006958066577 -0.9797812300783136
42.33495144333045 -0.9970715266440048
42.45983330599515 -0.9988322129246834
42.58471516865984 -0.9850358658408173
42.709597031324535 -0.9558973665597489
42.83447889398923 -0.9118705536738291
42.959360756653915 -0.8536411545636345
43.08424261931861 -0.7821161050418335
43.2091244819833 -0.6984094236266675
43.334006344647996 -0.6038248604563085
43.45888820731269 -0.49983559109114767
43.58377006997737 -0.38806127147754715
43.70865193264206 -0.27024281144701023
43.83353379530676 -0.14821525965931096
43.95841565797145 -0.023879222312357458
44.083297520636144 0.10082873922108675
44.20817938330083 0.2239662707665139
44.333061245965524 0.3436154779449906
44.45794310863022 0.4579127978036624
44.58282497129491 0.5650780242223115
44.707706833959605 0.6634420350187122
44.832588696624285 0.7514727888970012
44.95747055928898 0.8277991873308697
45.08235242195367 0.8912324297273083
45.207234284618366 0.9407845292596876
45.33211614728306 0.9756837009818141
45.456998009947746 0.9953863825497311
45.58187987261244 0.9995857003258499
45.706761735277134 0.9882162490039466
45.83164359794183 0.9614551103113246
45.95652546060652 0.919719094921616
46.0814073232712 0.8636582505360526
46.206289185935894 0.7941457372462422
46.33117104860059 0.7122642278720188
46.45605291126528 0.6192890450919978
46.580934773929975 0.5166682980098574
46.70581663659466 0.4060003275337098
46.830698499259356 0.28900881186174826
46.95558036192405 0.16751591981185082
47.08046222458874 0.04341393013786434
47.20534408725344 -0.081364241131891
47.330225949918116 -0.20487514629067738
47.45510781258281 -0.325195075582693
47.579989675247504 -0.4404500194093199
47.7048715379122 -0.5488448564445353
47.82975340057689 -0.6486913130479011
47.954635263241585 -0.7384342585011539
48.07951712590627 -0.816675926514233
48.204398988570965 -0.8821976857454399
48.32928085123566 -0.9339790202549815
48.45416271390035 -0.9712134242672112
48.579044576565046 -0.9933209636770495
48.703926439229726 -0.9999573086523619
48.82880830189442 -0.9910190966475055
48.95369016455911 -0.9666455422979098
49.07857202722381 -0.927216269121241
49.2034538898885 -0.873345396796873
49.32833575255319 -0.8058719761156059
49.45321761521788 -0.7258469205773933
49.578099477882574 -0.6345166381803969
49.70298134054727 -0.5333036183398141
49.82786320321196 -0.42378427629957804
49.95274506587664 -0.30766440011512974
50.077626928541335 -0.18675258262587346
50.20250879120603 -0.06293205222044225
50.32739065387072 0.0618686588634094
50.452272516535416 0.18570575185635124
50.5771543792001 0.3066504365546462
50.702036241864796 0.4228189726556135
50.82691810452949 0.5324020094308177
50.951799967194184 0.6336927667652003
51.07668182985888 0.725113618636111
51.201563692523564 0.8052406649886944
51.32644555518826 0.8728259092952347
51.451327417852944 0.9268166963779855
51.57620928051764 0.9663721077471846
51.70109114318233 0.9908760590931156
51.82597300584702 0.9999468959359576
51.95085486851171 0.993443337978999
52.075736731176406 0.9714666795806057
52.2006185938411 0.9343592120721156
52.32550045650579 0.8826988924943945
52.45038231917048 0.8172903417886757
52.57526418183517 0.7391523126468337
52.70014604449987 0.6495018222121617
52.825027907164554 0.5497351967672913
52.94990976982925 0.4414063236424659
53.074791632493934 0.32620244907559354
53.19967349515863 0.20591789897763052
53.32455535782332 0.08242613190838874
53.449437220488015 -0.04234944045629345
53.57431908315271 -0.16646541088821534
53.699200945817395 -0.28798864560564275
53.82408280848209 -0.40502639326096246
53.94896467114678 -0.5157557649628955
54.073846533811476 -0.6184521261755193
54.19872839647617 -0.7115159582838663
54.32361025914085 -0.7934977714512889
54.44849212180554 -0.8631206807453534
54.57337398447024 -0.9193002939039573
54.69825584713493 -0.9611616009854843
54.823137709799624 -0.9880526028428065
54.94801957246431 -0.999554466154684
55.072901435129005 -0.9954880468476873
55.1977832977937 -0.9759166803048903
55.32266516045839 -0.9411451949032277
55.447547023123086 -0.8917151642438796
55.572428885787765 -0.8283964720232624
55.69731074845246 -0.752175320923583
55.82219261111715 -0.6642388722872613
55.947074473781846 -0.5659567558155555
56.07195633644654 -0.45885973728203966
56.19683819911123 -0.34461587651599906
56.32172006177592 -0.22500454700040806
56.446601924440614 -0.10188872173511543
56.57148378710531 0.02281404298106126
56.69636564977 0.14716147391520334
56.82124751243468 0.26921683223688486
56.946129375099375 0.3870790786552881
57.07101123776407 0.49891248252792975
57.19589310042876 0.6029752137728354
57.320774963093456 0.6976464722585771
57.44565682575814 0.781451732125984
57.570538688422836 0.8530857078556247
57.69542055108753 0.9114326843793966
57.82030241375222 0.9555838945903175
57.94518427641692 0.9848516735918724
58.0700661390816 0.9987801692313755
58.19494800174629 0.9971524420984084
58.319829864410984 0.9799938444042692
58.44471172707568 0.9475716251156638
58.56959358974037 0.9003907674927422
58.69447545240506 0.8391861238627657
58.81935731506975 0.7649109701320266
58.944239177734445 0.6787221583020894
59.06912104039914 0.5819620982431388
59.19400290306383 0.476137849362365
59.31888476572851 0.3628976478192813
59.443766628393206 0.2440052348817323
59.5686484910579 0.12131238626433716
59.69353035372259 -0.0032699296892392533
59.81841221638729 -0.12780131576228423
59.943294079051974 -0.25034216798226916
60.06817594171667 -0.36898388538316185
60.19305780438136 -0.4818785968889633
60.317939667046055 -0.5872679423158006
60.44282152971075 -0.6835104592219768
60.567703392375435 -0.7691071490497489
60.69258525504012 -0.8427248243605173
60.817467117704815 -0.9032168735250147
60.94234898036951 -0.9496411194538668
61.0672308430342 -0.981274494214849
61.19211270569889 -0.9976243009763791
61.31699456836358 -0.9984358878700053
61.44187643102828 -0.9836966142497607
61.56675829369297 -0.9536360475730346
61.691640156357664 -0.9087223878364782
61.81652201902235 -0.8496551752571653
61.941403881687044 -0.7773543947784622
62.06628574435174 -0.692946147100405
62.191167607016425 -0.5977451094113984
62.31604946968112 -0.4932340589992509
