0.0 0.0
0.07019397727956951 0.07013634824970402
0.14038795455913902 0.13992726294363397
0.21058193183870855 0.2090290118455802
0.28077590911827804 0.277101256979171
0.35096988639784754 0.3438087308508336
0.4211638636774171 0.4088228876997572
0.4913578409569866 0.4718235216421678
0.5615518182365561 0.5325003437402771
0.6317457955161256 0.59055451022857
0.7019397727956951 0.6457000943706537
0.7721337500752646 0.6976654946975206
0.8423277273548342 0.7461947726914109
0.9125217046344036 0.7910489133269497
0.9827156819139732 0.8320070022611812
1.0529096591935425 0.868867313874632
1.1231036364731122 0.901448304804619
1.1932976137526818 0.9295895080774765
1.2634915910322513 0.9531523234359498
1.3336855683118207 0.9720206999692568
1.4038795455913902 0.9861017076837458
1.4740735228709598 0.9953259951990688
1.5442675001505293 0.9996481313156349
1.614461477430099 0.9990468287710681
1.6846554547096684 0.9935250490836289
1.7548494319892378 0.9831099879662285
1.8250434092688073 0.9678529413828737
1.895237386548377 0.947829052907238
1.9654313638279464 0.9231369436276613
2.035625341107516 0.8938982264213586
2.105819318387085 0.8602569069901226
2.176013295666655 0.8223786746075183
2.2462072729462244 0.7804500860707693
2.316401250225794 0.7346776468765013
2.3865952275053637 0.6852867941457204
2.4567892047849327 0.6325207863072921
2.5269831820645026 0.5766395050084137
2.597177159344072 0.5179181751528915
2.6673711366236414 0.4566460093712369
2.737565113903211 0.39312478359881187
2.8077590911827803 0.32766735077754
2.87795306846235 0.26059610000145805
2.9481470457419197 0.19224136869508326
3.0183410230214887 0.12293981564488514
3.0885350003010585 0.05303276289696555
3.158728977580628 -0.01713548531261067
3.228922954860198 -0.08721933831529154
3.299116932139767 -0.15687362110340533
3.3693109094193368 -0.2257552743763366
3.439504886698906 -0.2935250441664701
3.5096988639784756 -0.3598491527232274
3.579892841258045 -0.42440094242578774
3.6500868185376145 -0.4868624846279498
3.7202807958171844 -0.5469261455112948
3.790474773096754 -0.6042961012345541
3.860668750376323 -0.6586897949168142
3.9308627276558927 -0.7098393282786641
4.001056704935462 -0.7574927810872093
4.071250682215032 -0.8014154519064706
4.141444659494601 -0.8413910140422464
4.21163863677417 -0.8772225809882213
4.28183261405374 -0.9087336761258095
4.35202659133331 -0.9357691019017965
4.42222056861288 -0.958195704202934
4.492414545892449 -0.975903028162806
4.562608523172018 -0.988803862171009
4.632802500451588 -0.9968346674053045
4.7029964777311575 -0.9999558907712262
4.773190455010727 -0.9981521597078616
4.843384432290296 -0.9914323579003533
4.913578409569865 -0.9798295815262238
4.983772386849435 -0.9634009762510198
5.053966364129005 -0.9422274557760997
5.124160341408575 -0.9164133033247623
5.194354318688144 -0.8860856580294709
5.264548295967713 -0.8513938887497972
5.334742273247283 -0.8125088584051458
5.404936250526852 -0.7696220824455453
5.475130227806422 -0.722944785605175
5.545324205085992 -0.6727068615842903
5.615518182365561 -0.6191557407832806
5.68571215964513 -0.562555171665469
5.7559061369247 -0.5031839217506511
5.826100114204269 -0.4413344046372083
5.896294091483839 -0.3773112398149263
5.966488068763408 -0.31142975236172105
6.036682046042977 -0.2440144199134907
6.106876023322548 -0.17539727455605542
6.177070000602117 -0.10591626751013943
6.247263977881686 -0.035913604663580886
6.317457955161256 0.03426593885140795
6.387651932440825 0.10427671673495416
6.457845909720396 0.17377391388689692
6.528039886999965 0.24241524468034123
6.598233864279534 0.3098626387771437
6.668427841559104 0.3757839061823599
6.7386218188386735 0.4398543733369971
6.808815796118243 0.5017584821910335
6.879009773397812 0.561191344380986
6.949203750677381 0.6178602428574445
7.019397727956951 0.6714860735667907
7.089591705236521 0.7218047200865763
7.15978568251609 0.7685683544442463
7.22997965979566 0.8115466577124526
7.300173637075229 0.850527954369306
7.370367614354798 0.8853202548366652
7.440561591634369 0.9157522010617679
7.510755568913938 0.9416739104850552
7.580949546193508 0.9629577142375139
7.651143523473077 0.9794987859317695
7.721337500752646 0.9912156579500431
7.7915314780322165 0.9980506226861527
7.8617254553117855 0.9999700167653816
7.931919432591355 0.9969643868423779
8.002113409870924 0.9890485361605036
8.072307387150493 0.9762614516433189
8.142501364430064 0.958666111877291
8.212695341709633 0.9363491769314448
8.282889318989202 0.9094205615416441
8.353083296268771 0.8780128937616483
8.42327727354834 0.8422808617471795
8.49347125082791 0.8024004518901976
8.56366522810748 0.7585680820557121
8.63385920538705 0.7109996341900694
8.70405318266662 0.6599293910653145
8.774247159946189 0.6056088823963099
8.84444113722576 0.548305646013712
8.914635114505328 0.4883019101942302
8.984829091784897 0.425893203637904
9.055023069064466 0.36138689993852624
9.125217046344035 0.2951007037159238
9.195411023623606 0.2273610858661613
9.265605000903175 0.15850167563633838
9.335798978182746 0.08886161744325966
9.405992955462315 0.01878390052897331
9.476186932741884 -0.05138633032014079
9.546380910021455 -0.12130347467069146
9.616574887301024 -0.19062317858373617
9.686768864580593 -0.259004030617058
9.756962841860162 -0.326109243335123
9.82715681913973 -0.39160831204502
9.897350796419301 -0.4551786425888142
9.96754477369887 -0.5165071401751498
10.03773875097844 -0.5752917514248574
10.10793272825801 -0.6312429520356967
10.17812670553758 -0.6840851727392447
10.24832068281715 -0.733558156526861
10.318514660096719 -0.7794182404601238
10.388708637376288 -0.8214395557526419
10.458902614655857 -0.8594151402125983
10.529096591935426 -0.8931579575670766
10.599290569214997 -0.9225018186478148
10.669484546494566 -0.947302199901387
10.739678523774135 -0.9674369551925195
10.809872501053704 -0.982806917394773
10.880066478333275 -0.9933363868056664
10.950260455612844 -0.9989735039807058
11.020454432892414 -0.9996905051500534
11.090648410171983 -0.9954838589598591
11.160842387451552 -0.986374283864785
11.231036364731121 -0.9724066460860586
11.301230342010692 -0.9536497386376315
11.37142431929026 -0.9301959425087771
11.44161829656983 -0.9021607716718537
11.5118122738494 -0.869682304156167
11.582006251128968 -0.8329205019899683
11.652200228408539 -0.7920564233599978
11.722394205688108 -0.7472913308688441
11.792588182967679 -0.6988457002820627
11.862782160247248 -0.6469581346471903
11.932976137526817 -0.5918841891327655
12.003170114806387 -0.5338951123752544
12.073364092085955 -0.47327651053295605
12.143558069365525 -0.4103269406266246
12.213752046645096 -0.34535644009490724
12.283946023924663 -0.27868499980672445
12.354140001204234 -0.21064098805129572
12.424333978483803 -0.14155953326796436
12.494527955763372 -0.07178087348108228
12.564721933042943 -0.001648680569336243
12.634915910322512 0.06849163237724892
12.705109887602083 0.1382946122760899
12.77530386488165 0.20741646746776632
12.84549784216122 0.27551676094898475
12.915691819440791 0.3422600870832417
12.985885796720359 0.4073177235311748
13.05607977399993 0.4703692502645272
13.126273751279497 0.5311041276897719
13.196467728559067 0.5892232261089472
13.266661705838638 0.6444402989847501
13.336855683118207 0.6964833927538856
13.407049660397776 0.745096186245054
13.477243637677347 0.7900392531047201
13.547437614956916 0.8310912410130055
13.617631592236487 0.8680499618818714
13.687825569516054 0.900733387666155
13.758019546795625 0.9289805468829508
13.828213524075196 0.9526523174237888
13.898407501354763 0.9716321117549076
13.968601478634334 0.9858264511308759
14.038795455913903 0.9951654259934553
14.108989433193472 0.9996030402881811
14.179183410473042 0.9991174380028254
14.249377387752611 0.993711010812009
14.31957136503218 0.9834103862977942
14.38976534231175 0.9682662968042713
14.45995931959132 0.9483533295720541
14.53015329687089 0.9237695593833163
14.600347274150458 0.8946360655266531
14.670541251430029 0.8610963354607928
14.740735228709596 0.8233155581142398
14.810929205989167 0.7814798103014301
14.881123183268738 0.7357951402624874
14.951317160548307 0.6864865528402619
15.021511137827876 0.6337969012928495
15.091705115107445 0.5779856911996069
15.161899092387015 0.5193278023516209
15.232093069666586 0.45811213492155106
15.302287046946153 0.39464018658068195
15.372481024225724 0.3292245675711205
15.442675001505291 0.26218746104670954
15.512868978784862 0.1938590362656574
15.583062956064433 0.12457582245028362
15.653256933344 0.05467905132281501
15.723450910623571 -0.015487023519437763
15.79364488790314 -0.08557682211212371
15.86383886518271 -0.15524514016452448
15.93403284246228 -0.22414884924993325
16.00422681974185 -0.2919485867720749
16.074420797021418 -0.35831042738414587
16.144614774300987 -0.4229075276284752
16.214808751580556 -0.4854217356966648
16.28500272886013 -0.5455451583818669
16.355196706139697 -0.6029816775056737
16.425390683419266 -0.6574484083509998
16.495584660698835 -0.7086770929178666
16.565778637978404 -0.7564154211401074
16.635972615257977 -0.8004282735557614
16.706166592537542 -0.8404988793107769
16.776360569817115 -0.8764298837927053
16.84655454709668 -0.9080443206360169
16.916748524376253 -0.9351864833118627
16.98694250165582 -0.957722692009434
17.05713647893539 -0.9755419520319975
17.12733045621496 -0.9885565004648238
17.19752443349453 -0.9967022384226112
17.2677184107741 -0.9999390467474994
17.33791238805367 -0.99825098360281
17.40810636533324 -0.9916463629893284
17.47830034261281 -0.9801577137974232
17.548494319892377 -0.9638416195966761
17.618688297171946 -0.9427784399520882
17.68888227445152 -0.9170719146394251
17.759076251731088 -0.8868486527090169
17.829270229010657 -0.8522575089144427
17.899464206290226 -0.8134688505773187
17.969658183569795 -0.7706737184989908
18.039852160849367 -0.7240828860517885
18.110046138128933 -0.673925821083994
18.180240115408505 -0.6204495557512681
18.25043409268807 -0.563917469840913
18.320628069967643 -0.5046079935811608
18.390822047247212 -0.4428132363245429
18.46101602452678 -0.3788375478591482
18.53121000180635 -0.31299601943368305
18.60140397908592 -0.2456129318789748
18.671597956365492 -0.1770201584692056
18.74179193364506 -0.10755553038907688
18.81198591092463 -0.03756117285720668
18.8821798882042 0.032618179899292485
18.952373865483768 0.1026368825200678
19.022567842763337 0.17215008087426442
19.09276182004291 0.24081541052632627
19.162955797322475 0.30829468293959916
19.233149774602047 0.3742555511129701
19.303343751881616 0.43837314644685554
19.373537729161185 0.5003316787768635
19.443731706440754 0.5598259916945493
19.513925683720323 0.6165630654951185
19.584119660999896 0.6702634603497797
19.65431363827946 0.7206626925948605
19.724507615559034 0.7675125373592856
19.794701592838603 0.8105822511146444
19.864895570118172 0.8496597081267095
19.93508954739774 0.8845524452110813
20.00528352467731 0.9150886096474153
20.07547750195688 0.9411178055835724
20.14567147923645 0.9625118347610107
20.21586545651602 0.9791653279132131
20.28605943379559 0.990996263727421
20.35625341107516 0.9979463728136758
20.426447388354728 0.999981424691569
20.4966413656343 0.9970913963812347
20.566835342913866 0.989290521768247
20.637029320193438 0.976617221499287
20.707223297473003 0.9591339137538684
20.777417274752576 0.9369267068240772
20.847611252032145 0.9101049750164638
20.917805229311714 0.8788008199647954
20.987999206591283 0.8431684200068364
21.058193183870852 0.8033832708295652
21.128387161150425 0.7596413211227855
21.198581138429994 0.7121580074981985
21.268775115709563 0.661167193427092
21.33896909298913 0.6069200174226046
21.4091630702687 0.5496836561394319
21.47935704754827 0.4897400084829353
21.549551024827842 0.42738430720863396
21.619745002107408 0.3629236648502166
21.68993897938698 0.29667556113755406
21.76013295666655 0.22896627935457164
21.830326933946118 0.16012929933802544
21.900520911225687 0.09050365503207236
21.970714888505256 0.02043226468788852
22.04090886578483 -0.049739758067591885
22.111102843064394 -0.11966680397551879
22.181296820343967 -0.18900447033009743
22.251490797623536 -0.25741125722099023
22.321684774903105 -0.32455024947904093
22.391878752182674 -0.3900907760413048
22.462072729462243 -0.4537100385628053
22.53226670674181 -0.5150947012537992
22.602460684021384 -0.5739424341123359
22.672654661300953 -0.6299634019514079
22.74284863858052 -0.682881691887019
22.81304261586009 -0.7324366722565069
22.88323659313966 -0.7783842762742021
22.953430570419233 -0.8204982041022759
23.0236245476988 -0.8585710374162704
23.093818524978367 -0.892415260975968
23.164012502257936 -0.9218641861701403
23.23420647953751 -0.9467727719865665
23.304400456817078 -0.9670183393639216
23.37459443409665 -0.9825011754072199
23.444788411376216 -0.9931450244909336
23.514982388655785 -0.9988974638310463
23.585176365935357 -0.9997301616762585
23.655370343214926 -0.9956390168467292
23.725564320494495 -0.9866441789330903
23.79575829777406 -0.9727899490562546
23.865952275053633 -0.9541445616767853
23.936146252333202 -0.930799848528472
24.006340229612775 -0.9028707863312669
24.076534206892344 -0.8704949305112109
24.14672818417191 -0.833831737716337
24.216922161451482 -0.7930617804653008
24.28711613873105 -0.7483858577967444
24.35731011601062 -0.7000240062995388
24.427504093290192 -0.6482144163948168
24.497698070569758 -0.5932122592072687
24.567892047849327 -0.5352884298035202
24.6380860251289 -0.4747282129874465
24.70828000240847 -0.4118298782235367
24.77847397968804 -0.3469032106085565
24.848667956967606 -0.2802679851267929
24.918861934247175 -0.21225239170332338
24.989055911526744 -0.14319141881232592
25.059249888806317 -0.07342520360131452
25.129443866085886 -0.0032973566573122758
25.19963784336545 0.06684673033429676
25.269831820645024 0.1366615857031167
25.340025797924593 0.20580335930099347
25.410219775204165 0.2739315160230636
25.480413752483734 0.3407105130015756
25.5506077297633 0.40581145221213893
25.62080170704287 0.46891370035295676
25.69099568432244 0.5297064680188688
25.76118966160201 0.5878903403925272
25.831383638881583 0.6431787519137926
25.90157761616115 0.6952993976642869
25.971771593440717 0.7439955745158952
26.04196557072029 0.7890274454377157
26.11215954799986 0.8301732207346161
26.182353525279428 0.8672302503995684
26.252547502558993 0.9000160221997126
26.322741479838566 0.9283690605804463
26.392935457118135 0.9521497219602375
26.463129434397707 0.9712408824992526
26.533323411677276 0.9855485149543634
26.603517388956842 0.9950021517794693
26.673711366236414 0.9995552321902564
26.743905343515983 0.9991853314840513
26.814099320795552 0.993894271485335
26.884293298075125 0.9837081115729425
26.954487275354694 0.96867702033315
27.02468125263426 0.9488750284707742
27.094875229913832 0.9243996641952372
27.1650692071934 0.8953714728774027
27.235263184472974 0.8619334233429176
27.305457161752543 0.8242502037262132
27.375651139032108 0.782507410353162
27.445845116311677 0.7369106336473084
27.51603909359125 0.6876844455617458
27.58623307087082 0.6350712935236975
27.65642704815039 0.5793303063392982
27.726621025429957 0.5207360179397631
27.796815002709526 0.45957701525461475
27.867008979989098 0.3961545168715373
27.937202957268667 0.3307808894831191
28.007396934548236 0.2637781094272501
28.077590911827805 0.19547617689839505
28.147784889107374 0.1262114906399798
28.217978866386943 0.05632519112282894
28.288172843666516 -0.013838519630221912
28.358366820946085 -0.08393407329836514
28.42856079822565 -0.1536162372461443
28.498754775505223 -0.2225418148534548
28.56894875278479 -0.29037133581778474
28.63914273006436 -0.35677072810376803
28.709336707343933 -0.4214129633052965
28.7795306846235 -0.48397966731654934
28.849724661903068 -0.5441626883791539
28.91991863918264 -0.6016656147824676
28.99011261646221 -0.6562052347421445
29.06030659374178 -0.7075129312668097
29.130500571021347 -0.7553360051428325
29.200694548300916 -0.799438919521364
29.27088852558049 -0.8396044599777299
29.341082502860058 -0.8756348043297669
29.411276480139627 -0.907352496946041
29.481470457419192 -0.9346013227452868
29.551664434698765 -0.9572470765825097
29.621858411978334 -0.9751782242323523
29.692052389257906 -0.9883064517143145
29.762246366537475 -0.9965671002542603
29.83244034381704 -0.999919484739986
29.902634321096613 -0.9983470941023795
29.972828298376182 -0.9918576726352708
30.04302227565575 -0.9804831818534555
30.113216252935324 -0.9642796430767469
30.18341023021489 -0.9433268615153623
30.253604207494458 -0.9177280332155536
30.32379818477403 -0.8876092368013708
30.3939921620536 -0.8531188125157954
30.464186139333172 -0.8144266316195672
30.534380116612738 -0.7717232597460792
30.604574093892307 -0.7252190183328957
30.674768071171876 -0.6751429487525852
30.74496204845145 -0.6217416842446278
30.815156025731017 -0.5652782352043826
30.885350003010583 -0.5060306938117249
30.955543980290155 -0.44429086437931525
31.025737957569724 -0.3803628261662906
31.095931934849297 -0.3145614357356775
31.166125912128866 -0.24721077623179477
31.23631988940843 -0.1786425612151108
31.306513866688 -0.10919450091601116
31.376707843967573 -0.03920863895395139
31.446901821247142 0.03097033228608872
31.517095798526714 0.10099676932279746
31.58728977580628 0.17052577993198315
31.65748375308585 0.23921492180002643
31.72767773036542 0.30672588911103166
31.79787170764499 0.3727261787610528
31.86806568492456 0.4368907279929797
31.938259662204125 0.49890351538640526
32.0084536394837 0.5584591173173926
32.07864761676327 0.6152642122222285
32.148841594042835 0.6690390252564974
32.21903557132241 0.7195187062342355
32.28922954860197 0.7664546340605278
32.359423525881546 0.8096156412331227
32.42961750316111 0.8487891523820286
32.499811480440684 0.8837822312397401
32.57000545772026 0.9144225308854486
32.64019943499982 0.9405591425832288
32.710393412279394 0.9620633390334767
32.78058738955896 0.9788292083769417
32.85078136683853 0.9907741758288329
32.920975344118105 0.997839410373798
32.99116932139767 0.9999901145187803
33.061363298677236 0.9972156956766448
33.13155727595681 0.9895298183364859
33.20175125323638 0.9769703367636756
33.27194523051595 0.9595991085611065
33.34213920779552 0.9375016900098809
33.412333185075084 0.9107869146899326
33.48252716235466 0.8795863574559625
33.55272113963423 0.8440536864087003
33.622915116913795 0.8043639060531226
33.69310909419336 0.7607124953712127
33.76330307147293 0.7133144450544217
33.833497048752506 0.6624031986376151
33.90369102603208 0.6082295027495747
33.97388500331164 0.5510601721428137
34.04407898059121 0.4911767755850991
34.11427295787078 0.4288742490849419
34.184466935150354 0.3644594432811359
34.25466091242992 0.2982496121506711
34.32485488970949 0.2305708504784119
34.39504886698906 0.16175648778434637
34.46524284426863 0.09214544661842163
34.5354368215482 0.022080573308849036
34.60563079882777 -0.048093050614940784
34.67582477610734 -0.11802980800809376
34.746018753386906 -0.18738524833405495
34.81621273066648 -0.25581778414265094
34.88640670794605 -0.32299037344687465
34.95660068522562 -0.3885721797125547
35.02679466250519 -0.4522402012851018
