0.0 0.0
0.09657464770947423 0.09642459784096252
0.19314929541894846 0.19195057474710456
0.2897239431284227 0.28568768440587605
0.3862985908378969 0.3767623517026794
0.48287323854737113 0.46432581393072386
0.5794478862568454 0.5475620307637301
0.6760225339663196 0.6256952892751608
0.7725971816757938 0.6979974331296386
0.869171829385268 0.7637946485747099
0.9657464770947423 0.8224737439914753
1.0623211248042166 0.8734878644823411
1.1588957725136908 0.9163615882392726
1.255470420223165 0.9506953571973742
1.3520450679326392 0.9761692006826906
1.4486197156421134 0.9925457173520086
1.5451943633515877 0.9996722876347205
1.641769011061062 0.9974824960580849
1.738343658770536 0.9859967502006423
1.8349183064800105 0.9653220905055017
1.9314929541894845 0.9356511927259289
2.0280676018989587 0.8972605722998581
2.124642249608433 0.8505080073875106
2.2212168973179076 0.7958292045879027
2.3177915450273816 0.7337337384078186
2.4143661927368556 0.664800302325025
2.51094084044633 0.5896713157030461
2.6075154881558045 0.5090469368179034
2.7040901358652785 0.4236785377919118
2.800664783574753 0.3343617022443394
2.897239431284227 0.24192881091674187
2.993814078993701 0.147241284370602
3.0903887267031753 0.051181555050813454
3.1869633744126498 -0.04535515646931764
3.283538022122124 -0.14146918442096126
3.3801126698315977 -0.23626480219927526
3.476687317541072 -0.32885857001221436
3.5732619652505466 -0.41838756802341137
3.669836612960021 -0.5040174382610647
3.766411260669495 -0.5849501603469254
3.862985908378969 -0.6604314885801372
3.959560556088444 -0.7297579810666492
4.0561352037979175 -0.7922835553868183
4.1527098515073915 -0.8474255097062189
4.249284499216866 -0.8946699532164077
4.34585914692634 -0.9335765952971189
4.442433794635815 -0.9637828487676945
4.539008442345289 -0.9850072089878356
4.635583090054763 -0.9970518773164376
4.732157737764237 -0.9998046044794008
4.828732385473711 -0.9932397366673041
4.925307033183186 -0.9774184546139266
5.02188168089266 -0.952488203427542
5.118456328602135 -0.9186813184886236
5.215030976311609 -0.8763128602197965
5.311605624021082 -0.8257776779067094
5.408180271730557 -0.7675467299333036
5.504754919440031 -0.7021626947247439
5.601329567149506 -0.6302349133014437
5.69790421485898 -0.5524337105766461
5.794478862568454 -0.4694841483197352
5.891053510277929 -0.3821592680040192
5.987628157987402 -0.29127288651170163
6.084202805696877 -0.19767201183584096
6.180777453406351 -0.10222894946056499
6.277352101115825 -0.005833172983421686
6.3739267488252995 0.09061696525904692
6.4705013965347735 0.18622260631039345
6.567076044244248 0.2800927614347644
6.6636506919537215 0.3713526156115259
6.7602253396631955 0.4591516803003272
6.85679998737267 0.5426717194975592
6.953374635082144 0.6211343752180155
7.049949282791619 0.6938084213367174
7.146523930501093 0.7600165781893182
7.243098578210567 0.8191418244230123
7.339673225920042 0.8706331472751684
7.436247873629515 0.9140106776904546
7.53282252133899 0.9488701624201709
7.629397169048464 0.9748867314264149
7.725971816757938 0.9918179254810991
7.822546464467412 0.9995059557443455
7.919121112176888 0.997879174264316
8.015695759886361 0.9869527416942785
8.112270407595835 0.9668284860041718
8.208845055305309 0.9376939535033998
8.305419703014783 0.8998206610187641
8.401994350724259 0.8535615655162178
8.498568998433733 0.7993477747480914
8.595143646143207 0.7376845295806265
8.69171829385268 0.6691464954441921
8.788292941562155 0.5943724067871086
8.88486758927163 0.5140591144436417
8.981442236981104 0.4289550913912316
9.078016884690578 0.3398534574194814
9.17459153240005 0.24758458771695008
9.271166180109526 0.15300837425936736
9.367740827819 0.05700621211865993
9.464315475528474 -0.03952721462435507
9.560890123237948 -0.13569227081305182
9.657464770947422 -0.23059275428922296
9.754039418656898 -0.3233442479737662
9.850614066366372 -0.41308236211730864
9.947188714075846 -0.49897078990783195
10.04376336178532 -0.580209101361706
10.140338009494794 -0.6560402028636446
10.23691265720427 -0.725757392837019
10.333487304913744 -0.7887109477897953
10.430061952623218 -0.8443141773580156
10.52663660033269 -0.8920488919173258
10.623211248042164 -0.9314702318076291
10.71978589575164 -0.9622108131652916
10.816360543461114 -0.9839841517261817
10.912935191170588 -0.9965873326916921
11.009509838880062 -0.9999029017761474
11.106084486589536 -0.9938999598121482
11.202659134299012 -0.9786344507127631
11.299233782008486 -0.9542486401069358
11.39580842971796 -0.9209697895069111
11.492383077427434 -0.8791080383636749
11.588957725136908 -0.829053513748409
11.685532372846383 -0.7712726945960408
11.782107020555857 -0.7063040643940225
11.878681668265331 -0.6347530928307251
11.975256315974804 -0.5572865931715741
12.071830963684278 -0.47462650794886313
12.168405611393753 -0.38754318087901246
12.264980259103227 -0.2968481777090546
12.361554906812701 -0.20338672289786053
12.458129554522175 -0.10802982261784533
12.55470420223165 -0.01166614748615322
12.651278849941125 0.0848062493264654
12.747853497650599 0.18048830142668776
12.844428145360073 0.27448830797231294
12.941002793069547 0.3659302438033036
13.037577440779021 0.45396192348463443
13.134152088488497 0.5377629431768268
13.23072673619797 0.6165523263205673
13.327301383907443 0.6895958018821173
13.423876031616917 0.7562126473304929
13.520450679326391 0.8157820325738695
13.617025327035867 0.8677488057334466
13.71359997474534 0.9116286668347149
13.810174622454815 0.9470126812003677
13.906749270164289 0.9735710904826502
14.003323917873763 0.9910563858185651
14.099898565583239 0.9993056144679174
14.196473213292713 0.9982418984376803
14.293047861002186 0.9878751509399893
14.38962250871166 0.968301984006795
14.486197156421134 0.9397048081221515
14.58277180413061 0.9023501322630422
14.679346451840084 0.8565860801913717
14.775921099549556 0.8028391461438255
14.87249574725903 0.7416102201546767
14.969070394968504 0.673469920053219
15.06564504267798 0.5990532736388628
15.162219690387454 0.5190538005929413
15.258794338096928 0.43421704928032406
15.355368985806402 0.34533364867410177
15.451943633515876 0.2532319401553245
15.548518281225352 0.15877025785512405
15.645092928934824 0.06282892948193246
15.7416675766443 -0.033697927818621486
15.838242224353776 -0.12991074011327527
15.934816872063248 -0.2249128601848026
16.031391519772722 -0.3178189237603972
16.127966167482196 -0.4077631005895802
16.22454081519167 -0.49390716347645286
16.321115462901147 -0.5754483000675944
16.417690110610618 -0.6516265945942965
16.514264758320095 -0.7217321098437284
16.610839406029566 -0.7851115033590783
16.707414053739043 -0.8411741162097054
16.803988701448517 -0.8893974775873617
16.900563349157988 -0.9293321739289979
16.997137996867465 -0.9606060371886856
17.093712644576936 -0.9829276132264277
17.190287292286413 -0.9960888779905349
17.286861939995887 -0.9999671761802773
17.38343658770536 -0.9945263643216581
17.480011235414835 -0.9798171476034784
17.57658588312431 -0.955976607334592
17.673160530833783 -0.9232269234261706
17.76973517854326 -0.8818733038046941
17.86630982625273 -0.8323011400523418
17.96288447396221 -0.774972415782517
18.05945912167168 -0.7104214012224204
18.156033769381157 -0.639249674126541
18.25260841709063 -0.562120513423373
18.3491830648001 -0.4797527178431675
18.44575771250958 -0.3929139071335801
18.542332360219053 -0.3024133682919822
18.638907007928527 -0.20909451348328043
18.735481655638 -0.11382701993115255
18.832056303347475 -0.017498725034257104
18.92863095105695 0.0789926477597781
19.025205598766426 0.17474785521257352
19.121780246475897 0.26887451471675655
19.218354894185374 0.360495420780702
19.314929541894845 0.448756720071328
19.411504189604322 0.5328358688285187
19.508078837313796 0.6119492984925106
19.60465348502327 0.6853597181052594
19.701228132732744 0.752382985431536
19.797802780442215 0.8123944827649852
19.894377428151692 0.8648349380003488
19.990952075861166 0.9092156367228225
20.08752672357064 0.9451229767409864
20.184101371280114 0.9722223226176543
20.28067601898959 0.9902611242767047
20.377250666699062 0.9990712706222878
20.47382531440854 0.9985706562360537
20.57039996211801 0.9887639465516972
20.666974609827488 0.9697425343758387
20.76354925753696 0.9416836881604508
20.860123905246436 0.9048488999644088
20.95669855295591 0.8595814485002419
21.05327320066538 0.8063031999770149
21.149847848374858 0.7455106765536472
21.246422496084328 0.6777704290424094
21.342997143793806 0.6037137569862143
21.43957179150328 0.5240308253156263
21.536146439212754 0.43946423241477245
21.632721086922228 0.3508020895381325
21.7292957346317 0.2588706760739432
21.825870382341176 0.16452673910289034
21.922445030050653 0.06864950901569923
22.019019677760124 -0.02786749440057252
22.1155943254696 -0.12412478904512642
22.21216897317907 -0.21922531315120447
22.30874362088855 -0.3122827853778803
22.405318268598023 -0.40242996443446893
22.501892916307494 -0.48882673126287657
22.59846756401697 -0.5706679184565462
22.69504221172644 -0.647190813950396
22.79161685943592 -0.7176822690518466
22.888191507145393 -0.781485344570077
22.984766154854867 -0.8380054331056253
23.08134080256434 -0.8867158004440567
23.177915450273815 -0.9271624944112041
23.27449009798329 -0.9589685754422987
23.371064745692767 -0.9818376294385626
23.467639393402237 -0.9955565301734836
23.564214041111715 -0.9999974255047768
23.660788688821185 -0.9951189288816714
23.757363336530663 -0.9809665050433944
23.853937984240137 -0.9576720463143565
23.950512631949607 -0.9254526434447196
24.047087279659085 -0.8846085624513914
24.143661927368555 -0.8355204463141359
24.240236575078033 -0.7786457676052928
24.336811222787507 -0.7145145651126186
24.43338587049698 -0.6437245041873338
24.529960518206455 -0.5669353068521285
24.62653516591593 -0.48486260357721994
24.723109813625403 -0.3982712640223376
24.81968446133488 -0.3079682688982144
24.91625910904435 -0.2147951893776992
25.012833756753828 -0.1196203441439108
25.1094084044633 -0.023330707167306248
25.205983052172776 0.0731763583737396
25.30255769988225 0.16900146299359634
25.39913234759172 0.26325157268412863
25.495706995301198 0.35504833147007225
25.59228164301067 0.44353624717368373
25.688856290720146 0.5278906641022341
25.78543093842962 0.6073254483573739
25.882005586139094 0.6811003141439573
25.978580233848568 0.7485277228012712
26.075154881558042 0.8089792902617967
26.171729529267516 0.8618916432237096
26.268304176976994 0.9067716694610146
26.364878824686464 0.9432011133414813
26.46145347239594 0.9708404737248677
26.558028120105412 0.989432167915243
26.654602767814886 0.9988029321812866
26.751177415524364 0.998865436473059
26.847752063233834 0.9896190982870674
26.94432671094331 0.971150088094854
27.040901358652782 0.9436305262845357
27.13747600636226 0.9073168790993031
27.234050654071734 0.8625475685218386
27.330625301781208 0.8097398183790812
27.42719994949068 0.7493857660598467
27.523774597200156 0.6820478760817965
27.62034924490963 0.6083536982506422
27.716923892619107 0.5289900192624756
27.813498540328577 0.44469646225289555
27.910073188038055 0.3562585939413304
28.006647835747525 0.26450060360807137
28.103222483457 0.1702776221315024
28.199797131166477 0.07446775266778793
28.296371778875947 -0.022036112757683118
28.392946426585425 -0.1183346144825132
28.489521074294895 -0.2135303067140233
28.586095722004373 -0.30673602119994114
28.682670369713847 -0.397083135118307
28.77924501742332 -0.48372966613489093
28.875819665132795 -0.5658681191867683
28.97239431284227 -0.6427330118646897
29.068968960551743 -0.7136080082620535
29.16554360826122 -0.7778325948071794
29.26211825597069 -0.8348082358640102
29.35869290368017 -0.8840039517346879
29.45526755138964 -0.9249612670801867
29.551842199099113 -0.9572984836427264
29.64841684680859 -0.9807142374505856
29.74499149451806 -0.9949903073543096
29.84156614222754 -0.9999936487203767
29.93814078993701 -0.9956776333294697
30.034715437646486 -0.9820824839242506
30.13129008535596 -0.9593348993568916
30.227864733065434 -0.9276468738297697
30.32443938077491 -0.8873137212333173
30.421014028484382 -0.8387113229930421
30.517588676193856 -0.7822926250741763
30.614163323903334 -0.7185834167898222
30.710737971612804 -0.6481774307516553
30.807312619322282 -0.5717308096287271
30.903887267031752 -0.48995599128105066
31.000461914741226 -0.40361506925480517
31.097036562450704 -0.3135126905156166
31.193611210160178 -0.2204885566087935
31.29018585786965 -0.12540959813134087
31.386760505579122 -0.029161895445128833
31.4833351532886 0.06735757907454838
31.579909800998074 0.16324932029763056
31.67648444870755 0.25761967320176643
31.77305909641702 0.3495891612151456
31.869633744126496 0.4383006824245414
31.96620839183597 0.5229274972644822
32.062783039545444 0.602680933247192
32.159357687254925 0.6768177349295353
32.25593233496439 0.7446469906196247
32.352506982673866 0.8055365712703113
32.44908163038334 0.8589190215526563
32.545656278092814 0.9042968482081981
32.642230925802295 0.9412471563955568
32.73880557351176 0.9694255908233502
32.835380221221236 0.9885695449404124
32.93195486893071 0.9985006082754501
33.02852951664019 0.9991262291184457
33.125104164349665 0.9904405770485382
33.22167881205913 0.9725245972701417
33.318253459768606 0.9455452562509098
33.41482810747809 0.9097539856917799
33.51140275518756 0.8654843393303763
33.607977402897035 0.8131488844149735
33.7045520506065 0.7532353568187183
33.801126698315976 0.6863021156261349
33.89770134602546 0.6129729395525891
33.99427599373493 0.5339312136909858
34.090850641444405 0.449913560761808
34.18742528915387 0.36170297621961595
34.28399993686335 0.27012153119268334
34.38057458457283 0.17602271126028077
34.4771492322823 0.08028346246549144
34.573723879991775 -0.016203981309694478
34.67029852770125 -0.11254041344305485
34.76687317541072 -0.2078280346526706
34.8634478231202 -0.301178819961871
34.96002247082967 -0.39172279457336273
35.056597118539145 -0.47861614152622944
35.15317176624862 -0.5610490655771738
35.24974641395809 -0.638253340019222
35.34632106166757 -0.7095094661059473
35.44289570937704 -0.7741533783595623
35.53947035708652 -0.8315826332733258
35.63604500479599 -0.8812620237331473
35.73261965250546 -0.9227285668353407
35.82919430021494 -0.9555958186168405
35.92576894792442 -0.9795574754872555
36.02234359563389 -0.9943902287994228
36.11891824334336 -0.9999558459555863
36.21549289105283 -0.9962024586544657
36.312067538762314 -0.9831650462735289
36.40864218647179 -0.960965109881631
36.50521683418126 -0.9298095399200085
36.60179148189073 -0.8899886881042088
36.6983661296002 -0.8418736615156691
36.794940777309684 -0.7859128641004761
36.89151542501916 -0.7226278178064869
36.98809007272863 -0.6526083023033484
37.084664720438106 -0.5765068585804553
37.18123936814758 -0.4950327076460426
37.277814015857054 -0.4089451410016126
37.37438866356653 -0.3190464444886061
37.470963311276 -0.22617442145293803
37.56753795898548 -0.13119458490712785
37.66411260669495 -0.03499209145456314
37.760687254404424 0.061536507853135816
37.8572619021139 0.15749162284821383
37.95383654982337 0.2519790079017713
38.05041119753285 0.34411809577073843
38.14698584524232 0.4330502039702497
38.243560492951794 0.517946537192953
38.34013514066127 0.5980159111971485
38.43670978837075 0.6725121261818646
38.53328443608022 0.7407409209331569
38.62985908378969 0.802066442933164
38.726433731499164 0.855917174134198
38.823008379208645 0.9017912571731347
38.91958302691812 0.9392611723889315
39.01615767462759 0.9679777220561899
39.11273232233706 0.9876732847039917
39.20930697004654 0.9981643091917113
39.305881617756015 0.9993530252984322
39.40245626546549 0.9912283548843137
39.49903091317496 0.973866015132379
39.59560556088443 0.9474278129085951
39.69218020859391 0.9121601368163744
39.788754856303385 0.868391660998718
39.88532950401286 0.816530282087143
39.98190415172233 0.757059317843321
40.07847879943181 0.6905330029198208
40.17505344714128 0.6175713237168483
40.271628094850755 0.5388542404711015
40.36820274256023 0.4551153504234971
40.46477739026971 0.36713505112133815
40.56135203797918 0.2757332675689995
40.65792668568865 0.18176181100570082
40.754501333398125 0.08609644052232539
40.8510759811076 -0.010371298501850161
40.94765062881708 -0.10674238308138156
41.04422527652655 -0.20211869099376914
41.14079992423602 -0.2956113707540912
41.237374571945494 -0.3863491251916367
41.333949219654976 -0.47348633143069446
41.43052386736445 -0.5562109216018337
41.52709851507392 -0.6337519508401899
41.62367316278339 -0.7053867820413288
41.72024781049287 -0.7704478204169788
41.816822458202346 -0.8283287350885516
41.91339710591182 -0.8784901097368241
42.009971753621286 -0.9204644696469633
42.10654640133076 -0.9538606382998558
42.20312104904024 -0.9783673829087807
42.299695696749716 -0.9937563149272124
42.39627034445919 -0.9998840184966902
42.492844992168656 -0.9966933869988496
42.58941963987814 -0.9842141552557514
42.68599428758761 -0.9625626224187127
42.782568935297085 -0.9319405681281355
42.87914358300656 -0.8926333720451113
42.97571823071603 -0.8450073542796555
43.07229287842551 -0.7895063615012325
43.16886752613498 -0.7266476305470266
43.265442173844455 -0.6570169680767126
43.36201682155394 -0.5812632911965239
43.4585914692634 -0.5000925799308534
43.55516611697288 -0.4142612979006979
43.65174076468235 -0.3245693425245828
43.748315412391825 -0.23185259044177498
43.84489006010131 -0.1369751076301996
43.94146470781077 -0.04082109681622121
44.03803935552025 0.05571334277841511
44.13461400322972 0.15172856655789096
44.2311886509392 0.24632976871454976
44.32776329864868 0.3386353212963754
44.42433794635814 0.4277849904646232
44.52091259406762 0.5129479533707729
44.6174872417771 0.5933305409402061
44.71406188948657 0.6681836344044398
44.810636537196046 0.7368096466505532
44.90721118490551 0.7985690233256232
45.00378583261499 0.8528862031097849
45.10036048032447 0.8992549816115496
45.19693512803394 0.9372432288970894
45.293509775743416 0.9664969166888495
45.39008442345288 0.9867434177023078
45.486659071162364 0.9977940463730482
45.58323371887184 0.9995458172960069
45.67980836658131 0.9919824049893096
45.776383014290786 0.9751742960382225
45.87295766200026 0.9492781322013465
45.969532309709734 0.9145352506009141
46.06610695741921 0.8712694346017636
46.16268160512868 0.8198838963394859
46.259256252838156 0.7608575190188173
46.35583090054763 0.6947403940018648
46.452405548257104 0.6221486942778941
46.54898019596658 0.5437589320909461
46.64555484367605 0.4603016542408425
46.74212949138553 0.3725546338136821
46.838704139095 0.2813356217909718
46.935278786804474 0.1874947260880234
47.03185343451395 0.09190648904475616
47.12842808222343 -0.004538262798172164
47.2250027299329 -0.10094072068239959
47.32157737764237 -0.1964024700045716
47.418152025351844 -0.2900338630157225
47.514726673061325 -0.3809623098186659
47.6113013207708 -0.46834041039619995
47.70787596848027 -0.5513538518843739
47.80445061618974 -0.6292289974927462
47.901025263899214 -0.7012400963474559
47.997599911608695 -0.7667160470654601
48.09417455931817 -0.8250466520274707
48.19074920702764 -0.8756883040634003
