0.0 0.0
0.07722710256147651 0.07715036138287966
0.15445420512295302 0.15384082469165525
0.23168130768442954 0.22961423333307607
0.30890841024590604 0.3040188973334614
0.3861355128073825 0.3766112858905597
0.4633626153688591 0.4469586712880829
0.5405897179303356 0.5146417084123766
0.6178168204918121 0.579256934494569
0.6950439230532885 0.6404191741770815
0.772271025614765 0.6977638355677477
0.8494981281762416 0.7509490835946252
0.9267252307377182 0.7996578777059927
1.0039523332991946 0.843599861768681
1.0811794358606712 0.8825130948989338
1.1584065384221476 0.9161656129082107
1.2356336409836242 0.9443568110560572
1.3128607435451007 0.9669186398673636
1.390087846106577 0.9837166068856775
1.4673149486680537 0.9946505783910512
1.54454205122953 0.9996553763033369
1.6217691537910066 0.9987011667127528
1.6989962563524832 0.9917936377216633
1.7762233589139598 0.9789739655374494
1.8534504614754364 0.9603185690185906
1.9306775640369125 0.9359386541371253
2.0079046665983893 0.9059795510729748
2.0851317691598656 0.8706198478917574
2.1623588717213424 0.8300703259702861
2.239585974282819 0.7845727035157513
2.316813076844295 0.7343981946685417
2.3940401794057715 0.6798458927779866
2.4712672819672483 0.6212409874884072
2.5484943845287247 0.5589328262635445
2.6257214870902015 0.4932928319047253
2.7029485896516774 0.42471228847658427
2.780175692213154 0.3536000088385578
2.8574027947746306 0.2803798976861595
2.9346298973361074 0.205488424628877
3.0118569998975837 0.12937202236784817
3.08908410245906 0.05248442548292576
3.166311205020537 -0.024716034307204593
3.2435383075820132 -0.10176916028873492
3.3207654101434896 -0.17821563401380072
3.3979925127049664 -0.2535997533261451
3.4752196152664427 -0.3274721488298454
3.5524467178279195 -0.39939246260806766
3.629673820389396 -0.4689319732238315
3.7069009229508727 -0.5356761513550051
3.784128025512349 -0.5992271308292202
3.861355128073825 -0.6592060803287259
3.938582230635302 -0.7152554616272966
4.015809333196779 -0.7670411608976989
4.093036435758255 -0.8142544803848785
4.170263538319731 -0.85661397857236
4.247490640881208 -0.8938671478725281
4.324717743442685 -0.9257919198399692
4.40194484600416 -0.9521979889352024
4.479171948565638 -0.9729279469477696
4.556399051127114 -0.9878582213163063
4.63362615368859 -0.9968998117522221
4.710853256250067 -0.999998820775923
4.788080358811543 -0.997136775003019
4.86530746137302 -0.9883307352653115
4.942534563934497 -0.9736331949101195
5.019761666495973 -0.9531317668841908
5.096988769057449 -0.92694866146751
5.174215871618926 -0.8952399577702634
5.251442974180403 -0.8581946733356134
5.328670076741879 -0.8160336373944383
5.405897179303355 -0.7690081744886337
5.483124281864832 -0.7173986063099769
5.560351384426308 -0.6615125806851974
5.637578486987785 -0.6016832376682552
5.714805589549261 -0.5382672236718852
5.7920326921107375 -0.47164256547628036
5.869259794672215 -0.4022064167880821
5.946486897233691 -0.3303726907825839
6.023713999795167 -0.25656959274169805
6.100941102356644 -0.18123706749579904
6.17816820491812 -0.10482417688538874
6.2553953074795965 -0.027786422875701683
6.332622410041074 0.04941696771867259
6.40984951260255 0.12632578071321993
6.4870766151640264 0.20248155791871394
6.564303717725503 0.27743033003882317
6.641530820286979 0.3507253228091544
6.718757922848456 0.42192962024626596
6.795985025409933 0.4906187691308543
6.873212127971409 0.5563833091996417
6.9504392305328855 0.6188312139633176
7.027666333094361 0.6775902276006789
7.104893435655839 0.732310083998599
7.182120538217315 0.7826645947099753
7.259347640778792 0.8283535933832389
7.336574743340267 0.8691047250725285
7.413801845901745 0.9046750697623651
7.491028948463222 0.9348525904288773
7.568256051024698 0.9594573970056164
7.645483153586174 0.9783428187193608
7.72271025614765 0.9913962784036646
7.799937358709128 0.9985399635783059
7.877164461270604 0.9997312902942925
7.95439156383208 0.9949631569794158
8.031618666393557 0.9842639867711604
8.108845768955034 0.9676975580846251
8.18607287151651 0.9453626244254468
8.263299974077986 0.9173923257140482
8.340527076639463 0.8839533946303405
8.417754179200939 0.8452451627099102
8.494981281762415 0.8014983721164114
8.572208384323893 0.7529738001732612
8.64943548688537 0.6999607048538967
8.726662589446844 0.6427751004971063
8.80388969200832 0.5817578740260173
8.881116794569797 0.517272752900078
8.958343897131275 0.4497041369131778
9.035570999692752 0.37945480676271715
9.112798102254228 0.3069435230489588
9.190025204815704 0.23260253001720538
9.26725230737718 0.15687497892312788
9.344479409938657 0.08021228638073209
9.421706512500133 0.003071443440013353
9.49893361506161 -0.07408770856494647
9.576160717623086 -0.1508052191586016
9.653387820184562 -0.22662377051716392
9.73061492274604 -0.30109140356842656
9.807842025307517 -0.3737642121477292
9.885069127868993 -0.444208989150061
9.96229623043047 -0.51200580890439
10.039523332991946 -0.5767505303765521
10.116750435553422 -0.6380572062789427
10.193977538114899 -0.695560383726159
10.271204640676375 -0.7489172827222449
10.348431743237851 -0.7978098394934394
10.425658845799328 -0.8419466024859965
10.502885948360806 -0.8810644697269175
10.580113050922282 -0.914930257191075
10.657340153483759 -0.9433420888256089
10.734567256045233 -0.9661305999455544
10.81179435860671 -0.9831599468272032
10.889021461168188 -0.9943286164809366
10.966248563729664 -0.9995700317764336
11.04347566629114 -0.9988529483130622
11.120702768852617 -0.9921816406696818
11.197929871414093 -0.9795958769236154
11.27515697397557 -0.9611706815906809
11.352384076537046 -0.9370158883994146
11.429611179098522 -0.9072754855654248
11.506838281659999 -0.872126757468736
11.584065384221475 -0.831779227850639
11.661292486782953 -0.7864734108297137
11.73851958934443 -0.7364793771823029
11.815746691905906 -0.6820951444339107
11.892973794467382 -0.6236449003583114
11.970200897028858 -0.5614770704741865
12.047427999590335 -0.49596224105906545
12.124655102151811 -0.4274909500616137
12.201882204713288 -0.3564713590807754
12.279109307274764 -0.2833268202892468
12.35633640983624 -0.20849335280500084
12.433563512397718 -0.13241704355436573
12.510790614959193 -0.055551388120286156
12.588017717520671 0.02164541257290391
12.665244820082147 0.09871318362349514
12.742471922643622 0.1751925192834605
12.8196990252051 0.2506275215045223
12.896926127766575 0.3245685175745869
12.974153230328053 0.39657474064460907
13.051380332889531 0.4662169571670059
13.128607435451006 0.5330800255833824
13.205834538012484 0.5967653710090364
13.283061640573958 0.6568933611624677
13.360288743135435 0.7131055693769006
13.437515845696913 0.765066911203791
13.514742948258387 0.8124676418719416
13.591970050819866 0.8550252026952451
13.66919715338134 0.8924859054224645
13.746424255942818 0.9246264444885998
13.823651358504295 0.9512552281531531
13.900878461065771 0.972213520590349
13.978105563627247 0.9873763881232014
14.055332666188722 0.9966534439608866
14.1325597687502 0.9999893869999932
14.209786871311678 0.9973643314778163
14.287013973873153 0.9887939255126211
14.36424107643463 0.9743292578242394
14.441468178996105 0.954056553191056
14.518695281557584 0.9280966584587682
14.59592238411906 0.8966043221648743
14.673149486680535 0.8597672720730687
14.750376589242013 0.8178050961164345
14.82760369180349 0.7709679334202056
14.904830794364965 0.7195349832069728
14.982057896926444 0.6638128404728476
15.059284999487918 0.6041336683557523
15.136512102049396 0.5408532180903978
15.213739204610873 0.47434870835319926
15.290966307172347 0.40501657663841034
15.368193409733825 0.33327011606970863
15.4454205122953 0.2595370117343498
15.522647614856778 0.1842567912258954
15.599874717418256 0.10787820459307702
15.67710181997973 0.030856549313001476
15.754328922541209 -0.04634904376527042
15.831556025102683 -0.12327834732807652
15.90878312766416 -0.19947278104065067
15.986010230225638 -0.27447814517283253
16.063237332787114 -0.3478473281117428
16.14046443534859 -0.41914297162175873
16.217691537910067 -0.48794007796399047
16.294918640471543 -0.5538285433340798
16.37214574303302 -0.6164156025163333
16.449372845594496 -0.6753281701814559
16.526599948155972 -0.7302150648712655
16.60382705071745 -0.7807491024130774
16.681054153278925 -0.8266290462847855
16.7582812558404 -0.867581403304396
16.835508358401878 -0.903362053939793
16.912735460963354 -0.9337577075203634
16.98996256352483 -0.9585871736758705
17.067189666086307 -0.9777024424234544
17.144416768647787 -0.9909895664642895
17.22164387120926 -0.9983693404304771
17.29887097377074 -0.9997977730331439
17.376098076332212 -0.9952663492972308
17.45332517889369 -0.9848020813197874
17.53055228145517 -0.9684673472491905
17.60777938401664 -0.9463595194451493
17.68500648657812 -0.918610384036039
17.762233589139594 -0.8853853553336575
17.839460691701074 -0.8468824897882651
17.91668779426255 -0.8033313053618623
17.993914896824027 -0.75499141335741
18.071141999385503 -0.7021509708598108
18.14836910194698 -0.6451249630137076
18.225596204508456 -0.5842533253775628
18.302823307069932 -0.5198989175467774
18.38005040963141 -0.4524453601252084
18.457277512192885 -0.3822947479390315
18.53450461475436 -0.30986525312462265
18.611731717315838 -0.2355886323785987
18.688958819877314 -0.15990765322945552
18.76618592243879 -0.08327345467295583
18.843413025000267 -0.006142857904683344
18.920640127561743 0.07102435681934749
18.99786723012322 0.147768190961224
19.0750943326847 0.2236311697808632
19.152321435246172 0.2981610693712038
19.229548537807652 0.37091361239291354
19.306775640369125 0.44145511643902546
19.384002742930605 0.5093650792426324
19.46122984549208 0.5742386853168491
19.538456948053554 0.6356892190849897
19.615684050615034 0.6933503701160278
19.692911153176507 0.7468784167236968
19.770138255737987 0.7959542749127515
19.847365358299463 0.8402854004583542
19.92459246086094 0.8796075327803121
20.001819563422416 0.913686270216723
20.079046665983892 0.9423184673067749
20.15627376854537 0.9653334457533993
20.233500871106845 0.9825940118471507
20.31072797366832 0.9939972742863921
20.387955076229797 0.9994752575187046
20.465182178791274 0.9989953069473586
20.54240928135275 0.9925602835873832
20.619636383914226 0.9802085470108792
20.696863486475703 0.962013726683238
20.77409058903718 0.9380842830533462
20.851317691598656 0.9085628610141443
20.928544794160132 0.8736254395876001
21.005771896721612 0.8334802829028777
21.082998999283085 0.7883666987209962
21.160226101844565 0.7385536119064493
21.237453204406037 0.6843379613494934
21.314680306967517 0.6260429298950272
21.391907409528994 0.5640160178297088
21.469134512090466 0.498626971411238
21.546361614651946 0.4302655787880515
21.62358871721342 0.3593393464481021
21.7008158197749 0.286271070047443
21.778042922336375 0.21149631409922992
21.85527002489785 0.13546081554669337
21.932497127459328 0.05861782669767823
22.009724230020804 -0.018574586640389426
22.08695133258228 -0.09565627571910072
22.164178435143757 -0.17216775182420246
22.241405537705234 -0.24765292531623115
22.31863264026671 -0.321661824409052
22.395859742828186 -0.3937532774794961
22.473086845389663 -0.4634975429186821
22.55031394795114 -0.5304788708483158
22.627541050512615 -0.5942979814314188
22.70476815307409 -0.6545744450041229
22.781995255635568 -0.7109489498404166
22.859222358197044 -0.7630854440315588
22.936449460758524 -0.8106731387122855
23.013676563319997 -0.8534283606924405
23.090903665881477 -0.8910962434504222
23.16813076844295 -0.9234522464082475
23.24535787100443 -0.9503034934318475
23.322584973565906 -0.9714899225776044
23.39981207612738 -0.9868852402315081
23.47703917868886 -0.9963976739531942
23.55426628125033 -0.9999705195371299
23.63149338381181 -0.9975824790298952
23.708720486373288 -0.9892477876885966
23.785947588934764 -0.9750161291236205
23.86317469149624 -0.9549723391315598
23.940401794057717 -0.9292358999837852
24.017628896619193 -0.8979602281852384
24.09485599918067 -0.8613317599491612
24.172083101742146 -0.8195688398393018
24.249310204303622 -0.7729204192044707
24.3265373068651 -0.721664572164159
24.403764409426575 -0.6661068379915196
24.48099151198805 -0.6065783997748698
24.558218614549528 -0.5434341102148261
24.635445717111004 -0.47705037632541714
24.71267281967248 -0.4078229156486003
24.789899922233957 -0.33616439735752934
24.867127024795437 -0.2625019823100958
24.944354127356913 -0.18727477671665912
25.021581229918386 -0.11093121460076155
25.098808332479862 -0.03392638465618848
25.176035435041342 0.043280682564857426
25.25326253760282 0.12022975096125779
25.330489640164295 0.19646212237884964
25.407716742725768 0.2715233709384642
25.484943845287244 0.3449660518967053
25.562170947848724 0.4163523688917112
25.6393980504102 0.4852567836743351
25.716625152971677 0.5512685527679748
25.79385225553315 0.6139941759358144
25.87107935809463 0.6730597418600823
25.948306460656106 0.7281131570505062
26.025533563217582 0.7788262446954044
26.102760665779062 0.8248967009439387
26.17998776834053 0.8660498969580503
26.25721487090201 0.9020405159919715
26.334441973463488 0.9326540157404767
26.411669076024967 0.9577079072388567
26.488896178586444 0.9770528426909043
26.566123281147917 0.9905735057403705
26.643350383709393 0.9981892988788894
26.72057748627087 0.9998548238927073
26.79780458883235 0.9955601524842438
26.875031691393826 0.9853308854552876
26.9522587939553 0.9692280000990341
27.029485896516775 0.9473474867106679
27.106712999078255 0.9198197763832818
27.18394010163973 0.8868089635000688
27.261167204201207 0.8485118275575522
27.33839430676268 0.8051566601508474
27.415621409324157 0.7570019041133398
27.492848511885636 0.7043346129229858
27.570075614447113 0.6474687395587857
27.64730271700859 0.5867432650076525
27.724529819570062 0.5225201775778036
27.801756922131542 0.45518231506405793
27.87898402469302 0.3851310826281019
27.956211127254495 0.312784059997473
28.033438229815975 0.2385725122469983
28.110665332377444 0.16293881900103777
28.187892434938924 0.08633383738114091
28.2651195375004 0.009214214418939957
28.34234664006188 -0.06796033504509416
28.419573742623356 -0.14472976875020305
28.49680084518483 -0.22063645935572113
28.574027947746306 -0.2952279223859464
28.651255050307782 -0.368059513518058
28.72848215286926 -0.43869707913443223
28.805709255430738 -0.506719544339183
28.88293635799221 -0.5717214230116661
28.960163460553687 -0.6333152349343124
29.037390563115167 -0.6911338155861497
29.114617665676644 -0.7448325048332136
29.19184476823812 -0.7940912014689281
29.269071870799593 -0.8386162713571762
29.34629897336107 -0.8781422978035495
29.42352607592255 -0.9124336637206633
29.500753178484025 -0.9412859561561832
29.5779802810455 -0.9645271848110801
29.65520738360698 -0.9820188072844299
29.732434486168454 -0.9936565549332294
29.80966158872993 -0.9993710544242302
29.886888691291407 -0.9991282412726611
29.964115793852887 -0.9929295629027303
30.041342896414363 -0.9808119700194411
30.118569998975836 -0.9628476963431544
30.195797101537313 -0.9391438280199127
30.273024204098792 -0.909841665274306
30.35025130666027 -0.8751158801101003
30.427478409221745 -0.8351734750796155
30.504705511783218 -0.790252549328721
30.581932614344694 -0.7406208792730964
30.659159716906174 -0.6865743223664719
30.73638681946765 -0.6284350534760569
30.813613922029127 -0.5665496443782252
30.8908410245906 -0.5012869978227413
30.96806812715208 -0.43303614848064376
31.045295229713556 -0.3622039438845493
31.122522332275032 -0.28921261918532626
31.199749434836512 -0.2144972801822673
31.27697653739798 -0.13850330963053648
31.35420363995946 -0.06168371228697743
31.431430742520938 0.015503585479179955
31.508657845082418 0.0925984654137743
31.585884947643894 0.16914136017103787
31.663112050205367 0.24467599282297925
31.740339152766843 0.3187520967543605
31.81756625532832 0.3909280997298115
31.8947933578898 0.460773756133243
31.972020460451276 0.5278727116885478
32.04924756301275 0.5918249853731988
32.12647466557423 0.6522493537298554
32.2037017681357 0.7087856233629333
32.28092887069718 0.7610967780737466
32.35815597325866 0.8088709878348681
32.435383075820134 0.8518234676282179
32.51261017838161 0.8896981750661711
32.58983728094309 0.9222693366760499
32.66706438350457 0.9493427937497484
32.74429148606604 0.9707571597358041
32.82151858862751 0.9863847822746118
32.89874569118899 0.9961325041420241
32.975972793750465 0.9999422185653248
33.053199896311945 0.9977912156012977
33.130426998873425 0.9896923175115988
33.2076541014349 0.975693802328465
33.28488120399637 0.9558791160663751
33.36210830655785 0.9303663752951984
33.43933540911933 0.8993076630400249
33.5165625116808 0.8628881222048481
33.593789614242276 0.8213248519242599
33.671016716803756 0.7748656134220901
33.748243819365236 0.7237873530914445
33.82547092192671 0.6683945516001253
33.90269802448819 0.6090174088625293
33.97992512704966 0.5460098756975793
34.05715222961114 0.4797475439059659
34.134379332172614 0.41062540734424813
34.211606434734094 0.33905550734200507
34.288833537295574 0.2654644764980394
34.36606063985705 0.19029099549706044
34.44328774241852 0.11398317810698633
34.52051484498 0.036995899945081796
34.59774194754148 -0.0402119130637051
34.67496905010295 -0.11718002037256914
34.752196152664425 -0.19344961033521663
34.829423255225905 -0.268566035210441
34.90665035778738 -0.34208152134539666
34.98387746034886 -0.4135578383820759
35.06110456291034 -0.48256891157551907
35.13833166547181 -0.5487033616517332
35.21555876803328 -0.6115669570649899
35.29278587059476 -0.6707849640364293
35.37001297315624 -0.7260043803652743
35.447240075717716 -0.7768960396967868
35.52446717827919 -0.8231565737032673
35.60169428084067 -0.8645102204814018
35.67892138340215 -0.9007104683860094
35.75614848596362 -0.9315415255012103
35.8333755885251 -0.9568196059893845
35.910602691086574 -0.9763940256498942
35.987829793648054 -0.9901481001569377
36.065056896209526 -0.9979998406220161
36.142283998771006 -0.9999024423347768
36.219511101332486 -0.9958445637687786
36.29673820389396 -0.9858503941890371
36.37396530645543 -0.9699795094583169
36.45119240901691 -0.9483265169017295
36.52841951157839 -0.9210204913466244
36.605646614139864 -0.8882242056995622
36.68287371670134 -0.8501331606469469
36.76010081926282 -0.8069744192633511
36.83732792182429 -0.7590052534745041
36.91455502438577 -0.7065116104434076
36.99178212694725 -0.6498064080216479
37.06900922950872 -0.5892276694267246
37.146236332070195 -0.5251365082647398
37.223463434631675 -0.45791497590987623
37.300690537193155 -0.3879637840725475
37.37791763975463 -0.31569991613210735
37.4551447423161 -0.2415541414731307
37.53237184487758 -0.16596844764249166
37.60959894743906 -0.08939340563428501
37.68682605000053 -0.01228548400825987
37.76405315256201 0.06489567214750833
37.841280255123486 0.14168998118935625
37.918507357684966 0.21763966749321204
37.99573446024644 0.29229199028333674
38.07296156280792 0.36520194244813525
38.1501886653694 0.4359349032550131
38.22741576793087 0.504069229151456
38.304642870492344 0.5691987672083269
38.381869973053824 0.6309352762225734
38.459097075615304 0.6889107410470319
38.53632417817678 0.7427795663514862
