0.0 0.0
0.06487940604004155 0.06483389906786238
0.1297588120800831 0.12939498610088604
0.1946382181201247 0.1934115970193518
0.2595176241601662 0.25661435882334377
0.32439703020020777 0.31873732307688846
0.3892764362402494 0.37951908498200376
0.45415584228029093 0.4387038833337517
0.5190352483203324 0.4960426767278361
0.583914654360374 0.5512941914922129
0.6487940604004155 0.6042259369331633
0.7136734664404571 0.6546151836238143
0.7785528724804988 0.7022499006186067
0.8434322785205403 0.7469296476500389
0.9083116845605819 0.7884664185534507
0.9731910906006234 0.8266854323708293
1.0380704966406649 0.8614258688047844
1.1029499026807066 0.8925415449280053
1.167829308720748 0.9199015303006971
1.2327087147607896 0.9433906979076718
1.297588120800831 0.9629102085968246
1.3624675268408728 0.978377926980546
1.4273469328809143 0.9897287670500159
1.492226338920956 0.9969149660480809
1.5571057449609975 0.9999062854482974
1.6219851510010388 0.9986901381944469
1.6868645570410805 0.9932716416651192
1.751743963081122 0.9836735961404947
1.8166233691211637 0.9699363888619346
1.8815027751612052 0.9521178240880838
1.9463821812012467 0.9302928798625852
2.0112615872412882 0.9045533925168953
2.0761409932813297 0.8750076702357666
2.1410203993213717 0.8417800373114626
2.205899805361413 0.805010311004418
2.2707792114014542 0.7648532132116423
2.335658617441496 0.7214777194184837
2.4005380234815377 0.6750663476732784
2.465417429521579 0.6258143905767724
2.5302968355616207 0.5739290935180051
2.595176241601662 0.5196287826145222
2.660055647641704 0.46314194602642045
2.7249350536817456 0.4047062725099342
2.7898144597217867 0.3445676512561872
2.8546938657618286 0.2829791372236571
2.91957327180187 0.22019988631808993
2.984452677841912 0.15649406490046944
3.049332083881953 0.09212973821169544
3.114211489921995 0.02737774239130805
3.1790908959620365 -0.03748945516333285
3.2439703020020776 -0.10219890230198493
3.3088497080421195 -0.1664783106662291
3.373729114082161 -0.23005720144102737
3.438608520122203 -0.2926680434919828
3.503487926162244 -0.3540473790991595
3.5683673322022855 -0.4139369325505503
3.6332467382423275 -0.4720846969303662
3.6981261442823685 -0.5282459945291076
3.7630055503224105 -0.5821845064133574
3.827884956362452 -0.6336732668229969
3.8927643624024935 -0.6824956182115788
3.957643768442535 -0.7284461229111636
4.0225231744825765 -0.7713314275854691
4.087402580522618 -0.8109710768338318
4.1522819865626595 -0.8471982725224474
4.217161392602701 -0.8798605756477336
4.282040798642743 -0.9088205477784642
4.346920204682784 -0.9339563293775844
4.411799610722826 -0.9551621525702036
4.476679016762867 -0.9723487862001086
4.5415584228029084 -0.9854439113020665
4.60643782884295 -0.9943924254099774
4.671317234882992 -0.9991566744203911
4.736196640923034 -0.9997166110357413
4.801076046963075 -0.9960698791205861
4.865955453003116 -0.9882318236158993
4.930834859043158 -0.976235425969691
4.995714265083199 -0.9601311653556601
5.060593671123241 -0.9399868062638469
5.125473077163283 -0.9158871133570802
5.190352483203324 -0.8879334947930589
5.255231889243365 -0.8562435755129201
5.320111295283408 -0.8209507022918372
5.384990701323449 -0.7822033826343304
5.449870107363491 -0.7401646598753244
5.514749513403532 -0.6950114271164665
5.579628919443573 -0.6469336828845388
5.644508325483616 -0.5961337316440708
5.709387731523657 -0.5428253325282791
5.774267137563698 -0.487232799870341
5.83914654360374 -0.4295900593198664
5.904025949643781 -0.3701396635162839
5.968905355683824 -0.30913177146104437
6.033784761723865 -0.24682309588332685
6.098664167763906 -0.18347582302854845
6.163543573803947 -0.11935650941509633
6.22842297984399 -0.054734960201548485
6.293302385884031 0.01011690611592144
6.358181791924073 0.07492620189878861
6.423061197964114 0.13942021863941575
6.487940604004155 0.20332757448055164
6.552820010044198 0.2663793561524603
6.617699416084239 0.3283102505225729
6.68257882212428 0.38885966099627933
6.747458228164322 0.44777280407116726
6.812337634204363 0.5048017814305815
6.877217040244406 0.5597066230652872
6.942096446284447 0.6122562970339018
7.006975852324488 0.6622296816131985
7.07185525836453 0.7094164957475749
7.136734664404571 0.7536181838825029
7.201614070444613 0.7946487514587058
7.266493476484655 0.8323355475514045
7.331372882524696 0.8665199913614116
7.396252288564737 0.8970582395010904
7.461131694604779 0.9238217912673343
7.526011100644821 0.9466980293546616
7.590890506684863 0.9655906937331838
7.655769912724904 0.98042028669743
7.720649318764945 0.9911244073816406
7.785528724804987 0.9976580143339365
7.850408130845029 0.9999936150444865
7.91528753688507 0.9981213816301683
7.980166942925112 0.9920491921889335
8.045046348965153 0.9818025976498674
8.109925755005195 0.9674247142584304
8.174805161045237 0.9489760421492907
8.239684567085279 0.9265342107701685
8.304563973125319 0.900193652227911
8.36944337916536 0.8700652039313108
8.434322785205403 0.8362756422027015
8.499202191245445 0.7989671488208134
8.564081597285487 0.7582967127396139
8.628961003325527 0.7144354695006125
8.693840409365569 0.6675679811182876
8.758719815405609 0.6178914594687928
8.823599221445653 0.5656149364497844
8.888478627485693 0.5109583844032709
8.953358033525735 0.4541517905025548
9.018237439565777 0.3954341889981934
9.083116845605817 0.335052655395095
9.14799625164586 0.2732612667931326
9.2128756576859 0.21032003276604486
9.277755063725943 0.14649380127726958
9.342634469765985 0.08205114423654841
9.407513875806025 0.017263227386657466
9.472393281846069 -0.04759733072435119
9.537272687886109 -0.11225760588408401
9.60215209392615 -0.17644551664297783
9.667031499966193 -0.23989096919519873
9.731910906006233 -0.30232699389583867
9.796790312046275 -0.3634908686320757
9.861669718086317 -0.42312522432129357
9.926549124126359 -0.4809791278844121
9.991428530166399 -0.536809138137399
10.05630793620644 -0.5903803301579378
10.121187342246483 -0.6414672838168355
10.186066748286525 -0.6898550323145973
10.250946154326567 -0.735339966731835
10.315825560366607 -0.7777306927872949
10.380704966406649 -0.8168488361983937
10.44558437244669 -0.8525297932553959
10.51046377848673 -0.8846234234509479
10.575343184526774 -0.9129946812504647
10.640222590566816 -0.9375241843449588
10.705101996606857 -0.9581087159952091
10.769981402646899 -0.9746616593534497
10.834860808686939 -0.987113361935022
10.899740214726982 -0.9954114287063512
10.964619620767024 -0.9995209425559617
11.029499026807065 -0.9994246112208303
11.094378432847106 -0.9951228400498244
11.159257838887147 -0.9866337302980508
11.224137244927189 -0.973993002959289
11.289016650967232 -0.9572538484570167
11.353896057007272 -0.9364867028265021
11.418775463047314 -0.9117789513297553
11.483654869087355 -0.8832345607504973
11.548534275127396 -0.8509736419163821
11.61341368116744 -0.8151319442893333
11.67829308720748 -0.7758602847506815
11.743172493247522 -0.7333239129846822
11.808051899287562 -0.687701816130828
11.872931305327604 -0.6391859656308352
11.937810711367648 -0.5879805094395097
12.002690117407688 -0.5343009129985348
12.06756952344773 -0.4783730525878295
12.13244892948777 -0.4204322648695779
12.197328335527812 -0.36072235662425506
12.262207741567854 -0.2994945788455963
12.327087147607894 -0.2370065695113373
12.391966553647938 -0.17352126947841034
12.45684595968798 -0.10930581606438651
12.52172536572802 -0.04463041897076221
12.586604771768062 0.02023277672190189
12.651484177808102 0.08501083570263884
12.716363583848146 0.14943118090393964
12.781242989888188 0.21322274046814335
12.846122395928228 0.2761170883801491
12.91100180196827 0.33784957396677207
12.97588120800831 0.3981604355099775
13.040760614048354 0.45679589328809633
13.105640020088396 0.5135092174455986
13.170519426128436 0.5680617661980425
13.235398832168478 0.6202239900035285
13.300278238208518 0.669776397475253
13.36515764424856 0.7165104789707653
13.430037050288604 0.7602295839715489
13.494916456328644 0.8007497485610682
13.559795862368686 0.8379004695193659
13.624675268408726 0.8715254217768997
13.689554674448768 0.9014831162087134
13.754434080488812 0.9276474950010003
13.819313486528852 0.9499084620848621
13.884192892568894 0.9681723464052671
13.949072298608934 0.9823622960758223
14.013951704648976 0.9924186017608331
14.07883111068902 0.998298947923885
14.14371051672906 0.9999785908857394
14.208589922769102 0.997450462942297
14.273469328809142 0.9907252021045138
14.338348734849184 0.9798311073351288
14.403228140889226 0.9648140194705641
14.468107546929266 0.9457371283290571
14.53298695296931 0.9226807068166866
14.59786635900935 0.8957417731501491
14.662745765049392 0.8650336826175808
14.727625171089434 0.8306856505952693
14.792504577129474 0.79284220882731
14.857383983169518 0.7516625972561132
14.922263389209558 0.7073200939628743
14.9871427952496 0.6600012860374797
15.052022201289642 0.6099052844459814
15.116901607329682 0.5572428861993268
15.181781013369726 0.5022356873488323
15.246660419409766 0.4451151505408187
15.311539825449808 0.38612163105395103
15.37641923148985 0.3255033654176528
15.44129863752989 0.2635154268672918
15.506178043569932 0.20041865203145734
15.571057449609974 0.13647854336769583
15.635936855650016 0.07196415196506965
15.700816261690058 0.00714694541457642
15.765695667730098 -0.05770033448873609
15.83057507377014 -0.12230481940533716
15.89545447981018 -0.18639466264324264
15.960333885850224 -0.24970018305112168
16.025213291890267 -0.31195499979907615
16.090092697930306 -0.3728971532721511
16.154972103970348 -0.43227020735999494
16.21985151001039 -0.48982432850433955
16.28473091605043 -0.5453173369639001
16.349610322090474 -0.5985157258730578
16.414489728130512 -0.6491956438062888
16.479369134170557 -0.6971438367138584
16.544248540210596 -0.7421585452651895
16.609127946250638 -0.7840503538241164
16.67400735229068 -0.8226429874835219
16.73888675833072 -0.8577740538056573
16.803766164370764 -0.8892957261469426
16.868645570410806 -0.9170753656919344
16.933524976450848 -0.9409960795790228
16.99840438249089 -0.9609572127693448
17.063283788530928 -0.9768747715891943
17.128163194570973 -0.9886817771637298
17.19304260061101 -0.9963285472547607
17.257922006651054 -0.9997829053167089
17.322801412691096 -0.9990303158910329
17.387680818731138 -0.9940739457694199
17.45256022477118 -0.9849346506683658
17.517439630811218 -0.9716508874712206
17.582319036851263 -0.9542785524069644
17.647198442891305 -0.9328907458466541
17.712077848931344 -0.9075774647072173
17.776957254971386 -0.8784452237569342
17.841836661011428 -0.8456166074161068
17.90671606705147 -0.8092297539388527
17.97159547309151 -0.7694377741465358
18.036474879131553 -0.7264081071587137
18.101354285171595 -0.6803218158325977
18.166233691211634 -0.631372824875722
18.23111309725168 -0.5797671048377171
18.29599250329172 -0.525721805414897
18.36087190933176 -0.46946434171449725
18.4257513153718 -0.4112314373235185
18.490630721411843 -0.35126812820879405
18.555510127451885 -0.2898267316396913
18.620389533491927 -0.22716578447211977
18.68526893953197 -0.1635489552613796
18.75014834557201 -0.09924393478153344
18.81502775161205 -0.03452130961984355
18.87990715765209 0.0303465764139876
18.944786563692137 0.09508676827269295
19.009665969732175 0.15942684822833328
19.074545375772217 0.22309608216825977
19.13942478181226 0.28582655880659064
19.2043041878523 0.3473543170176778
19.269183593892343 0.40742045654782744
19.334062999932385 0.4657722274315781
19.398942405972427 0.5221640935284214
19.463821812012466 0.5763587657047465
19.528701218052507 0.6281282003135413
19.59358062409255 0.677254558770341
19.65846003013259 0.7235311241877224
19.723339436172633 0.766763171211228
19.788218842212675 0.8067687853965885
19.853098248252717 0.8433796286804175
19.91797765429276 0.8764416477233814
19.982857060332798 0.9058157221452351
20.047736466372843 0.9313782499240512
20.11261587241288 0.9530216674963299
20.177495278452923 0.9706549023695417
20.242374684492965 0.9842037563425019
20.307254090533007 0.9936112177210931
20.37213349657305 0.9988377012155477
20.43701290261309 0.9998612145098448
20.501892308653133 0.9966774508023185
20.566771714693175 0.9892998069280813
20.631651120733213 0.9777593269870041
20.696530526773255 0.9621045717144572
20.761409932813297 0.9424014141444897
20.82628933885334 0.9187327624252574
20.89116874489338 0.8911982109530595
20.956048150933423 0.8599136212929647
21.02092755697346 0.8250106346494526
21.085806963013503 0.7866361179385163
21.15068636905355 0.7449515457921053
21.21556577509359 0.7001323210953221
21.280445181133633 0.652367036915452
21.34532458717367 0.601856682928564
21.410203993213713 0.5488137996828798
21.475083399253755 0.4934615842577082
21.539962805293797 0.43603295108115037
21.60484221133384 0.3767695518585667
21.669721617373877 0.31592075873579506
21.73460102341392 0.2537426149758127
21.799480429453965 0.1904967575642941
21.864359835494007 0.12644931627754577
21.92923924153405 0.06186979384538408
21.994118647574087 -0.002970068078871309
22.05899805361413 -0.06779743236951796
22.12387745965417 -0.1323395144891477
22.188756865694213 -0.19632473032807513
22.253636271734255 -0.2594838389925149
22.318515677774293 -0.32155107573283315
22.383395083814335 -0.38226527024468365
22.448274489854377 -0.44137094563732354
22.513153895894423 -0.4986193934448729
22.578033301934465 -0.5537697201569507
22.642912707974503 -0.6065898608650966
22.707792114014545 -0.6568575557596451
22.772671520054587 -0.7043612853680952
22.83755092609463 -0.748901160599659
22.90243033213467 -0.7902897638507667
22.96730973817471 -0.8283529376322878
23.03218914421475 -0.8629305174000443
23.097068550254793 -0.8938770055049359
23.161947956294835 -0.9210621834268305
23.22682736233488 -0.9443716597159947
23.291706768374915 -0.9637073513364057
23.35658617441496 -0.9789878963855496
23.421465580455003 -0.9901489964539755
23.486344986495045 -0.9971436871840799
23.551224392535087 -0.9999425358895895
23.616103798575125 -0.9985337654042142
23.680983204615167 -0.9929233036383261
23.74586261065521 -0.9831347586351361
23.81074201669525 -0.9692093192313302
23.875621422735296 -0.9512055817401694
23.94050082877533 -0.9291993033863553
24.005380234815377 -0.903283083530142
24.07025964085542 -0.8735659740221241
24.13513904689546 -0.8401730203281906
24.200018452935502 -0.8032447353555935
24.26489785897554 -0.7629365081941681
24.329777265015583 -0.7194179502606342
24.394656671055625 -0.6728721815973449
24.459536077095667 -0.6234950603285953
24.52441548313571 -0.571494358516863
24.589294889175747 -0.517088887886855
24.65417429521579 -0.4605075790961737
24.719053701255834 -0.40198851842694816
24.783933107295876 -0.341777945951856
24.84881251333592 -0.28012921939011043
24.91369191937596 -0.21730174801340918
24.978571325416 -0.15355990108777987
25.04345073145604 -0.08917189544444387
25.108330137496083 -0.024408666860695774
25.173209543536124 0.04045727000019908
25.238088949576166 0.1051529682928224
25.302968355616205 0.16940619751198313
25.367847761656247 0.2329465890008551
25.432727167696292 0.2955067736246838
25.497606573736334 0.3568235068229393
25.562485979776376 0.416638776305851
25.627365385816415 0.4747008877342403
25.692244791856456 0.5307655238143282
25.7571241978965 0.5845967723509263
25.82200360393654 0.635968118933174
25.886883009976582 0.6846634000756874
25.95176241601662 0.7304777128044564
26.016641822056663 0.7732182768600852
26.081521228096708 0.8127052458903128
26.14640063413675 0.8487724642184653
26.211280040176792 0.8812681660034565
26.27615944621683 0.9100556138493403
26.341038852256872 0.9350136741772737
26.405918258296914 0.9560373269387681
26.470797664336956 0.9730381075254618
26.535677070376998 0.9859444790158928
26.600556476417037 0.9947021331929192
26.66543588245708 0.9992742190651503
26.73031528849712 0.9996414979307924
26.795194694537166 0.9958024243314331
26.860074100577208 0.9877731525551164
26.924953506617246 0.975587468661344
26.98983291265729 0.9592966483140303
27.05471231869733 0.9389692410206409
27.119591724737372 0.9146907816853916
27.184471130777414 0.8865634306902621
27.249350536817452 0.8547055440183113
27.314229942857494 0.8192511752281462
27.379109348897536 0.7803495113751919
27.443988754937582 0.738164245253292
27.508868160977624 0.6928728865981972
27.573747567017662 0.6446660151512618
27.638626973057704 0.5937464787263822
27.703506379097746 0.5403285396546076
27.768385785137788 0.48463697319802435
27.83326519117783 0.4269061217267015
27.89814459721787 0.36737890863857614
27.96302400325791 0.3063058161715502
28.027903409297952 0.24394383140907203
28.092782815337994 0.18055536491419946
28.15766222137804 0.1164071465424274
28.222541627418074 0.051769103079554735
28.28742103345812 -0.013086777572761278
28.352300439498162 -0.077887590884216
28.417179845538204 -0.142360664040238
28.482059251578246 -0.2062347033112679
28.546938657618284 -0.26924093561906026
28.611818063658326 -0.33111423949644914
28.676697469698368 -0.39159426068160696
28.74157687573841 -0.45042650765260117
28.806456281778452 -0.5073634224923381
28.87133568781849 -0.5621654225778632
28.936215093858532 -0.6146019087107458
29.001094499898578 -0.6644522354464361
29.06597390593862 -0.7115066395396253
29.13085331197866 -0.7555671225988368
29.1957327180187 -0.7964482842361204
29.260612124058742 -0.8339781022061243
29.325491530098784 -0.8679986562517785
29.390370936138826 -0.8983667926107921
29.455250342178868 -0.9249547263867842
29.520129748218906 -0.9476505792503632
29.585009154258948 -0.9663588502075896
29.649888560298994 -0.9810008174548763
29.714767966339036 -0.9915148696293977
29.779647372379078 -0.9978567650611431
29.844526778419116 -0.9999998179357104
29.909406184459158 -0.9979350105845056
29.9742855904992 -0.9916710314298375
30.03916499653924 -0.9812342384252446
30.104044402579284 -0.9666685481448914
30.168923808619322 -0.9480352509887295
30.233803214659364 -0.9254127532810101
30.298682620699406 -0.8988962473473773
30.36356202673945 -0.8685973109587881
30.428441432779493 -0.8346434378277707
30.493320838819532 -0.7971775011325969
30.558200244859574 -0.7563571523268059
30.623079650899616 -0.7123541577638144
30.687959056939658 -0.6653536759279697
30.7528384629797 -0.6155534783133879
30.817717869019738 -0.5631631172290021
30.88259727505978 -0.5084030440315637
30.947476681099822 -0.45150368149699505
31.012356087139864 -0.3927044542333679
31.07723549317991 -0.3322527812154339
31.142114899219948 -0.2704030346799886
31.20699430525999 -0.2074154697628258
31.27187371130003 -0.14355512938133688
31.336753117340074 -0.07909072897074089
31.401632523380115 -0.014293525766890062
31.466511929420154 0.05056382260646805
31.531391335460196 0.11520840544308394
31.596270741500238 0.17936820732449993
31.66115014754028 0.24277325272313288
31.726029553580325 0.30515674202176524
31.79090895962036 0.366256174169227
31.855788365660406 0.4258144512483792
31.920667771700447 0.48358096030834397
31.98554717774049 0.5393126279090145
32.050426583780535 0.5927749429402848
32.11530598982057 0.6437429434121881
32.18018539586061 0.6920021630637191
32.245064801900654 0.7373495338070022
32.309944207940696 0.7795942402096027
32.37482361398074 0.8185585224193358
