0.0 0.0
0.0618545148044815 0.0618150799826629
0.123709029608963 0.12339373203884574
0.18556354441344453 0.184500432522455
0.247418059217926 0.24490146288951345
0.3092725740224075 0.30436580361580556
0.37112708882688905 0.3626660177914162
0.4329816036313705 0.4195791210126244
0.494836118435852 0.47488743424402485
0.5566906332403335 0.5283794163888808
0.618545148044815 0.5798504733833265
0.6803996628492965 0.6291037407198288
0.7422541776537781 0.6759508364069381
0.8041086924582594 0.7202125814854421
0.865963207262741 0.7617196853451171
0.9278177220672225 0.8003133932209043
0.989672236871704 0.8358460933919937
1.0515267516761855 0.868181881761423
1.113381266480667 0.8971970816568103
1.1752357812851486 0.9227807168641057
1.23709029608963 0.9448349360851213
1.2989448108941115 0.9632753871953914
1.360799325698593 0.9780315398709145
1.4226538405030746 0.9890469553498079
1.4845083553075562 0.9962795022971009
1.5463628701120373 0.9997015179470348
1.6082173849165189 0.9992999139065389
1.6700718997210005 0.9950762262152109
1.731926414525482 0.9870466094703304
1.7937809293299636 0.9752417750393821
1.855635444134445 0.9597068735964044
1.9174899589389265 0.9405013224314379
1.979344473743408 0.9176985781935743
2.0411989885478894 0.8913858559368054
2.103053503352371 0.8616637955432598
2.1649080181568525 0.8286460767996744
2.226762532961334 0.7924589845993446
2.2886170477658156 0.7532409259325494
2.350471562570297 0.7111419005128503
2.4123260773747788 0.6663229270639889
2.47418059217926 0.618955427461703
2.536035106983742 0.5692205710859656
2.597889621788223 0.5173085818913538
2.659744136592704 0.46341801084582107
2.721598651397186 0.4077549765206393
2.7834531662016673 0.3505323767360633
2.8453076810061493 0.29196907427797897
2.9071621958106304 0.23228905979999337
2.9690167106151124 0.17172059511264187
3.0308712254195935 0.11049534013645246
3.0927257402240746 0.04884746685803812
3.1545802550285567 -0.012987236321855654
3.2164347698330378 -0.07477226642270142
3.27828928463752 -0.1362713104516463
3.340143799442001 -0.19724914924429782
3.4019983142464825 -0.25747255712189043
3.463852829050964 -0.3167111939238342
3.5257073438554456 -0.3747384860038518
3.587561858659927 -0.4313324928200953
3.6494163734644087 -0.48627675580474405
3.71127088826889 -0.5393611262663606
3.773125403073372 -0.5903825691584774
3.834979917877853 -0.6391459396401841
3.896834432682335 -0.68546472945857
3.958688947486816 -0.7291617802982696
4.020543462291298 -0.7700699613697386
4.082397977095779 -0.8080328086446273
4.144252491900261 -0.8429051232933469
4.206107006704742 -0.8745535270359316
4.267961521509224 -0.9028569722821284
4.329816036313705 -0.9277072051095331
4.391670551118187 -0.9490091793090081
4.453525065922668 -0.9666814199137435
4.51537958072715 -0.9806563348215598
4.577234095531631 -0.9908804733185644
4.639088610336112 -0.997314730515375
4.700943125140594 -0.9999344969139872
4.7627976399450755 -0.99872975253323
4.8246521547495576 -0.9937051052328033
4.886506669554039 -0.9848797730893135
4.94836118435852 -0.9722875108917177
5.010215699163001 -0.9559764810373128
5.072070213967484 -0.9360090693220612
5.133924728771965 -0.912461646329814
5.195779243576446 -0.8854242753330532
5.257633758380927 -0.8550003678223735
5.319488273185408 -0.8213062879822132
5.381342787989891 -0.7844709076256222
5.443197302794372 -0.7446351132903417
5.505051817598853 -0.7019512673814183
5.5669063324033345 -0.6565826254213762
5.628760847207816 -0.6087027116368092
5.690615362012299 -0.5584946552696308
5.75246987681678 -0.5061504901514398
5.814324391621261 -0.45187042021994206
5.876178906425742 -0.3958620537866807
5.938033421230225 -0.33833960948479447
5.999887936034706 -0.2795230969338839
6.061742450839187 -0.21963747525571994
6.123596965643668 -0.15891179265930447
6.185451480448149 -0.09757831038614011
6.247305995252632 -0.03587161436641742
6.309160510057113 0.025972282016168406
6.371015024861594 0.08771684061928747
6.4328695396660756 0.14912590324390393
6.494724054470558 0.20996459488302208
6.55657856927504 0.27000022206252383
6.618433084079521 0.32900316283816816
6.680287598884002 0.38674774504472187
6.742142113688484 0.44301310943812444
6.803996628492965 0.4975840544293784
6.865851143297447 0.5502518591792669
6.927705658101928 0.6008150819057382
6.98956017290641 0.6490803303506472
7.051414687710891 0.6948630014589761
7.113269202515372 0.737987987441463
7.175123717319854 0.7782903455200973
7.236978232124335 0.8156159287948744
7.2988327469288174 0.8498219758188995
7.360687261733299 0.8807776566268422
7.42254177653778 0.9083645731283297
7.484396291342262 0.9324772119523819
7.546250806146744 0.9530233480108685
7.608105320951225 0.9699243972374605
7.669959835755706 0.9831157171529266
7.731814350560187 0.9925468541071861
7.79366886536467 0.9981817362524786
7.855523380169151 0.999998811509571
7.917377894973632 0.9979911299993172
7.979232409778113 0.9921663706242866
8.041086924582595 0.9825468116987942
8.102941439387077 0.969169245739667
8.164795954191558 0.9520848387436486
8.22665046899604 0.9313589344896724
8.288504983800522 0.9070708046145075
8.350359498605002 0.8793133454176671
8.412214013409484 0.848192722555234
8.474068528213966 0.813827964981571
8.535923043018448 0.7763505096919774
8.597777557822928 0.7359036990075575
8.65963207262741 0.6926422323250504
8.721486587431892 0.6467315744285699
8.783341102236374 0.5983473226262944
8.845195617040854 0.5476745351326793
8.907050131845336 0.49490702326495095
8.968904646649817 0.4402466101610893
9.0307591614543 0.38390235885448404
9.09261367625878 0.32608977265775113
9.154468191063263 0.26702997091397773
9.216322705867743 0.2069488432680325
9.278177220672225 0.1460761856925759
9.340031735476707 0.08464482157332613
9.401886250281189 0.02288971121517365
9.463740765085669 -0.038952946824899484
9.525595279890151 -0.10064661914092966
9.587449794694631 -0.16195534216177976
9.649304309499115 -0.22264462465549303
9.711158824303595 -0.28248234460226457
9.773013339108077 -0.3412396370057867
9.834867853912558 -0.3986917692472121
9.89672236871704 -0.4546190006337956
9.958576883521522 -0.5088074228545828
10.020431398326002 -0.5610497781286474
10.082285913130484 -0.6111462519166383
10.144140427934968 -0.6589052371636912
10.205994942739448 -0.7041440671506793
10.26784945754393 -0.7466897141508254
10.32970397234841 -0.7863794512194424
10.391558487152892 -0.8230614745856681
10.453413001957374 -0.856595484265646
10.515267516761854 -0.8868532206764804
10.577122031566336 -0.9137189551985287
10.638976546370817 -0.9370899328097432
10.7008310611753 -0.9568767650991103
10.762685575979782 -0.9730037721559803
10.824540090784263 -0.9854092720276673
10.886394605588745 -0.9940458166381937
10.948249120393225 -0.9988803732658547
11.010103635197707 -0.999894450885495
11.071958150002189 -0.9970841708922666
11.133812664806669 -0.9904602819363667
11.195667179611151 -0.9800481188120153
11.257521694415631 -0.9658875055579159
11.319376209220115 -0.9480326031398104
11.381230724024597 -0.9265517022977171
11.443085238829077 -0.9015269623501463
11.50493975363356 -0.8730540969543168
11.56679426843804 -0.8412420080242676
11.628648783242522 -0.8062123692070235
11.690503298047004 -0.7680991605099434
11.752357812851484 -0.7270481558591686
11.814212327655968 -0.6832163655491453
11.87606684246045 -0.636771435715736
11.93792135726493 -0.5878910071297547
11.999775872069412 -0.5367620357634189
12.061630386873892 -0.48358007772838885
12.123484901678374 -0.4285485413203057
12.185339416482856 -0.37187790903062146
12.247193931287336 -0.313784932501305
12.30904844609182 -0.25449180350153977
12.370902960896299 -0.19422530409726163
12.432757475700782 -0.13321593926385394
12.494611990505264 -0.07169705525967153
12.556466505309745 -0.009903947132274915
12.618321020114227 0.05192704122896138
12.680175534918707 0.11355942105180282
12.742030049723189 0.17475746319427604
12.80388456452767 0.23528709975235906
12.865739079332151 0.2949168193138505
12.927593594136635 0.3534185524342694
12.989448108941115 0.4105685439480243
13.051302623745597 0.46614820877853785
13.11315713855008 0.519944967973973
13.17501165335456 0.571753061770991
13.236866168159041 0.6213743365767375
13.298720682963522 0.6686190028590289
13.360575197768004 0.7133063610460241
13.422429712572487 0.7552654926589474
13.484284227376968 0.7943359140344733
13.54613874218145 0.8303681901364445
13.60799325698593 0.863224506109203
13.669847771790412 0.8927791943865292
13.731702286594894 0.9189192153400801
13.793556801399374 0.9415445896289901
13.855411316203856 0.960568780596987
13.917265831008336 0.9759190252544437
13.97912034581282 0.9875366125794497
14.040974860617302 0.9953771080734524
14.102829375421782 0.9994105237126114
14.164683890226264 0.999621432644831
14.226538405030745 0.9960090281937869
14.288392919835227 0.98858712694427
14.350247434639709 0.9773841158970487
14.412101949444189 0.9624428438953665
14.47395646424867 0.9438204577383422
14.535810979053151 0.9215881836081067
14.597665493857635 0.8958310546466521
14.659520008662117 0.8666475857243673
14.721374523466597 0.8341493966441665
14.78322903827108 0.798460785222386
14.84508355307556 0.7597182518793096
14.906938067880041 0.7180699775576349
14.968792582684523 0.6736752569657434
15.030647097489004 0.6267038893134594
15.092501612293487 0.5773355288705958
15.154356127097968 0.5257589978322682
15.21621064190245 0.4721715641190483
15.278065156706932 0.4167781868742691
15.339919671511412 0.35979073254421645
15.401774186315894 0.30142716453953733
15.463628701120374 0.2419107095772302
15.525483215924856 0.18146900389172071
15.58733773072934 0.12033322258060875
15.64919224553382 0.05873719541510075
15.711046760338302 -0.00308348750306907
15.772901275142782 -0.06489237681752615
15.834755789947264 -0.1264530682796222
15.896610304751746 -0.18753010693824734
15.958464819556227 -0.2478898876988234
16.02031933436071 -0.3073015488070389
16.08217384916519 -0.36553785483993717
16.14402836396967 -0.42237606582719256
16.205882878774155 -0.47759878917832194
16.267737393578635 -0.530994811157445
16.329591908383115 -0.5823599047254289
16.391446423187595 -0.6314976106595542
16.45330093799208 -0.6782199889631555
16.515155452796563 -0.722348337691241
16.577009967601043 -0.7637138764427849
16.638864482405523 -0.8021583919054799
16.700718997210004 -0.8375348429838858
16.762573512014487 -0.8697079231965271
16.824428026818968 -0.8985545781908815
16.886282541623448 -0.923964476396918
16.94813705642793 -0.945840431019011
17.009991571232412 -0.9640987717522338
17.071846086036896 -0.9786696648013116
17.133700600841376 -0.9894973799782122
17.195555115645856 -0.9965405038568195
17.25740963045034 -0.9997720981693995
17.31926414525482 -0.9991798028390458
17.3811186600593 -0.9947658832540242
17.442973174863784 -0.9865472216032016
17.504827689668264 -0.974555252305706
17.566682204472748 -0.9588358417817723
17.62853671927723 -0.939449113024638
17.69039123408171 -0.916469215644439
17.752245748886192 -0.8899840422636508
17.814100263690673 -0.8600948923487927
17.875954778495153 -0.8269160847641371
17.937809293299633 -0.7905745205293465
17.999663808104117 -0.7512091974533592
18.0615183229086 -0.7089706785009534
18.12337283771308 -0.664020515925341
18.18522735251756 -0.6165306333693535
18.24708186732204 -0.5666826682985521
18.308936382126525 -0.5146672772812699
18.370790896931005 -0.4606834067727586
18.432645411735486 -0.40493753219246414
18.49449992653997 -0.34764286820483936
18.55635444134445 -0.2890185532241544
18.61820895614893 -0.22928881126234726
18.680063470953414 -0.16868209432570794
18.741917985757894 -0.10743020864049281
18.803772500562378 -0.04576742804941435
18.865627015366858 0.016070402029861236
18.927481530171338 0.07784676665716804
18.989336044975822 0.1393253859830229
19.051190559780302 0.20027111896264224
19.113045074584782 0.2604508627143344
19.174899589389263 0.3196344440823693
19.236754104193746 0.3775954999943667
19.29860861899823 0.4341123432460082
19.36046313380271 0.48896881040168666
19.42231764860719 0.5419550885680584
19.48417216341167 0.5928685178782708
19.546026678216155 0.6415143666175868
19.607881193020635 0.6877065760257026
19.669735707825115 0.7312684719271134
19.7315902226296 0.772033440467655
19.79344473743408 0.8098455653727217
19.855299252238563 0.8445602242898169
19.917153767043043 0.8760446419345156
19.979008281847527 0.9041783979242501
20.040862796652004 0.928853887357516
20.102717311456487 0.9499767323769542
20.164571826260968 0.9674661431421093
20.22642634106545 0.9812552268313007
20.288280855869935 0.9912912434906908
20.350135370674412 0.9975358077520231
20.411989885478896 0.9999650356474955
20.473844400283376 0.9985696359602323
20.53569891508786 0.9933549457609732
20.59755342989234 0.9843409099950524
20.65940794469682 0.9715620051977417
20.7212624595013 0.9550671076297329
20.783116974305784 0.9349193063371051
20.844971489110268 0.9111956618507862
20.906826003914748 0.8839869114484133
20.96868051871923 0.8533971221059004
21.03053503352371 0.8195432924660986
21.092389548328192 0.7825549053469102
21.154244063132673 0.7425734325004247
21.216098577937156 0.699751793517219
21.277953092741633 0.6542537709454445
21.339807607546117 0.6062533838616431
21.4016621223506 0.5559342222893489
21.46351663715508 0.5034887450110512
21.525371151959565 0.44911754345928184
21.58722566676404 0.39302857450228895
21.649080181568525 0.3354363650586146
21.710934696373005 0.27656119158288117
21.77278921117749 0.2166282375608903
21.83464372598197 0.15586673223656827
21.89649824078645 0.09450907386479813
21.95835275559093 0.03278994084357882
22.020207270395414 -0.029054605874839372
22.082061785199897 -0.09078802566074189
22.143916300004378 -0.15217420291840653
22.205770814808858 -0.21297835017190642
22.267625329613338 -0.27296790607115407
22.329479844417822 -0.331913424883563
22.391334359222302 -0.38958945406919593
22.453188874026786 -0.4457753965829404
22.515043388831263 -0.5002563546055239
22.576897903635746 -0.5528239514764166
22.63875241844023 -0.6032771286847812
22.70060693324471 -0.6514229148703085
22.762461448049194 -0.6970771638926156
22.82431596285367 -0.7400652591462589
22.886170477658155 -0.7802227814276006
22.948024992462635 -0.8173961377989846
23.00987950726712 -0.8514431490450899
23.071734022071603 -0.8822335934744756
23.13358853687608 -0.9096497049864741
23.195443051680563 -0.9335866234984267
23.257297566485043 -0.9539527960104509
23.319152081289527 -0.9706703267738306
23.381006596094007 -0.9836752752236503
23.442861110898487 -0.9929179005362024
23.504715625702968 -0.9983628518757603
23.56657014050745 -0.9999893036030894
23.628424655311935 -0.9977910349285448
23.690279170116415 -0.991776453705109
23.7521336849209 -0.9819685642703591
23.813988199725376 -0.9684048794603693
23.87584271452986 -0.9511372771320604
23.93769722933434 -0.930231801742789
23.999551744138824 -0.9057684117460524
24.061406258943308 -0.877840673769497
24.123260773747784 -0.8465554047449
24.185115288552268 -0.8120322633588873
24.24696980335675 -0.7744032923870426
24.308824318161232 -0.7338124136617842
24.370678832965712 -0.690414877605727
24.432533347770192 -0.6443766694358575
24.494387862574673 -0.5958738743097052
24.556242377379156 -0.5450920038416398
24.61809689218364 -0.49222528656523434
24.67995140698812 -0.4374759250554779
24.741805921792597 -0.38105332255218693
24.80366043659708 -0.32317328204258705
24.865514951401565 -0.264057180866423
24.927369466206045 -0.2039311240004544
24.98922398101053 -0.14302507926088096
25.051078495815005 -0.0815719977313633
25.11293301061949 -0.01980692278068839
25.17478752542397 0.04203390892196489
25.236642040228453 0.10371397095594119
25.298496555032937 0.16499735180618358
25.360351069837414 0.22564965716847693
25.422205584641898 0.28543890645173886
25.484060099446378 0.34413642004836476
25.54591461425086 0.4015176939791854
25.60776912905534 0.45736325856757076
25.669623643859822 0.5114595178585818
25.731478158664302 0.5635995665725021
25.793332673468786 0.6135839814681536
25.85518718827327 0.6612215840891854
25.91704170307775 0.7063301719760442
25.97889621788223 0.7487372155468973
26.04075073268671 0.7882805179820946
26.102605247491194 0.8248088355882943
26.164459762295674 0.8581824562694815
26.22631427710016 0.8882737338924027
26.288168791904635 0.9149675765025409
26.35002330670912 0.9381618865233906
26.411877821513603 0.9577679512552983
26.473732336318083 0.9737107821803755
26.535586851122567 0.9859294017756816
26.597441365927043 0.9943770767376878
26.659295880731527 0.9990214967260165
26.721150395536007 0.9998448979427734
26.78300491034049 0.9968441310748399
26.844859425144975 0.9900306733392417
26.90671393994945 0.9794305845855351
26.968568454753935 0.965084407623098
27.030422969558416 0.9470470131545683
27.0922774843629 0.9253873899084952
27.15413199916738 0.9001883807739278
27.21598651397186 0.8715463659461297
27.27784102877634 0.8395708942953416
27.339695543580824 0.8043842643684977
27.401550058385308 0.7661210566264801
27.463404573189788 0.7249276187059757
27.525259087994268 0.6809615056746915
27.58711360279875 0.6343908774208347
27.648968117603232 0.5853938554816712
27.710822632407712 0.5341578417711739
27.772677147212196 0.48087880181241105
27.834531662016673 0.4257605152162221
27.896386176821157 0.3690137962728085
27.95824069162564 0.3108556876374331
28.02009520643012 0.25150863019404746
28.081949721234604 0.19119961227199683
28.14380423603908 0.13015930146986737
28.205658750843565 0.06862116240693682
28.267513265648045 0.006820563776780014
28.32936778045253 -0.05500612188184687
28.391222295257013 -0.11662242225351976
28.45307681006149 -0.17779266969631755
28.51493132486597 -0.23828290261432258
28.576785839670453 -0.2978617603048533
28.638640354474937 -0.35630136785793637
28.700494869279417 -0.4133782077234504
28.762349384083898 -0.4688739746124107
28.824203898888378 -0.522576410462583
28.88605841369286 -0.5742801162749144
28.94791292849734 -0.6237873377156674
29.009767443301826 -0.6709087214795649
29.071621958106302 -0.7154640395209623
29.133476472910786 -0.7572828783831347
29.19533098771527 -0.7962052909890407
29.25718550251975 -0.8320824084007331
29.319040017324234 -0.8647770092075164
29.38089453212871 -0.8941640443650744
29.442749046933194 -0.920131115478238
29.504603561737675 -0.9425789046979962
29.56645807654216 -0.9614215545885805
29.628312591346642 -0.9765869965116528
29.69016710615112 -0.9880172262716496
29.752021620955603 -0.9956685259679883
29.813876135760083 -0.9995116312055942
29.875730650564567 -0.999531843024233
29.937585165369047 -0.9957290841185228
29.999439680173527 -0.988117899133609
30.061294194978007 -0.9767273990353684
30.12314870978249 -0.9616011497679118
30.185003224586975 -0.9427970056242493
30.246857739391455 -0.9203868879674278
30.308712254195935 -0.8944565101484808
30.370566769000416 -0.8651050496733227
30.4324212838049 -0.832444768872458
30.49427579860938 -0.7966005855243706
30.556130313413863 -0.7577095950748236
30.61798482821834 -0.7159205462795213
30.679839343022824 -0.6713932722755946
30.741693857827308 -0.624298079258034
30.803548372631788 -0.5748150950991258
30.86540288743627 -0.5231335804023288
